6.933427408185021124e-01 6.931481209336495253e-01 0.000000000000000000e+00 5.000000000000000000e-01 4.998663751214773576e-01 0.000000000000000000e+00 4.998663751214773576e-01 0.000000000000000000e+00 0.000000000000000000e+00 0.000000000000000000e+00 
6.932119892929193838e-01 6.931699094723682286e-01 0.000000000000000000e+00 5.009047923777019129e-01 5.000334062196307716e-01 0.000000000000000000e+00 5.000334062196307716e-01 0.000000000000000000e+00 0.000000000000000000e+00 0.000000000000000000e+00 
6.932059809514686810e-01 6.933853334310103866e-01 0.000000000000000000e+00 5.013011945392491508e-01 5.001503279883381392e-01 0.000000000000000000e+00 5.001503279883381392e-01 0.000000000000000000e+00 0.000000000000000000e+00 0.000000000000000000e+00 
6.932151032490941889e-01 6.932499572938802812e-01 0.000000000000000000e+00 5.008354664391354572e-01 4.998329689018463640e-01 0.000000000000000000e+00 4.998329689018463640e-01 0.000000000000000000e+00 0.000000000000000000e+00 0.000000000000000000e+00 
6.932293979482846424e-01 6.931580080061542359e-01 0.000000000000000000e+00 4.975113765642775743e-01 4.998830782312925769e-01 0.000000000000000000e+00 0.000000000000000000e+00 0.000000000000000000e+00 4.998830782312925769e-01 0.000000000000000000e+00 
6.932052131602381984e-01 6.931580767339590166e-01 0.000000000000000000e+00 5.007145904436860473e-01 5.001837342079689108e-01 0.000000000000000000e+00 0.000000000000000000e+00 0.000000000000000000e+00 5.001837342079689108e-01 0.000000000000000000e+00 
6.932041204423220471e-01 6.933169985304072913e-01 0.000000000000000000e+00 4.996498151308304547e-01 5.000668124392612102e-01 0.000000000000000000e+00 0.000000000000000000e+00 0.000000000000000000e+00 5.000668124392612102e-01 0.000000000000000000e+00 
6.932299617309212181e-01 6.931484463263530849e-01 0.000000000000000000e+00 4.988712315130830466e-01 5.001670310981533030e-01 0.000000000000000000e+00 0.000000000000000000e+00 0.000000000000000000e+00 5.001670310981533030e-01 0.000000000000000000e+00 
6.932456033628547898e-01 6.931481142433322251e-01 0.000000000000000000e+00 4.974438282138794465e-01 4.997661564625850428e-01 0.000000000000000000e+00 4.997661564625850428e-01 0.000000000000000000e+00 0.000000000000000000e+00 0.000000000000000000e+00 
6.931943516072153200e-01 6.931787035903151928e-01 0.000000000000000000e+00 5.009510096700796611e-01 5.001002186588920928e-01 0.000000000000000000e+00 0.000000000000000000e+00 0.000000000000000000e+00 5.001002186588920928e-01 0.000000000000000000e+00 
6.932131078157816040e-01 6.931854024225351241e-01 0.000000000000000000e+00 5.018771331058020646e-01 5.000334062196303275e-01 0.000000000000000000e+00 0.000000000000000000e+00 0.000000000000000000e+00 5.000334062196303275e-01 0.000000000000000000e+00 
6.932221718513924547e-01 6.931480175378371689e-01 0.000000000000000000e+00 4.982650739476678359e-01 4.998997813411077407e-01 0.000000000000000000e+00 4.998997813411077407e-01 0.000000000000000000e+00 0.000000000000000000e+00 0.000000000000000000e+00 
6.932127161135852589e-01 6.931916073876984719e-01 0.000000000000000000e+00 5.005243885096700707e-01 5.000835155490768180e-01 0.000000000000000000e+00 5.000835155490768180e-01 0.000000000000000000e+00 0.000000000000000000e+00 0.000000000000000000e+00 
6.931929076084097918e-01 6.931925215283218922e-01 0.000000000000000000e+00 5.022006541524459688e-01 5.000501093294460464e-01 0.000000000000000000e+00 0.000000000000000000e+00 0.000000000000000000e+00 5.000501093294460464e-01 0.000000000000000000e+00 
6.931940001635827908e-01 6.934255908946601599e-01 0.000000000000000000e+00 5.017402588168372590e-01 4.999665937803691729e-01 0.000000000000000000e+00 0.000000000000000000e+00 0.000000000000000000e+00 4.999665937803691729e-01 0.000000000000000000e+00 
6.932230520777328264e-01 6.932063206117979881e-01 0.000000000000000000e+00 4.985530432309442928e-01 5.000167031098152748e-01 0.000000000000000000e+00 5.000167031098152748e-01 0.000000000000000000e+00 0.000000000000000000e+00 0.000000000000000000e+00 
6.932102421648266288e-01 6.932025046981110661e-01 0.000000000000000000e+00 5.006950369738338846e-01 4.999999999999998335e-01 0.000000000000000000e+00 0.000000000000000000e+00 0.000000000000000000e+00 4.999999999999998335e-01 0.000000000000000000e+00 
6.932134424256790606e-01 6.931534950830497976e-01 0.000000000000000000e+00 5.006150455062571281e-01 5.000167031098152748e-01 0.000000000000000000e+00 5.000167031098152748e-01 0.000000000000000000e+00 0.000000000000000000e+00 0.000000000000000000e+00 
6.931947910236416766e-01 6.931515974657875834e-01 0.000000000000000000e+00 5.013225255972696415e-01 5.000501093294459354e-01 0.000000000000000000e+00 0.000000000000000000e+00 0.000000000000000000e+00 5.000501093294459354e-01 0.000000000000000000e+00 
6.932243501875587910e-01 6.931517829700392097e-01 0.000000000000000000e+00 4.988658987485778962e-01 5.001002186588922038e-01 0.000000000000000000e+00 5.001002186588922038e-01 0.000000000000000000e+00 0.000000000000000000e+00 0.000000000000000000e+00 
6.932380395537757201e-01 6.931497497217995463e-01 0.000000000000000000e+00 4.972785125142207274e-01 4.999164844509232930e-01 0.000000000000000000e+00 0.000000000000000000e+00 0.000000000000000000e+00 4.999164844509232930e-01 0.000000000000000000e+00 
6.932108146949026439e-01 6.931555702978250411e-01 0.000000000000000000e+00 5.006790386803184889e-01 4.997661564625850983e-01 0.000000000000000000e+00 4.997661564625850983e-01 0.000000000000000000e+00 0.000000000000000000e+00 0.000000000000000000e+00 
6.932073382692531816e-01 6.933906388526059894e-01 0.000000000000000000e+00 4.995733788395904651e-01 5.000668124392614322e-01 0.000000000000000000e+00 5.000668124392614322e-01 0.000000000000000000e+00 0.000000000000000000e+00 0.000000000000000000e+00 
6.932209204183096274e-01 6.931803585315237104e-01 0.000000000000000000e+00 4.997831342434584379e-01 4.998496720116618053e-01 0.000000000000000000e+00 0.000000000000000000e+00 0.000000000000000000e+00 4.998496720116618053e-01 0.000000000000000000e+00 
6.932240344558560086e-01 6.931631388712902186e-01 0.000000000000000000e+00 4.989992178612058793e-01 4.999498906705538426e-01 0.000000000000000000e+00 0.000000000000000000e+00 0.000000000000000000e+00 4.999498906705538426e-01 0.000000000000000000e+00 
6.932325182717814505e-01 6.931904414478613496e-01 0.000000000000000000e+00 4.985974829351536020e-01 4.999164844509231820e-01 0.000000000000000000e+00 0.000000000000000000e+00 0.000000000000000000e+00 4.999164844509231820e-01 0.000000000000000000e+00 
6.932185882085826201e-01 6.931957030782893714e-01 0.000000000000000000e+00 4.987699089874857439e-01 5.000501093294461574e-01 0.000000000000000000e+00 0.000000000000000000e+00 0.000000000000000000e+00 5.000501093294461574e-01 0.000000000000000000e+00 
6.932118124624161437e-01 6.932256440727078139e-01 0.000000000000000000e+00 5.000195534698521627e-01 5.001169217687074786e-01 0.000000000000000000e+00 5.001169217687074786e-01 0.000000000000000000e+00 0.000000000000000000e+00 0.000000000000000000e+00 
6.932157638435071378e-01 6.932054904042458388e-01 0.000000000000000000e+00 5.006505972696245754e-01 5.000167031098153858e-01 0.000000000000000000e+00 0.000000000000000000e+00 0.000000000000000000e+00 5.000167031098153858e-01 0.000000000000000000e+00 
6.932098630040172127e-01 6.931475461745748579e-01 0.000000000000000000e+00 4.993547354948805195e-01 4.998329689018461974e-01 0.000000000000000000e+00 0.000000000000000000e+00 0.000000000000000000e+00 4.998329689018461974e-01 0.000000000000000000e+00 
6.932062182918750093e-01 6.931474324391813102e-01 0.000000000000000000e+00 5.008425767918088800e-01 5.000501093294458244e-01 0.000000000000000000e+00 5.000501093294458244e-01 0.000000000000000000e+00 0.000000000000000000e+00 0.000000000000000000e+00 
6.931800863441753835e-01 6.931472578827215791e-01 0.000000000000000000e+00 5.018380261660978503e-01 4.999665937803691174e-01 0.000000000000000000e+00 0.000000000000000000e+00 0.000000000000000000e+00 4.999665937803691174e-01 0.000000000000000000e+00 
6.932009949110473634e-01 6.931702707495007720e-01 0.000000000000000000e+00 5.007021473265074185e-01 5.000334062196309937e-01 0.000000000000000000e+00 5.000334062196309937e-01 0.000000000000000000e+00 0.000000000000000000e+00 0.000000000000000000e+00 
6.932268724506625013e-01 6.931779451516210111e-01 0.000000000000000000e+00 4.993654010238907648e-01 5.000000000000001110e-01 0.000000000000000000e+00 0.000000000000000000e+00 0.000000000000000000e+00 5.000000000000001110e-01 0.000000000000000000e+00 
6.932037750812113375e-01 6.931862825033615616e-01 0.000000000000000000e+00 5.010203356086461168e-01 5.000668124392613212e-01 0.000000000000000000e+00 5.000668124392613212e-01 0.000000000000000000e+00 0.000000000000000000e+00 0.000000000000000000e+00 
6.932015764530201629e-01 6.931547017730012028e-01 0.000000000000000000e+00 5.014345136518770785e-01 4.999832968901843921e-01 0.000000000000000000e+00 4.999832968901843921e-01 0.000000000000000000e+00 0.000000000000000000e+00 0.000000000000000000e+00 
6.932164581969330053e-01 6.931544305110464155e-01 0.000000000000000000e+00 4.988445676905574055e-01 5.000334062196307716e-01 0.000000000000000000e+00 0.000000000000000000e+00 0.000000000000000000e+00 5.000334062196307716e-01 0.000000000000000000e+00 
6.932231434884739141e-01 6.931584696380459487e-01 0.000000000000000000e+00 4.983681740614334665e-01 5.001837342079687998e-01 0.000000000000000000e+00 0.000000000000000000e+00 0.000000000000000000e+00 5.001837342079687998e-01 0.000000000000000000e+00 
6.932165178829492458e-01 6.931472359871377886e-01 0.000000000000000000e+00 4.988356797497155992e-01 5.001503279883382502e-01 0.000000000000000000e+00 0.000000000000000000e+00 0.000000000000000000e+00 5.001503279883382502e-01 0.000000000000000000e+00 
6.932077287813909194e-01 6.932437644929302367e-01 0.000000000000000000e+00 5.004017349260523329e-01 4.999164844509228489e-01 0.000000000000000000e+00 0.000000000000000000e+00 0.000000000000000000e+00 4.999164844509228489e-01 0.000000000000000000e+00 
6.932048469375018396e-01 6.932063668358082742e-01 0.000000000000000000e+00 5.011820961319681800e-01 4.999999999999998335e-01 0.000000000000000000e+00 4.999999999999998335e-01 0.000000000000000000e+00 0.000000000000000000e+00 0.000000000000000000e+00 
6.932125375946227575e-01 6.931589306617269575e-01 0.000000000000000000e+00 4.983823947667804788e-01 4.999164844509231265e-01 0.000000000000000000e+00 4.999164844509231265e-01 0.000000000000000000e+00 0.000000000000000000e+00 0.000000000000000000e+00 
6.931985588509068652e-01 6.931497691845407427e-01 0.000000000000000000e+00 5.007874715585893810e-01 5.000334062196306606e-01 0.000000000000000000e+00 0.000000000000000000e+00 0.000000000000000000e+00 5.000334062196306606e-01 0.000000000000000000e+00 
6.932101522899731805e-01 6.932402593748909769e-01 0.000000000000000000e+00 4.996587030716723721e-01 5.002171404275996824e-01 0.000000000000000000e+00 5.002171404275996824e-01 0.000000000000000000e+00 0.000000000000000000e+00 0.000000000000000000e+00 
6.932082201331956073e-01 6.931494900158473582e-01 0.000000000000000000e+00 5.002808589306030340e-01 5.000835155490765960e-01 0.000000000000000000e+00 0.000000000000000000e+00 0.000000000000000000e+00 5.000835155490765960e-01 0.000000000000000000e+00 
6.932290401983586259e-01 6.932167295290498910e-01 0.000000000000000000e+00 4.988427901023890776e-01 5.004008746355685933e-01 0.000000000000000000e+00 0.000000000000000000e+00 0.000000000000000000e+00 5.004008746355685933e-01 0.000000000000000000e+00 
6.931955790255256433e-01 6.931723952293395996e-01 0.000000000000000000e+00 5.008070250284414326e-01 4.997995626822157034e-01 0.000000000000000000e+00 4.997995626822157034e-01 0.000000000000000000e+00 0.000000000000000000e+00 0.000000000000000000e+00 
6.932038447454114127e-01 6.931848404358844640e-01 0.000000000000000000e+00 5.010398890784982795e-01 4.999665937803692839e-01 0.000000000000000000e+00 0.000000000000000000e+00 0.000000000000000000e+00 4.999665937803692839e-01 0.000000000000000000e+00 
6.932184030883548065e-01 6.931539007595607371e-01 0.000000000000000000e+00 4.996498151308304547e-01 4.997160471331388298e-01 0.000000000000000000e+00 4.997160471331388298e-01 0.000000000000000000e+00 0.000000000000000000e+00 0.000000000000000000e+00 
6.932065092764616576e-01 6.931573468811658145e-01 0.000000000000000000e+00 5.004212883959043845e-01 5.000501093294460464e-01 0.000000000000000000e+00 0.000000000000000000e+00 0.000000000000000000e+00 5.000501093294460464e-01 0.000000000000000000e+00 
6.931913067659827288e-01 6.931471982780768037e-01 0.000000000000000000e+00 4.998791240045505901e-01 5.001002186588920928e-01 0.000000000000000000e+00 5.001002186588920928e-01 0.000000000000000000e+00 0.000000000000000000e+00 0.000000000000000000e+00 
6.932214391109479124e-01 6.931496183482968032e-01 0.000000000000000000e+00 4.983592861205915492e-01 5.000167031098153858e-01 0.000000000000000000e+00 5.000167031098153858e-01 0.000000000000000000e+00 0.000000000000000000e+00 0.000000000000000000e+00 
6.932006077859995674e-01 6.931771526531297356e-01 0.000000000000000000e+00 5.004763936291239945e-01 5.001336248785227534e-01 0.000000000000000000e+00 0.000000000000000000e+00 0.000000000000000000e+00 5.001336248785227534e-01 0.000000000000000000e+00 
6.931868015397530947e-01 6.932182914140273544e-01 0.000000000000000000e+00 5.007892491467577090e-01 4.999832968901845032e-01 0.000000000000000000e+00 4.999832968901845032e-01 0.000000000000000000e+00 0.000000000000000000e+00 0.000000000000000000e+00 
6.931927091127370044e-01 6.933418822531797199e-01 0.000000000000000000e+00 5.003750711035267473e-01 4.999331875607385123e-01 0.000000000000000000e+00 0.000000000000000000e+00 0.000000000000000000e+00 4.999331875607385123e-01 0.000000000000000000e+00 
