4.946187734603881836e-01 1.311760033928521807e-08 -2.762693502786350841e-14 5.140374023925595517e-16 
4.946296811103820801e-01 1.301789431806810171e-08 -4.063387809821045193e-14 5.127236013518089285e-16 
4.980489909648895264e-01 2.520335229405645805e-08 -1.296628210074694809e-14 1.889986732790888482e-15 
4.980672597885131836e-01 2.508728513817004568e-08 -1.047022643823995736e-13 1.905788767696627896e-15 
4.995265007019042969e-01 4.601183789532115043e-08 -5.124434134407690467e-15 6.331915599618953908e-15 
4.995575547218322754e-01 4.575428391717650811e-08 -2.354617965449196104e-13 6.327881181691181675e-15 
5.100482702255249023e-01 1.626925438813486835e-07 -2.572394608522238224e-13 8.021167551778424221e-14 
5.101181268692016602e-01 1.614482130207761656e-07 -1.688006722247448188e-12 7.813616019394092893e-14 
5.028169155120849609e-01 1.134897047450067475e-06 -3.466909398452955315e-11 3.927547523319141476e-12 
5.030292272567749023e-01 1.122716867030248977e-06 -7.175062627373662849e-11 3.796711209314018731e-12 
4.993760585784912109e-01 8.605155926488805562e-06 -1.177828501397470973e-09 2.258293135826150433e-10 
5.000287294387817383e-01 8.465074643027037382e-06 -1.018738093883087004e-09 2.151167854957947156e-10 
5.054525732994079590e-01 4.348423681221902370e-05 -1.407155547639149518e-08 5.663868041239084050e-09 
5.069889426231384277e-01 4.366349821793846786e-05 -1.248038472567714052e-08 5.720692808353078362e-09 
4.950918257236480713e-01 1.302604941884055734e-04 -7.019829695309454110e-08 5.095597899185122515e-08 
4.977628886699676514e-01 1.321424497291445732e-04 -6.717255729427051847e-08 5.288972104722233780e-08 
4.959255456924438477e-01 2.889698662329465151e-04 -2.195092747570015490e-07 2.495234241450816626e-07 
4.998248815536499023e-01 2.880700340028852224e-04 -2.722592853388050571e-07 2.509987950816139346e-07 
4.993679821491241455e-01 5.269224639050662518e-04 -7.364085945482656825e-07 8.302303058371762745e-07 
5.046474337577819824e-01 5.260325851850211620e-04 -6.017852456352557056e-07 8.347929565388767514e-07 
5.008904337882995605e-01 7.847294327802956104e-04 -1.315373424404242542e-06 1.847189764703216497e-06 
5.074488520622253418e-01 7.883316720835864544e-04 -1.014054532788577490e-06 1.867559376478311606e-06 
4.918048679828643799e-01 1.074416213668882847e-03 -1.119912667491007596e-06 3.441686658334219828e-06 
4.995978772640228271e-01 1.081781927496194839e-03 -9.799199460758245550e-07 3.491351208140258677e-06 
4.954025745391845703e-01 1.314125722274184227e-03 -2.648779855007887818e-06 5.098778729006880894e-06 
5.041393637657165527e-01 1.315642497502267361e-03 -1.736276658448332455e-06 5.156542101758532226e-06 
4.982794523239135742e-01 1.591798150911927223e-03 -3.301684273537830450e-06 7.439178716595051810e-06 
5.080868005752563477e-01 1.583166536875069141e-03 -2.501006292732199654e-06 7.412630111502949148e-06 
4.805118143558502197e-01 1.870077103376388550e-03 -2.330941470063407905e-06 1.024165339913452044e-05 
4.912919700145721436e-01 1.860303687863051891e-03 -8.469046974823868368e-07 1.015888847177848220e-05 
5.020537376403808594e-01 2.098886063322424889e-03 -5.243272426014300436e-06 1.282676930713932961e-05 
5.135866403579711914e-01 2.062419895082712173e-03 -3.383398507139645517e-06 1.249308388651115820e-05 
5.354694724082946777e-01 2.223422750830650330e-03 -1.116337170969927683e-05 1.438227991457097232e-05 
5.474354028701782227e-01 2.155635273084044456e-03 -9.277317985834088176e-06 1.370546942780492827e-05 
4.913607239723205566e-01 2.462130971252918243e-03 -3.753601959033403546e-06 1.757778954925015569e-05 
5.042869448661804199e-01 2.418400486931204796e-03 -2.555968421802390367e-06 1.712144148768857121e-05 
5.194625854492187500e-01 2.660230267792940140e-03 -1.015766611089929938e-05 2.050757939286995679e-05 
5.328778028488159180e-01 2.581691369414329529e-03 -8.189390428015030921e-06 1.939956746355164796e-05 
4.708653688430786133e-01 2.838606946170330048e-03 8.555203407922817860e-07 2.350149225094355643e-05 
4.852797985076904297e-01 2.805602969601750374e-03 2.990221446452778764e-06 2.299074731126893312e-05 
4.984079301357269287e-01 2.946673426777124405e-03 -6.627624316024594009e-06 2.526309435779694468e-05 
5.132065415382385254e-01 2.867971779778599739e-03 -4.216233264742186293e-06 2.384503022767603397e-05 
4.995619654655456543e-01 3.122690832242369652e-03 -7.511167041229782626e-06 2.824371404130943120e-05 
5.147718191146850586e-01 3.028552746400237083e-03 -4.588277533912332729e-06 2.641173523443285376e-05 
5.014243721961975098e-01 3.247913438826799393e-03 -8.098078978946432471e-06 3.064898919546976686e-05 
5.172607302665710449e-01 3.148235846310853958e-03 -4.993184575141640380e-06 2.865457645384594798e-05 
4.869033396244049072e-01 3.319000592455267906e-03 -2.759849621725152247e-06 3.198467675247229636e-05 
5.031347274780273438e-01 3.236798336729407310e-03 -6.568349704139109235e-07 3.024162106157746166e-05 
5.036613941192626953e-01 3.456061007454991341e-03 -8.931938282330520451e-06 3.456759441178292036e-05 
5.202408432960510254e-01 3.352035302668809891e-03 -6.761398253729566932e-06 3.243302853661589324e-05 
4.748294353485107422e-01 3.551989095285534859e-03 1.519981879027909599e-06 3.663281677290797234e-05 
4.918251931667327881e-01 3.473868826404213905e-03 4.284014721633866429e-06 3.481389649095945060e-05 
5.032838582992553711e-01 3.647532314062118530e-03 -1.043815245793666691e-05 3.854738679365254939e-05 
5.204746127128601074e-01 3.540126373991370201e-03 -7.551405360572971404e-06 3.592067514546215534e-05 
4.822877645492553711e-01 3.707778407260775566e-03 -1.997817207666230388e-06 3.978938912041485310e-05 
4.998708069324493408e-01 3.631220199167728424e-03 3.648243023235409055e-07 3.786213346756994724e-05 
4.994902014732360840e-01 3.893209854140877724e-03 -8.532224455848336220e-06 4.376160359242931008e-05 
5.176738500595092773e-01 3.789897542446851730e-03 -6.909064723004121333e-06 4.128888031118549407e-05 
5.077303647994995117e-01 3.960924688726663589e-03 -1.269903987122233957e-05 4.535834887064993382e-05 
5.261296033859252930e-01 3.852962749078869820e-03 -1.032903037412324920e-05 4.268807242624461651e-05 
4.780213534832000732e-01 4.062147811055183411e-03 1.515214535174891353e-06 4.750669177155941725e-05 
4.969756007194519043e-01 3.988223616033792496e-03 2.248868440801743418e-06 4.560438173939473927e-05 
4.748363792896270752e-01 4.054216202348470688e-03 2.305073849129257724e-06 4.719956268672831357e-05 
4.942446649074554443e-01 3.994893282651901245e-03 3.850599114230135456e-06 4.567734504234977067e-05 
4.658798575401306152e-01 4.149384796619415283e-03 8.918976163840852678e-06 4.946591798216104507e-05 
4.856404662132263184e-01 4.101453814655542374e-03 6.843963092251215130e-06 4.807707227882929146e-05 
4.793227910995483398e-01 4.199077375233173370e-03 2.794720558085828088e-06 5.018848969484679401e-05 
4.993695318698883057e-01 4.142582882195711136e-03 -2.102460854302989901e-07 4.912487202091142535e-05 
5.003556609153747559e-01 4.462675657123327255e-03 -7.065877525747055188e-06 5.643528129439800978e-05 
5.214436054229736328e-01 4.354399628937244415e-03 -1.078119566955137998e-05 5.440857057692483068e-05 
4.903481006622314453e-01 4.455880727618932724e-03 -3.652002078524674289e-06 5.582850280916318297e-05 
5.121840834617614746e-01 4.368165973573923111e-03 -8.534811968274880201e-06 5.458895975607447326e-05 
5.358007550239562988e-01 4.539574030786752701e-03 -2.909045906562823802e-05 5.815128315589390695e-05 
5.591897368431091309e-01 4.347931593656539917e-03 -3.628396734711714089e-05 5.412600148702040315e-05 
4.829624593257904053e-01 5.192424636334180832e-03 -4.549696768663125113e-06 7.606498547829687595e-05 
5.098892450332641602e-01 5.106174852699041367e-03 -2.250653778901323676e-05 7.246845780173316598e-05 
4.870200753211975098e-01 5.846200976520776749e-03 -2.224073432444129139e-05 9.659626084612682462e-05 
5.185469388961791992e-01 5.741444416344165802e-03 -4.066549445269629359e-05 9.117255831370130181e-05 
4.954116940498352051e-01 6.860319525003433228e-03 -3.925178680219687521e-05 1.327892823610454798e-04 
5.319429039955139160e-01 6.621014792472124100e-03 -7.009559340076521039e-05 1.216492746607400477e-04 
4.984343051910400391e-01 7.545714266598224640e-03 -5.154755490366369486e-05 1.599067327333614230e-04 
5.399078726768493652e-01 7.187378127127885818e-03 -9.825752204051241279e-05 1.438000472262501717e-04 
4.736891984939575195e-01 8.785852231085300446e-03 -7.369891136477235705e-06 2.106913161696866155e-04 
5.212063789367675781e-01 8.510483428835868835e-03 -9.989862155634909868e-05 1.985885173780843616e-04 
4.539092779159545898e-01 9.858840145170688629e-03 4.470552812563255429e-05 2.652824041433632374e-04 
5.061203837394714355e-01 9.672843851149082184e-03 -7.695751992287114263e-05 2.544707385823130608e-04 
5.040300488471984863e-01 1.081098802387714386e-02 -6.940327148186042905e-05 3.160661435686051846e-04 
5.613041520118713379e-01 1.002807728946208954e-02 -2.077989774988964200e-04 2.775164321064949036e-04 
4.674479961395263672e-01 1.212089601904153824e-02 4.759999501402489841e-05 3.914643020834773779e-04 
5.306109786033630371e-01 1.165924221277236938e-02 -1.524111430626362562e-04 3.652253071777522564e-04 
4.561927616596221924e-01 1.279735937714576721e-02 1.116218118113465607e-04 4.361604806035757065e-04 
5.234137773513793945e-01 1.238796301186084747e-02 -1.433787983842194080e-04 4.116746713407337666e-04 
4.580873250961303711e-01 1.415510289371013641e-02 1.365869102301076055e-04 5.287007079459726810e-04 
5.296785235404968262e-01 1.360436342656612396e-02 -1.864817750174552202e-04 4.955401527695357800e-04 
