1.437986850738525391e+00 1.487646698951721191e+00 0.000000000000000000e+00 5.000000000000000000e-01 5.000000000000000000e-01 0.000000000000000000e+00 5.000000000000000000e-01 0.000000000000000000e+00 0.000000000000000000e+00 0.000000000000000000e+00 
6.370195150375366211e-01 6.589643359184265137e-01 0.000000000000000000e+00 5.892857142857143016e-01 6.185897435897436125e-01 0.000000000000000000e+00 7.642857142857142350e-01 0.000000000000000000e+00 5.764462809917355601e-01 0.000000000000000000e+00 
4.623270034790039062e-01 6.066312193870544434e-01 0.000000000000000000e+00 8.571428571428570953e-01 6.650641025641025328e-01 0.000000000000000000e+00 6.167800453514739045e-01 0.000000000000000000e+00 7.814207650273223837e-01 0.000000000000000000e+00 
3.102578520774841309e-01 4.641067385673522949e-01 0.000000000000000000e+00 9.285714285714286031e-01 8.012820512820513219e-01 0.000000000000000000e+00 7.685714285714285721e-01 0.000000000000000000e+00 8.430656934306569594e-01 0.000000000000000000e+00 
1.656407564878463745e-01 3.397922515869140625e-01 0.000000000000000000e+00 9.821428571428570953e-01 8.701923076923077094e-01 0.000000000000000000e+00 8.575851393188854699e-01 0.000000000000000000e+00 8.837209302325581550e-01 0.000000000000000000e+00 
1.110727190971374512e-01 2.461261749267578125e-01 0.000000000000000000e+00 9.642857142857143016e-01 9.134615384615384359e-01 0.000000000000000000e+00 9.082278481012657778e-01 0.000000000000000000e+00 9.188311688311687764e-01 0.000000000000000000e+00 
4.665157943964004517e-02 1.908888965845108032e-01 0.000000000000000000e+00 1.000000000000000000e+00 9.358974358974359031e-01 0.000000000000000000e+00 9.331210191082802696e-01 0.000000000000000000e+00 9.387096774193548487e-01 0.000000000000000000e+00 
3.342173248529434204e-02 1.644758880138397217e-01 0.000000000000000000e+00 1.000000000000000000e+00 9.423076923076922906e-01 0.000000000000000000e+00 9.367088607594936667e-01 0.000000000000000000e+00 9.480519480519480346e-01 0.000000000000000000e+00 
2.033949270844459534e-02 1.439476460218429565e-01 0.000000000000000000e+00 1.000000000000000000e+00 9.471153846153845812e-01 0.000000000000000000e+00 9.485530546623793802e-01 0.000000000000000000e+00 9.456869009584664143e-01 0.000000000000000000e+00 
2.005027234554290771e-02 1.332013458013534546e-01 0.000000000000000000e+00 1.000000000000000000e+00 9.471153846153845812e-01 0.000000000000000000e+00 9.456869009584664143e-01 0.000000000000000000e+00 9.485530546623793802e-01 0.000000000000000000e+00 
1.437843125313520432e-02 1.267862319946289062e-01 0.000000000000000000e+00 1.000000000000000000e+00 9.487179487179486781e-01 0.000000000000000000e+00 9.458598726114649802e-01 0.000000000000000000e+00 9.516129032258064946e-01 0.000000000000000000e+00 
9.940049611032009125e-03 1.189480572938919067e-01 0.000000000000000000e+00 1.000000000000000000e+00 9.503205128205127750e-01 0.000000000000000000e+00 9.517684887459807452e-01 0.000000000000000000e+00 9.488817891373801938e-01 0.000000000000000000e+00 
8.111468516290187836e-03 1.155346632003784180e-01 0.000000000000000000e+00 1.000000000000000000e+00 9.503205128205127750e-01 0.000000000000000000e+00 9.517684887459807452e-01 0.000000000000000000e+00 9.488817891373801938e-01 0.000000000000000000e+00 
7.270378991961479187e-03 1.109894737601280212e-01 0.000000000000000000e+00 1.000000000000000000e+00 9.535256410256410797e-01 0.000000000000000000e+00 9.609120521172638263e-01 0.000000000000000000e+00 9.463722397476340698e-01 0.000000000000000000e+00 
6.619061809033155441e-03 1.079358607530593872e-01 0.000000000000000000e+00 1.000000000000000000e+00 9.535256410256410797e-01 0.000000000000000000e+00 9.579288025889967084e-01 0.000000000000000000e+00 9.492063492063491648e-01 0.000000000000000000e+00 
4.679611884057521820e-03 1.052097454667091370e-01 0.000000000000000000e+00 1.000000000000000000e+00 9.535256410256410797e-01 0.000000000000000000e+00 9.579288025889967084e-01 0.000000000000000000e+00 9.492063492063491648e-01 0.000000000000000000e+00 
3.987389616668224335e-03 1.037873998284339905e-01 0.000000000000000000e+00 1.000000000000000000e+00 9.551282051282051766e-01 0.000000000000000000e+00 9.580645161290322065e-01 0.000000000000000000e+00 9.522292993630573354e-01 0.000000000000000000e+00 
3.509876551106572151e-03 1.034082919359207153e-01 0.000000000000000000e+00 1.000000000000000000e+00 9.551282051282051766e-01 0.000000000000000000e+00 9.522292993630573354e-01 0.000000000000000000e+00 9.580645161290322065e-01 0.000000000000000000e+00 
