7.394873499870300293e-01 6.315249204635620117e-01 0.000000000000000000e+00 4.500000000000000111e-01 6.217948717948718063e-01 0.000000000000000000e+00 8.653846153846154188e-01 0.000000000000000000e+00 5.730769230769230393e-01 0.000000000000000000e+00 
3.169863224029541016e-01 3.521825671195983887e-01 0.000000000000000000e+00 9.250000000000000444e-01 8.685897435897436125e-01 0.000000000000000000e+00 9.136690647482014205e-01 0.000000000000000000e+00 8.323699421965318201e-01 0.000000000000000000e+00 
1.011978387832641602e-01 1.914482414722442627e-01 0.000000000000000000e+00 1.000000000000000000e+00 9.471153846153845812e-01 0.000000000000000000e+00 9.728813559322033733e-01 0.000000000000000000e+00 9.240121580547112634e-01 0.000000000000000000e+00 
4.773996397852897644e-02 1.276400685310363770e-01 0.000000000000000000e+00 1.000000000000000000e+00 9.599358974358974672e-01 0.000000000000000000e+00 9.831649831649831306e-01 0.000000000000000000e+00 9.388379204892965957e-01 0.000000000000000000e+00 
2.154538780450820923e-02 1.048004329204559326e-01 0.000000000000000000e+00 1.000000000000000000e+00 9.631410256410256610e-01 0.000000000000000000e+00 9.832775919732441583e-01 0.000000000000000000e+00 9.446153846153846345e-01 0.000000000000000000e+00 
1.419834513217210770e-02 9.383650124073028564e-02 0.000000000000000000e+00 1.000000000000000000e+00 9.647435897435897578e-01 0.000000000000000000e+00 9.865771812080537106e-01 0.000000000000000000e+00 9.447852760736196176e-01 0.000000000000000000e+00 
1.151593681424856186e-02 8.246386796236038208e-02 0.000000000000000000e+00 1.000000000000000000e+00 9.663461538461538547e-01 0.000000000000000000e+00 9.866220735785953266e-01 0.000000000000000000e+00 9.476923076923077227e-01 0.000000000000000000e+00 
9.222201071679592133e-03 8.099015802145004272e-02 0.000000000000000000e+00 1.000000000000000000e+00 9.663461538461538547e-01 0.000000000000000000e+00 9.866220735785953266e-01 0.000000000000000000e+00 9.476923076923077227e-01 0.000000000000000000e+00 
7.418962661176919937e-03 7.865511626005172729e-02 0.000000000000000000e+00 1.000000000000000000e+00 9.663461538461538547e-01 0.000000000000000000e+00 9.866220735785953266e-01 0.000000000000000000e+00 9.476923076923077227e-01 0.000000000000000000e+00 
6.358548533171415329e-03 7.773911952972412109e-02 0.000000000000000000e+00 1.000000000000000000e+00 9.663461538461538547e-01 0.000000000000000000e+00 9.866220735785953266e-01 0.000000000000000000e+00 9.476923076923077227e-01 0.000000000000000000e+00 
5.016991402953863144e-03 7.681460678577423096e-02 0.000000000000000000e+00 1.000000000000000000e+00 9.663461538461538547e-01 0.000000000000000000e+00 9.866220735785953266e-01 0.000000000000000000e+00 9.476923076923077227e-01 0.000000000000000000e+00 
4.679008387029170990e-03 7.568155229091644287e-02 0.000000000000000000e+00 1.000000000000000000e+00 9.663461538461538547e-01 0.000000000000000000e+00 9.866220735785953266e-01 0.000000000000000000e+00 9.476923076923077227e-01 0.000000000000000000e+00 
3.858970943838357925e-03 7.171409577131271362e-02 0.000000000000000000e+00 1.000000000000000000e+00 9.695512820512820484e-01 0.000000000000000000e+00 9.867109634551495256e-01 0.000000000000000000e+00 9.535603715170278827e-01 0.000000000000000000e+00 
3.632961539551615715e-03 7.115468382835388184e-02 0.000000000000000000e+00 1.000000000000000000e+00 9.711538461538461453e-01 0.000000000000000000e+00 9.867549668874172619e-01 0.000000000000000000e+00 9.565217391304348116e-01 0.000000000000000000e+00 
3.553451737388968468e-03 7.118815928697586060e-02 0.000000000000000000e+00 1.000000000000000000e+00 9.711538461538461453e-01 0.000000000000000000e+00 9.867549668874172619e-01 0.000000000000000000e+00 9.565217391304348116e-01 0.000000000000000000e+00 
3.345894161611795425e-03 7.772768288850784302e-02 0.000000000000000000e+00 1.000000000000000000e+00 9.647435897435897578e-01 0.000000000000000000e+00 9.865771812080537106e-01 0.000000000000000000e+00 9.447852760736196176e-01 0.000000000000000000e+00 
2.880366286262869835e-03 8.038435131311416626e-02 0.000000000000000000e+00 1.000000000000000000e+00 9.647435897435897578e-01 0.000000000000000000e+00 9.865771812080537106e-01 0.000000000000000000e+00 9.447852760736196176e-01 0.000000000000000000e+00 
2.813611179590225220e-03 7.788936793804168701e-02 0.000000000000000000e+00 1.000000000000000000e+00 9.647435897435897578e-01 0.000000000000000000e+00 9.865771812080537106e-01 0.000000000000000000e+00 9.447852760736196176e-01 0.000000000000000000e+00 
2.596720820292830467e-03 7.404283434152603149e-02 0.000000000000000000e+00 1.000000000000000000e+00 9.695512820512820484e-01 0.000000000000000000e+00 9.867109634551495256e-01 0.000000000000000000e+00 9.535603715170278827e-01 0.000000000000000000e+00 
2.473847940564155579e-03 7.231167703866958618e-02 0.000000000000000000e+00 1.000000000000000000e+00 9.695512820512820484e-01 0.000000000000000000e+00 9.867109634551495256e-01 0.000000000000000000e+00 9.535603715170278827e-01 0.000000000000000000e+00 
2.449057763442397118e-03 7.192262262105941772e-02 0.000000000000000000e+00 1.000000000000000000e+00 9.711538461538461453e-01 0.000000000000000000e+00 9.867549668874172619e-01 0.000000000000000000e+00 9.565217391304348116e-01 0.000000000000000000e+00 
2.360195387154817581e-03 7.712593674659729004e-02 0.000000000000000000e+00 1.000000000000000000e+00 9.679487179487179516e-01 0.000000000000000000e+00 9.866666666666666918e-01 0.000000000000000000e+00 9.506172839506172867e-01 0.000000000000000000e+00 
2.177899703383445740e-03 7.471878826618194580e-02 0.000000000000000000e+00 1.000000000000000000e+00 9.695512820512820484e-01 0.000000000000000000e+00 9.867109634551495256e-01 0.000000000000000000e+00 9.535603715170278827e-01 0.000000000000000000e+00 
2.062472049146890640e-03 7.263653725385665894e-02 0.000000000000000000e+00 1.000000000000000000e+00 9.711538461538461453e-01 0.000000000000000000e+00 9.867549668874172619e-01 0.000000000000000000e+00 9.565217391304348116e-01 0.000000000000000000e+00 
1.920640119351446629e-03 7.207529246807098389e-02 0.000000000000000000e+00 1.000000000000000000e+00 9.727564102564102422e-01 0.000000000000000000e+00 9.867986798679867499e-01 0.000000000000000000e+00 9.595015576323987494e-01 0.000000000000000000e+00 
2.012895420193672180e-03 7.345363497734069824e-02 0.000000000000000000e+00 1.000000000000000000e+00 9.711538461538461453e-01 0.000000000000000000e+00 9.867549668874172619e-01 0.000000000000000000e+00 9.565217391304348116e-01 0.000000000000000000e+00 
1.795601914636790752e-03 7.227504998445510864e-02 0.000000000000000000e+00 1.000000000000000000e+00 9.727564102564102422e-01 0.000000000000000000e+00 9.867986798679867499e-01 0.000000000000000000e+00 9.595015576323987494e-01 0.000000000000000000e+00 
1.807691878639161587e-03 7.120100408792495728e-02 0.000000000000000000e+00 1.000000000000000000e+00 9.727564102564102422e-01 0.000000000000000000e+00 9.867986798679867499e-01 0.000000000000000000e+00 9.595015576323987494e-01 0.000000000000000000e+00 
1.706284470856189728e-03 7.026698440313339233e-02 0.000000000000000000e+00 1.000000000000000000e+00 9.743589743589743390e-01 0.000000000000000000e+00 9.868421052631578538e-01 0.000000000000000000e+00 9.625000000000000222e-01 0.000000000000000000e+00 
1.704416819848120213e-03 7.045254111289978027e-02 0.000000000000000000e+00 1.000000000000000000e+00 9.743589743589743390e-01 0.000000000000000000e+00 9.868421052631578538e-01 0.000000000000000000e+00 9.625000000000000222e-01 0.000000000000000000e+00 
1.532691647298634052e-03 6.982282549142837524e-02 0.000000000000000000e+00 1.000000000000000000e+00 9.743589743589743390e-01 0.000000000000000000e+00 9.868421052631578538e-01 0.000000000000000000e+00 9.625000000000000222e-01 0.000000000000000000e+00 
1.553433714434504509e-03 6.940315663814544678e-02 0.000000000000000000e+00 1.000000000000000000e+00 9.743589743589743390e-01 0.000000000000000000e+00 9.868421052631578538e-01 0.000000000000000000e+00 9.625000000000000222e-01 0.000000000000000000e+00 
1.500938902609050274e-03 7.044090330600738525e-02 0.000000000000000000e+00 1.000000000000000000e+00 9.743589743589743390e-01 0.000000000000000000e+00 9.868421052631578538e-01 0.000000000000000000e+00 9.625000000000000222e-01 0.000000000000000000e+00 
1.492106006480753422e-03 7.031818479299545288e-02 0.000000000000000000e+00 1.000000000000000000e+00 9.743589743589743390e-01 0.000000000000000000e+00 9.868421052631578538e-01 0.000000000000000000e+00 9.625000000000000222e-01 0.000000000000000000e+00 
1.374618033878505230e-03 6.933926045894622803e-02 0.000000000000000000e+00 1.000000000000000000e+00 9.759615384615384359e-01 0.000000000000000000e+00 9.868852459016393963e-01 0.000000000000000000e+00 9.655172413793103869e-01 0.000000000000000000e+00 
1.347525394521653652e-03 6.864830106496810913e-02 0.000000000000000000e+00 1.000000000000000000e+00 9.775641025641025328e-01 0.000000000000000000e+00 9.869281045751634451e-01 0.000000000000000000e+00 9.685534591194968623e-01 0.000000000000000000e+00 
1.289037638343870640e-03 6.796916574239730835e-02 0.000000000000000000e+00 1.000000000000000000e+00 9.775641025641025328e-01 0.000000000000000000e+00 9.869281045751634451e-01 0.000000000000000000e+00 9.685534591194968623e-01 0.000000000000000000e+00 
1.281327800825238228e-03 7.136605679988861084e-02 0.000000000000000000e+00 1.000000000000000000e+00 9.743589743589743390e-01 0.000000000000000000e+00 9.868421052631578538e-01 0.000000000000000000e+00 9.625000000000000222e-01 0.000000000000000000e+00 
1.268011284992098808e-03 7.243157923221588135e-02 0.000000000000000000e+00 1.000000000000000000e+00 9.727564102564102422e-01 0.000000000000000000e+00 9.867986798679867499e-01 0.000000000000000000e+00 9.595015576323987494e-01 0.000000000000000000e+00 
1.224347040988504887e-03 7.098893821239471436e-02 0.000000000000000000e+00 1.000000000000000000e+00 9.759615384615384359e-01 0.000000000000000000e+00 9.868852459016393963e-01 0.000000000000000000e+00 9.655172413793103869e-01 0.000000000000000000e+00 
1.240020035766065121e-03 1.309844106435775757e-01 0.000000000000000000e+00 1.000000000000000000e+00 9.567307692307692735e-01 0.000000000000000000e+00 9.896907216494845727e-01 0.000000000000000000e+00 9.279279279279278869e-01 0.000000000000000000e+00 
1.296218251809477806e-03 2.061721384525299072e-01 0.000000000000000000e+00 1.000000000000000000e+00 9.391025641025640969e-01 0.000000000000000000e+00 9.928057553956834980e-01 0.000000000000000000e+00 8.959537572254335780e-01 0.000000000000000000e+00 
1.192330732010304928e-03 1.702379584312438965e-01 0.000000000000000000e+00 1.000000000000000000e+00 9.471153846153845812e-01 0.000000000000000000e+00 9.929328621908126706e-01 0.000000000000000000e+00 9.090909090909090606e-01 0.000000000000000000e+00 
1.114809070713818073e-03 1.456441730260848999e-01 0.000000000000000000e+00 1.000000000000000000e+00 9.519230769230768718e-01 0.000000000000000000e+00 9.895833333333333703e-01 0.000000000000000000e+00 9.196428571428570953e-01 0.000000000000000000e+00 
1.094454317353665829e-03 1.280355453491210938e-01 0.000000000000000000e+00 1.000000000000000000e+00 9.583333333333333703e-01 0.000000000000000000e+00 9.897260273972602329e-01 0.000000000000000000e+00 9.307228915662650870e-01 0.000000000000000000e+00 
1.056464388966560364e-03 1.147759631276130676e-01 0.000000000000000000e+00 1.000000000000000000e+00 9.631410256410256610e-01 0.000000000000000000e+00 9.898305084745763205e-01 0.000000000000000000e+00 9.392097264437689885e-01 0.000000000000000000e+00 
1.009523752145469189e-03 1.069526672363281250e-01 0.000000000000000000e+00 1.000000000000000000e+00 9.631410256410256610e-01 0.000000000000000000e+00 9.898305084745763205e-01 0.000000000000000000e+00 9.392097264437689885e-01 0.000000000000000000e+00 
1.011008163914084435e-03 1.005228981375694275e-01 0.000000000000000000e+00 1.000000000000000000e+00 9.631410256410256610e-01 0.000000000000000000e+00 9.898305084745763205e-01 0.000000000000000000e+00 9.392097264437689885e-01 0.000000000000000000e+00 
9.948945371434092522e-04 9.460144490003585815e-02 0.000000000000000000e+00 1.000000000000000000e+00 9.663461538461538547e-01 0.000000000000000000e+00 9.898989898989899450e-01 0.000000000000000000e+00 9.449541284403669694e-01 0.000000000000000000e+00 
9.591744164936244488e-04 8.987952768802642822e-02 0.000000000000000000e+00 1.000000000000000000e+00 9.727564102564102422e-01 0.000000000000000000e+00 9.900332225913621720e-01 0.000000000000000000e+00 9.566563467492260608e-01 0.000000000000000000e+00 
9.446390904486179352e-04 8.735515177249908447e-02 0.000000000000000000e+00 1.000000000000000000e+00 9.727564102564102422e-01 0.000000000000000000e+00 9.900332225913621720e-01 0.000000000000000000e+00 9.566563467492260608e-01 0.000000000000000000e+00 
9.131470578722655773e-04 8.495748788118362427e-02 0.000000000000000000e+00 1.000000000000000000e+00 9.743589743589743390e-01 0.000000000000000000e+00 9.900662251655628632e-01 0.000000000000000000e+00 9.596273291925465632e-01 0.000000000000000000e+00 
8.998356643132865429e-04 8.204050362110137939e-02 0.000000000000000000e+00 1.000000000000000000e+00 9.759615384615384359e-01 0.000000000000000000e+00 9.900990099009900902e-01 0.000000000000000000e+00 9.626168224299065379e-01 0.000000000000000000e+00 
8.945490117184817791e-04 7.958950102329254150e-02 0.000000000000000000e+00 1.000000000000000000e+00 9.759615384615384359e-01 0.000000000000000000e+00 9.900990099009900902e-01 0.000000000000000000e+00 9.626168224299065379e-01 0.000000000000000000e+00 
8.735618903301656246e-04 7.742796093225479126e-02 0.000000000000000000e+00 1.000000000000000000e+00 9.759615384615384359e-01 0.000000000000000000e+00 9.900990099009900902e-01 0.000000000000000000e+00 9.626168224299065379e-01 0.000000000000000000e+00 
8.347323164343833923e-04 7.577793300151824951e-02 0.000000000000000000e+00 1.000000000000000000e+00 9.759615384615384359e-01 0.000000000000000000e+00 9.900990099009900902e-01 0.000000000000000000e+00 9.626168224299065379e-01 0.000000000000000000e+00 
8.306337404064834118e-04 7.430526614189147949e-02 0.000000000000000000e+00 1.000000000000000000e+00 9.775641025641025328e-01 0.000000000000000000e+00 9.901315789473684736e-01 0.000000000000000000e+00 9.656249999999999556e-01 0.000000000000000000e+00 
7.893760921433568001e-04 7.320317625999450684e-02 0.000000000000000000e+00 1.000000000000000000e+00 9.775641025641025328e-01 0.000000000000000000e+00 9.901315789473684736e-01 0.000000000000000000e+00 9.656249999999999556e-01 0.000000000000000000e+00 
7.776796701364219189e-04 7.205305248498916626e-02 0.000000000000000000e+00 1.000000000000000000e+00 9.807692307692307265e-01 0.000000000000000000e+00 9.901960784313725839e-01 0.000000000000000000e+00 9.716981132075471761e-01 0.000000000000000000e+00 
7.697098772041499615e-04 7.055761665105819702e-02 0.000000000000000000e+00 1.000000000000000000e+00 9.807692307692307265e-01 0.000000000000000000e+00 9.901960784313725839e-01 0.000000000000000000e+00 9.716981132075471761e-01 0.000000000000000000e+00 
7.747341296635568142e-04 6.985329091548919678e-02 0.000000000000000000e+00 1.000000000000000000e+00 9.807692307692307265e-01 0.000000000000000000e+00 9.901960784313725839e-01 0.000000000000000000e+00 9.716981132075471761e-01 0.000000000000000000e+00 
7.295771501958370209e-04 6.872181594371795654e-02 0.000000000000000000e+00 1.000000000000000000e+00 9.807692307692307265e-01 0.000000000000000000e+00 9.901960784313725839e-01 0.000000000000000000e+00 9.716981132075471761e-01 0.000000000000000000e+00 
7.179247331805527210e-04 6.779775768518447876e-02 0.000000000000000000e+00 1.000000000000000000e+00 9.807692307692307265e-01 0.000000000000000000e+00 9.901960784313725839e-01 0.000000000000000000e+00 9.716981132075471761e-01 0.000000000000000000e+00 
7.170194876380264759e-04 6.694671511650085449e-02 0.000000000000000000e+00 1.000000000000000000e+00 9.823717948717948234e-01 0.000000000000000000e+00 9.902280130293159566e-01 0.000000000000000000e+00 9.747634069400631374e-01 0.000000000000000000e+00 
6.983396015129983425e-04 6.614281982183456421e-02 0.000000000000000000e+00 1.000000000000000000e+00 9.823717948717948234e-01 0.000000000000000000e+00 9.902280130293159566e-01 0.000000000000000000e+00 9.747634069400631374e-01 0.000000000000000000e+00 
6.882331799715757370e-04 6.558842957019805908e-02 0.000000000000000000e+00 1.000000000000000000e+00 9.823717948717948234e-01 0.000000000000000000e+00 9.902280130293159566e-01 0.000000000000000000e+00 9.747634069400631374e-01 0.000000000000000000e+00 
6.937668076716363430e-04 6.488387286663055420e-02 0.000000000000000000e+00 1.000000000000000000e+00 9.823717948717948234e-01 0.000000000000000000e+00 9.902280130293159566e-01 0.000000000000000000e+00 9.747634069400631374e-01 0.000000000000000000e+00 
6.707780994474887848e-04 6.408397108316421509e-02 0.000000000000000000e+00 1.000000000000000000e+00 9.807692307692307265e-01 0.000000000000000000e+00 9.870129870129870087e-01 0.000000000000000000e+00 9.746835443037974445e-01 0.000000000000000000e+00 
6.420197314582765102e-04 6.400888413190841675e-02 0.000000000000000000e+00 1.000000000000000000e+00 9.807692307692307265e-01 0.000000000000000000e+00 9.870129870129870087e-01 0.000000000000000000e+00 9.746835443037974445e-01 0.000000000000000000e+00 
6.363229476846754551e-04 6.344577670097351074e-02 0.000000000000000000e+00 1.000000000000000000e+00 9.791666666666666297e-01 0.000000000000000000e+00 9.838187702265371870e-01 0.000000000000000000e+00 9.746031746031745824e-01 0.000000000000000000e+00 
6.305533461272716522e-04 6.261418759822845459e-02 0.000000000000000000e+00 1.000000000000000000e+00 9.791666666666666297e-01 0.000000000000000000e+00 9.838187702265371870e-01 0.000000000000000000e+00 9.746031746031745824e-01 0.000000000000000000e+00 
6.160760531201958656e-04 6.198429688811302185e-02 0.000000000000000000e+00 1.000000000000000000e+00 9.791666666666666297e-01 0.000000000000000000e+00 9.838187702265371870e-01 0.000000000000000000e+00 9.746031746031745824e-01 0.000000000000000000e+00 
6.072929245419800282e-04 6.151805818080902100e-02 0.000000000000000000e+00 1.000000000000000000e+00 9.807692307692307265e-01 0.000000000000000000e+00 9.838709677419354982e-01 0.000000000000000000e+00 9.777070063694267565e-01 0.000000000000000000e+00 
5.919178365729749203e-04 6.192795559763908386e-02 0.000000000000000000e+00 1.000000000000000000e+00 9.791666666666666297e-01 0.000000000000000000e+00 9.838187702265371870e-01 0.000000000000000000e+00 9.746031746031745824e-01 0.000000000000000000e+00 
5.778978811576962471e-04 6.131509691476821899e-02 0.000000000000000000e+00 1.000000000000000000e+00 9.807692307692307265e-01 0.000000000000000000e+00 9.838709677419354982e-01 0.000000000000000000e+00 9.777070063694267565e-01 0.000000000000000000e+00 
6.035923142917454243e-04 6.059787794947624207e-02 0.000000000000000000e+00 1.000000000000000000e+00 9.823717948717948234e-01 0.000000000000000000e+00 9.839228295819936188e-01 0.000000000000000000e+00 9.808306709265175449e-01 0.000000000000000000e+00 
5.583781166933476925e-04 6.016690284013748169e-02 0.000000000000000000e+00 1.000000000000000000e+00 9.823717948717948234e-01 0.000000000000000000e+00 9.839228295819936188e-01 0.000000000000000000e+00 9.808306709265175449e-01 0.000000000000000000e+00 
5.582136218436062336e-04 5.999067053198814392e-02 0.000000000000000000e+00 1.000000000000000000e+00 9.823717948717948234e-01 0.000000000000000000e+00 9.839228295819936188e-01 0.000000000000000000e+00 9.808306709265175449e-01 0.000000000000000000e+00 
5.379285430535674095e-04 5.966030806303024292e-02 0.000000000000000000e+00 1.000000000000000000e+00 9.823717948717948234e-01 0.000000000000000000e+00 9.839228295819936188e-01 0.000000000000000000e+00 9.808306709265175449e-01 0.000000000000000000e+00 
5.354238091967999935e-04 5.947374925017356873e-02 0.000000000000000000e+00 1.000000000000000000e+00 9.823717948717948234e-01 0.000000000000000000e+00 9.839228295819936188e-01 0.000000000000000000e+00 9.808306709265175449e-01 0.000000000000000000e+00 
5.207606009207665920e-04 5.914291366934776306e-02 0.000000000000000000e+00 1.000000000000000000e+00 9.823717948717948234e-01 0.000000000000000000e+00 9.839228295819936188e-01 0.000000000000000000e+00 9.808306709265175449e-01 0.000000000000000000e+00 
5.115035455673933029e-04 5.875575169920921326e-02 0.000000000000000000e+00 1.000000000000000000e+00 9.823717948717948234e-01 0.000000000000000000e+00 9.839228295819936188e-01 0.000000000000000000e+00 9.808306709265175449e-01 0.000000000000000000e+00 
5.054239882156252861e-04 5.838589370250701904e-02 0.000000000000000000e+00 1.000000000000000000e+00 9.823717948717948234e-01 0.000000000000000000e+00 9.839228295819936188e-01 0.000000000000000000e+00 9.808306709265175449e-01 0.000000000000000000e+00 
4.988793516531586647e-04 5.806673690676689148e-02 0.000000000000000000e+00 1.000000000000000000e+00 9.823717948717948234e-01 0.000000000000000000e+00 9.839228295819936188e-01 0.000000000000000000e+00 9.808306709265175449e-01 0.000000000000000000e+00 
4.935539327561855316e-04 5.773160979151725769e-02 0.000000000000000000e+00 1.000000000000000000e+00 9.823717948717948234e-01 0.000000000000000000e+00 9.839228295819936188e-01 0.000000000000000000e+00 9.808306709265175449e-01 0.000000000000000000e+00 
4.779382725246250629e-04 5.751263722777366638e-02 0.000000000000000000e+00 1.000000000000000000e+00 9.823717948717948234e-01 0.000000000000000000e+00 9.839228295819936188e-01 0.000000000000000000e+00 9.808306709265175449e-01 0.000000000000000000e+00 
4.742907476611435413e-04 5.728735774755477905e-02 0.000000000000000000e+00 1.000000000000000000e+00 9.823717948717948234e-01 0.000000000000000000e+00 9.839228295819936188e-01 0.000000000000000000e+00 9.808306709265175449e-01 0.000000000000000000e+00 
4.577767685987055302e-04 5.705373734235763550e-02 0.000000000000000000e+00 1.000000000000000000e+00 9.823717948717948234e-01 0.000000000000000000e+00 9.839228295819936188e-01 0.000000000000000000e+00 9.808306709265175449e-01 0.000000000000000000e+00 
4.638788232114166021e-04 5.689770728349685669e-02 0.000000000000000000e+00 1.000000000000000000e+00 9.823717948717948234e-01 0.000000000000000000e+00 9.839228295819936188e-01 0.000000000000000000e+00 9.808306709265175449e-01 0.000000000000000000e+00 
4.418535099830478430e-04 5.684389919042587280e-02 0.000000000000000000e+00 1.000000000000000000e+00 9.823717948717948234e-01 0.000000000000000000e+00 9.839228295819936188e-01 0.000000000000000000e+00 9.808306709265175449e-01 0.000000000000000000e+00 
4.472535511013120413e-04 5.658327043056488037e-02 0.000000000000000000e+00 1.000000000000000000e+00 9.823717948717948234e-01 0.000000000000000000e+00 9.839228295819936188e-01 0.000000000000000000e+00 9.808306709265175449e-01 0.000000000000000000e+00 
4.421893681865185499e-04 5.639577656984329224e-02 0.000000000000000000e+00 1.000000000000000000e+00 9.823717948717948234e-01 0.000000000000000000e+00 9.839228295819936188e-01 0.000000000000000000e+00 9.808306709265175449e-01 0.000000000000000000e+00 
4.317465354688465595e-04 5.629750341176986694e-02 0.000000000000000000e+00 1.000000000000000000e+00 9.823717948717948234e-01 0.000000000000000000e+00 9.839228295819936188e-01 0.000000000000000000e+00 9.808306709265175449e-01 0.000000000000000000e+00 
4.256417159922420979e-04 5.626105144619941711e-02 0.000000000000000000e+00 1.000000000000000000e+00 9.839743589743589203e-01 0.000000000000000000e+00 9.839743589743589203e-01 0.000000000000000000e+00 9.839743589743589203e-01 0.000000000000000000e+00 
4.139673837926238775e-04 5.623485520482063293e-02 0.000000000000000000e+00 1.000000000000000000e+00 9.855769230769231282e-01 0.000000000000000000e+00 9.840255591054313244e-01 0.000000000000000000e+00 9.871382636655948728e-01 0.000000000000000000e+00 
4.083832900505512953e-04 5.623828992247581482e-02 0.000000000000000000e+00 1.000000000000000000e+00 9.855769230769231282e-01 0.000000000000000000e+00 9.840255591054313244e-01 0.000000000000000000e+00 9.871382636655948728e-01 0.000000000000000000e+00 
4.056851321365684271e-04 5.621036142110824585e-02 0.000000000000000000e+00 1.000000000000000000e+00 9.855769230769231282e-01 0.000000000000000000e+00 9.840255591054313244e-01 0.000000000000000000e+00 9.871382636655948728e-01 0.000000000000000000e+00 
4.045523819513618946e-04 5.620391666889190674e-02 0.000000000000000000e+00 1.000000000000000000e+00 9.855769230769231282e-01 0.000000000000000000e+00 9.840255591054313244e-01 0.000000000000000000e+00 9.871382636655948728e-01 0.000000000000000000e+00 
3.860596625600010157e-04 5.608077719807624817e-02 0.000000000000000000e+00 1.000000000000000000e+00 9.855769230769231282e-01 0.000000000000000000e+00 9.840255591054313244e-01 0.000000000000000000e+00 9.871382636655948728e-01 0.000000000000000000e+00 
3.840875579044222832e-04 5.595012381672859192e-02 0.000000000000000000e+00 1.000000000000000000e+00 9.855769230769231282e-01 0.000000000000000000e+00 9.840255591054313244e-01 0.000000000000000000e+00 9.871382636655948728e-01 0.000000000000000000e+00 
3.866811457555741072e-04 5.583764240145683289e-02 0.000000000000000000e+00 1.000000000000000000e+00 9.855769230769231282e-01 0.000000000000000000e+00 9.840255591054313244e-01 0.000000000000000000e+00 9.871382636655948728e-01 0.000000000000000000e+00 
3.749393799807876348e-04 5.607225373387336731e-02 0.000000000000000000e+00 1.000000000000000000e+00 9.855769230769231282e-01 0.000000000000000000e+00 9.840255591054313244e-01 0.000000000000000000e+00 9.871382636655948728e-01 0.000000000000000000e+00 
3.650320868473500013e-04 5.634622275829315186e-02 0.000000000000000000e+00 1.000000000000000000e+00 9.855769230769231282e-01 0.000000000000000000e+00 9.840255591054313244e-01 0.000000000000000000e+00 9.871382636655948728e-01 0.000000000000000000e+00 
3.648416895885020494e-04 5.636269226670265198e-02 0.000000000000000000e+00 1.000000000000000000e+00 9.855769230769231282e-01 0.000000000000000000e+00 9.840255591054313244e-01 0.000000000000000000e+00 9.871382636655948728e-01 0.000000000000000000e+00 
3.568470419850200415e-04 5.626719072461128235e-02 0.000000000000000000e+00 1.000000000000000000e+00 9.855769230769231282e-01 0.000000000000000000e+00 9.840255591054313244e-01 0.000000000000000000e+00 9.871382636655948728e-01 0.000000000000000000e+00 
3.512393450364470482e-04 5.615463852882385254e-02 0.000000000000000000e+00 1.000000000000000000e+00 9.855769230769231282e-01 0.000000000000000000e+00 9.840255591054313244e-01 0.000000000000000000e+00 9.871382636655948728e-01 0.000000000000000000e+00 
3.450605727266520262e-04 5.590672418475151062e-02 0.000000000000000000e+00 1.000000000000000000e+00 9.855769230769231282e-01 0.000000000000000000e+00 9.840255591054313244e-01 0.000000000000000000e+00 9.871382636655948728e-01 0.000000000000000000e+00 
3.416217514313757420e-04 5.575763434171676636e-02 0.000000000000000000e+00 1.000000000000000000e+00 9.855769230769231282e-01 0.000000000000000000e+00 9.840255591054313244e-01 0.000000000000000000e+00 9.871382636655948728e-01 0.000000000000000000e+00 
3.388598270248621702e-04 5.580996349453926086e-02 0.000000000000000000e+00 1.000000000000000000e+00 9.855769230769231282e-01 0.000000000000000000e+00 9.840255591054313244e-01 0.000000000000000000e+00 9.871382636655948728e-01 0.000000000000000000e+00 
3.304063284303992987e-04 5.576821416616439819e-02 0.000000000000000000e+00 1.000000000000000000e+00 9.855769230769231282e-01 0.000000000000000000e+00 9.840255591054313244e-01 0.000000000000000000e+00 9.871382636655948728e-01 0.000000000000000000e+00 
3.251161251682788134e-04 5.567533522844314575e-02 0.000000000000000000e+00 1.000000000000000000e+00 9.855769230769231282e-01 0.000000000000000000e+00 9.840255591054313244e-01 0.000000000000000000e+00 9.871382636655948728e-01 0.000000000000000000e+00 
3.201627987436950207e-04 5.567753687500953674e-02 0.000000000000000000e+00 1.000000000000000000e+00 9.855769230769231282e-01 0.000000000000000000e+00 9.840255591054313244e-01 0.000000000000000000e+00 9.871382636655948728e-01 0.000000000000000000e+00 
3.127067466266453266e-04 5.555030703544616699e-02 0.000000000000000000e+00 1.000000000000000000e+00 9.855769230769231282e-01 0.000000000000000000e+00 9.840255591054313244e-01 0.000000000000000000e+00 9.871382636655948728e-01 0.000000000000000000e+00 
3.109076642431318760e-04 5.553606897592544556e-02 0.000000000000000000e+00 1.000000000000000000e+00 9.855769230769231282e-01 0.000000000000000000e+00 9.840255591054313244e-01 0.000000000000000000e+00 9.871382636655948728e-01 0.000000000000000000e+00 
3.265775158070027828e-04 5.557710677385330200e-02 0.000000000000000000e+00 1.000000000000000000e+00 9.855769230769231282e-01 0.000000000000000000e+00 9.840255591054313244e-01 0.000000000000000000e+00 9.871382636655948728e-01 0.000000000000000000e+00 
3.022429591510444880e-04 5.577724054455757141e-02 0.000000000000000000e+00 1.000000000000000000e+00 9.855769230769231282e-01 0.000000000000000000e+00 9.840255591054313244e-01 0.000000000000000000e+00 9.871382636655948728e-01 0.000000000000000000e+00 
2.984226739499717951e-04 5.584609135985374451e-02 0.000000000000000000e+00 1.000000000000000000e+00 9.855769230769231282e-01 0.000000000000000000e+00 9.840255591054313244e-01 0.000000000000000000e+00 9.871382636655948728e-01 0.000000000000000000e+00 
2.980875724460929632e-04 5.576450005173683167e-02 0.000000000000000000e+00 1.000000000000000000e+00 9.855769230769231282e-01 0.000000000000000000e+00 9.840255591054313244e-01 0.000000000000000000e+00 9.871382636655948728e-01 0.000000000000000000e+00 
2.913365315180271864e-04 5.563572049140930176e-02 0.000000000000000000e+00 1.000000000000000000e+00 9.855769230769231282e-01 0.000000000000000000e+00 9.840255591054313244e-01 0.000000000000000000e+00 9.871382636655948728e-01 0.000000000000000000e+00 
2.921000123023986816e-04 5.562906339764595032e-02 0.000000000000000000e+00 1.000000000000000000e+00 9.855769230769231282e-01 0.000000000000000000e+00 9.840255591054313244e-01 0.000000000000000000e+00 9.871382636655948728e-01 0.000000000000000000e+00 
2.793301828205585480e-04 5.611465126276016235e-02 0.000000000000000000e+00 1.000000000000000000e+00 9.855769230769231282e-01 0.000000000000000000e+00 9.840255591054313244e-01 0.000000000000000000e+00 9.871382636655948728e-01 0.000000000000000000e+00 
2.765443641692399979e-04 5.603222548961639404e-02 0.000000000000000000e+00 1.000000000000000000e+00 9.855769230769231282e-01 0.000000000000000000e+00 9.840255591054313244e-01 0.000000000000000000e+00 9.871382636655948728e-01 0.000000000000000000e+00 
2.746411191765218973e-04 5.599857121706008911e-02 0.000000000000000000e+00 1.000000000000000000e+00 9.855769230769231282e-01 0.000000000000000000e+00 9.840255591054313244e-01 0.000000000000000000e+00 9.871382636655948728e-01 0.000000000000000000e+00 
2.654980635270476341e-04 5.584678798913955688e-02 0.000000000000000000e+00 1.000000000000000000e+00 9.855769230769231282e-01 0.000000000000000000e+00 9.840255591054313244e-01 0.000000000000000000e+00 9.871382636655948728e-01 0.000000000000000000e+00 
2.650689275469630957e-04 5.580345168709754944e-02 0.000000000000000000e+00 1.000000000000000000e+00 9.855769230769231282e-01 0.000000000000000000e+00 9.840255591054313244e-01 0.000000000000000000e+00 9.871382636655948728e-01 0.000000000000000000e+00 
2.602962194941937923e-04 5.568296462297439575e-02 0.000000000000000000e+00 1.000000000000000000e+00 9.855769230769231282e-01 0.000000000000000000e+00 9.840255591054313244e-01 0.000000000000000000e+00 9.871382636655948728e-01 0.000000000000000000e+00 
2.610594092402607203e-04 5.584112182259559631e-02 0.000000000000000000e+00 1.000000000000000000e+00 9.855769230769231282e-01 0.000000000000000000e+00 9.840255591054313244e-01 0.000000000000000000e+00 9.871382636655948728e-01 0.000000000000000000e+00 
2.577387786004692316e-04 5.606010183691978455e-02 0.000000000000000000e+00 1.000000000000000000e+00 9.855769230769231282e-01 0.000000000000000000e+00 9.840255591054313244e-01 0.000000000000000000e+00 9.871382636655948728e-01 0.000000000000000000e+00 
2.530867350287735462e-04 5.604662746191024780e-02 0.000000000000000000e+00 1.000000000000000000e+00 9.855769230769231282e-01 0.000000000000000000e+00 9.840255591054313244e-01 0.000000000000000000e+00 9.871382636655948728e-01 0.000000000000000000e+00 
2.527305332478135824e-04 5.596284568309783936e-02 0.000000000000000000e+00 1.000000000000000000e+00 9.855769230769231282e-01 0.000000000000000000e+00 9.840255591054313244e-01 0.000000000000000000e+00 9.871382636655948728e-01 0.000000000000000000e+00 
2.474692300893366337e-04 5.583992972970008850e-02 0.000000000000000000e+00 1.000000000000000000e+00 9.855769230769231282e-01 0.000000000000000000e+00 9.840255591054313244e-01 0.000000000000000000e+00 9.871382636655948728e-01 0.000000000000000000e+00 
2.449457824695855379e-04 5.581986531615257263e-02 0.000000000000000000e+00 1.000000000000000000e+00 9.855769230769231282e-01 0.000000000000000000e+00 9.840255591054313244e-01 0.000000000000000000e+00 9.871382636655948728e-01 0.000000000000000000e+00 
2.355690085096284747e-04 5.569430068135261536e-02 0.000000000000000000e+00 1.000000000000000000e+00 9.855769230769231282e-01 0.000000000000000000e+00 9.840255591054313244e-01 0.000000000000000000e+00 9.871382636655948728e-01 0.000000000000000000e+00 
2.304686495335772634e-04 5.567100271582603455e-02 0.000000000000000000e+00 1.000000000000000000e+00 9.855769230769231282e-01 0.000000000000000000e+00 9.840255591054313244e-01 0.000000000000000000e+00 9.871382636655948728e-01 0.000000000000000000e+00 
2.298113977303728461e-04 5.580617114901542664e-02 0.000000000000000000e+00 1.000000000000000000e+00 9.855769230769231282e-01 0.000000000000000000e+00 9.840255591054313244e-01 0.000000000000000000e+00 9.871382636655948728e-01 0.000000000000000000e+00 
2.274297003168612719e-04 5.583858489990234375e-02 0.000000000000000000e+00 1.000000000000000000e+00 9.855769230769231282e-01 0.000000000000000000e+00 9.840255591054313244e-01 0.000000000000000000e+00 9.871382636655948728e-01 0.000000000000000000e+00 
2.273984573548659682e-04 5.578117072582244873e-02 0.000000000000000000e+00 1.000000000000000000e+00 9.855769230769231282e-01 0.000000000000000000e+00 9.840255591054313244e-01 0.000000000000000000e+00 9.871382636655948728e-01 0.000000000000000000e+00 
2.196226269006729126e-04 5.588755384087562561e-02 0.000000000000000000e+00 1.000000000000000000e+00 9.855769230769231282e-01 0.000000000000000000e+00 9.840255591054313244e-01 0.000000000000000000e+00 9.871382636655948728e-01 0.000000000000000000e+00 
2.189862861996516585e-04 5.585349723696708679e-02 0.000000000000000000e+00 1.000000000000000000e+00 9.855769230769231282e-01 0.000000000000000000e+00 9.840255591054313244e-01 0.000000000000000000e+00 9.871382636655948728e-01 0.000000000000000000e+00 
2.141438017133623362e-04 5.579150095582008362e-02 0.000000000000000000e+00 1.000000000000000000e+00 9.855769230769231282e-01 0.000000000000000000e+00 9.840255591054313244e-01 0.000000000000000000e+00 9.871382636655948728e-01 0.000000000000000000e+00 
2.138979325536638498e-04 5.581707879900932312e-02 0.000000000000000000e+00 1.000000000000000000e+00 9.871794871794872250e-01 0.000000000000000000e+00 9.840764331210191118e-01 0.000000000000000000e+00 9.903225806451613211e-01 0.000000000000000000e+00 
2.114222879754379392e-04 5.574457719922065735e-02 0.000000000000000000e+00 1.000000000000000000e+00 9.871794871794872250e-01 0.000000000000000000e+00 9.840764331210191118e-01 0.000000000000000000e+00 9.903225806451613211e-01 0.000000000000000000e+00 
2.100855199387297034e-04 5.583671480417251587e-02 0.000000000000000000e+00 1.000000000000000000e+00 9.871794871794872250e-01 0.000000000000000000e+00 9.840764331210191118e-01 0.000000000000000000e+00 9.903225806451613211e-01 0.000000000000000000e+00 
2.091539790853857994e-04 5.653019621968269348e-02 0.000000000000000000e+00 1.000000000000000000e+00 9.855769230769231282e-01 0.000000000000000000e+00 9.840255591054313244e-01 0.000000000000000000e+00 9.871382636655948728e-01 0.000000000000000000e+00 
2.003796835197135806e-04 5.636963620781898499e-02 0.000000000000000000e+00 1.000000000000000000e+00 9.855769230769231282e-01 0.000000000000000000e+00 9.840255591054313244e-01 0.000000000000000000e+00 9.871382636655948728e-01 0.000000000000000000e+00 
1.978981745196506381e-04 5.636346712708473206e-02 0.000000000000000000e+00 1.000000000000000000e+00 9.855769230769231282e-01 0.000000000000000000e+00 9.840255591054313244e-01 0.000000000000000000e+00 9.871382636655948728e-01 0.000000000000000000e+00 
1.941662048920989037e-04 5.637055262923240662e-02 0.000000000000000000e+00 1.000000000000000000e+00 9.855769230769231282e-01 0.000000000000000000e+00 9.840255591054313244e-01 0.000000000000000000e+00 9.871382636655948728e-01 0.000000000000000000e+00 
1.924358075484633446e-04 5.628418922424316406e-02 0.000000000000000000e+00 1.000000000000000000e+00 9.871794871794872250e-01 0.000000000000000000e+00 9.840764331210191118e-01 0.000000000000000000e+00 9.903225806451613211e-01 0.000000000000000000e+00 
1.902017247630283237e-04 5.619638040661811829e-02 0.000000000000000000e+00 1.000000000000000000e+00 9.871794871794872250e-01 0.000000000000000000e+00 9.840764331210191118e-01 0.000000000000000000e+00 9.903225806451613211e-01 0.000000000000000000e+00 
1.873013825388625264e-04 5.608080700039863586e-02 0.000000000000000000e+00 1.000000000000000000e+00 9.871794871794872250e-01 0.000000000000000000e+00 9.840764331210191118e-01 0.000000000000000000e+00 9.903225806451613211e-01 0.000000000000000000e+00 
1.820134348236024380e-04 5.609365180134773254e-02 0.000000000000000000e+00 1.000000000000000000e+00 9.871794871794872250e-01 0.000000000000000000e+00 9.840764331210191118e-01 0.000000000000000000e+00 9.903225806451613211e-01 0.000000000000000000e+00 
1.816036383388563991e-04 5.610772222280502319e-02 0.000000000000000000e+00 1.000000000000000000e+00 9.871794871794872250e-01 0.000000000000000000e+00 9.840764331210191118e-01 0.000000000000000000e+00 9.903225806451613211e-01 0.000000000000000000e+00 
1.766913046594709158e-04 5.614043399691581726e-02 0.000000000000000000e+00 1.000000000000000000e+00 9.871794871794872250e-01 0.000000000000000000e+00 9.840764331210191118e-01 0.000000000000000000e+00 9.903225806451613211e-01 0.000000000000000000e+00 
1.748283248161897063e-04 5.610046163201332092e-02 0.000000000000000000e+00 1.000000000000000000e+00 9.871794871794872250e-01 0.000000000000000000e+00 9.840764331210191118e-01 0.000000000000000000e+00 9.903225806451613211e-01 0.000000000000000000e+00 
1.753156975610181689e-04 5.611560866236686707e-02 0.000000000000000000e+00 1.000000000000000000e+00 9.871794871794872250e-01 0.000000000000000000e+00 9.840764331210191118e-01 0.000000000000000000e+00 9.903225806451613211e-01 0.000000000000000000e+00 
1.711948425509035587e-04 5.610505118966102600e-02 0.000000000000000000e+00 1.000000000000000000e+00 9.871794871794872250e-01 0.000000000000000000e+00 9.840764331210191118e-01 0.000000000000000000e+00 9.903225806451613211e-01 0.000000000000000000e+00 
1.730952062644064426e-04 5.611027404665946960e-02 0.000000000000000000e+00 1.000000000000000000e+00 9.871794871794872250e-01 0.000000000000000000e+00 9.840764331210191118e-01 0.000000000000000000e+00 9.903225806451613211e-01 0.000000000000000000e+00 
1.664658630033954978e-04 5.625257641077041626e-02 0.000000000000000000e+00 1.000000000000000000e+00 9.871794871794872250e-01 0.000000000000000000e+00 9.840764331210191118e-01 0.000000000000000000e+00 9.903225806451613211e-01 0.000000000000000000e+00 
1.692901569185778499e-04 5.630345270037651062e-02 0.000000000000000000e+00 1.000000000000000000e+00 9.871794871794872250e-01 0.000000000000000000e+00 9.840764331210191118e-01 0.000000000000000000e+00 9.903225806451613211e-01 0.000000000000000000e+00 
1.636341767152771354e-04 5.630680918693542480e-02 0.000000000000000000e+00 1.000000000000000000e+00 9.871794871794872250e-01 0.000000000000000000e+00 9.840764331210191118e-01 0.000000000000000000e+00 9.903225806451613211e-01 0.000000000000000000e+00 
1.594298955751582980e-04 5.629245564341545105e-02 0.000000000000000000e+00 1.000000000000000000e+00 9.871794871794872250e-01 0.000000000000000000e+00 9.840764331210191118e-01 0.000000000000000000e+00 9.903225806451613211e-01 0.000000000000000000e+00 
1.584671263117343187e-04 5.635092779994010925e-02 0.000000000000000000e+00 1.000000000000000000e+00 9.871794871794872250e-01 0.000000000000000000e+00 9.840764331210191118e-01 0.000000000000000000e+00 9.903225806451613211e-01 0.000000000000000000e+00 
1.576548675075173378e-04 5.651914328336715698e-02 0.000000000000000000e+00 1.000000000000000000e+00 9.871794871794872250e-01 0.000000000000000000e+00 9.840764331210191118e-01 0.000000000000000000e+00 9.903225806451613211e-01 0.000000000000000000e+00 
1.527620333945378661e-04 5.645256862044334412e-02 0.000000000000000000e+00 1.000000000000000000e+00 9.871794871794872250e-01 0.000000000000000000e+00 9.840764331210191118e-01 0.000000000000000000e+00 9.903225806451613211e-01 0.000000000000000000e+00 
1.517351920483633876e-04 5.641467124223709106e-02 0.000000000000000000e+00 1.000000000000000000e+00 9.871794871794872250e-01 0.000000000000000000e+00 9.840764331210191118e-01 0.000000000000000000e+00 9.903225806451613211e-01 0.000000000000000000e+00 
1.500451908214017749e-04 5.646269395947456360e-02 0.000000000000000000e+00 1.000000000000000000e+00 9.871794871794872250e-01 0.000000000000000000e+00 9.840764331210191118e-01 0.000000000000000000e+00 9.903225806451613211e-01 0.000000000000000000e+00 
1.457499893149361014e-04 5.652074888348579407e-02 0.000000000000000000e+00 1.000000000000000000e+00 9.871794871794872250e-01 0.000000000000000000e+00 9.840764331210191118e-01 0.000000000000000000e+00 9.903225806451613211e-01 0.000000000000000000e+00 
1.454221055610105395e-04 5.659896880388259888e-02 0.000000000000000000e+00 1.000000000000000000e+00 9.871794871794872250e-01 0.000000000000000000e+00 9.840764331210191118e-01 0.000000000000000000e+00 9.903225806451613211e-01 0.000000000000000000e+00 
1.455339224776253104e-04 5.668549612164497375e-02 0.000000000000000000e+00 1.000000000000000000e+00 9.871794871794872250e-01 0.000000000000000000e+00 9.840764331210191118e-01 0.000000000000000000e+00 9.903225806451613211e-01 0.000000000000000000e+00 
1.421985944034531713e-04 5.674852430820465088e-02 0.000000000000000000e+00 1.000000000000000000e+00 9.871794871794872250e-01 0.000000000000000000e+00 9.840764331210191118e-01 0.000000000000000000e+00 9.903225806451613211e-01 0.000000000000000000e+00 
1.391791593050584197e-04 5.676238611340522766e-02 0.000000000000000000e+00 1.000000000000000000e+00 9.871794871794872250e-01 0.000000000000000000e+00 9.840764331210191118e-01 0.000000000000000000e+00 9.903225806451613211e-01 0.000000000000000000e+00 
1.381880865665152669e-04 5.681817978620529175e-02 0.000000000000000000e+00 1.000000000000000000e+00 9.871794871794872250e-01 0.000000000000000000e+00 9.840764331210191118e-01 0.000000000000000000e+00 9.903225806451613211e-01 0.000000000000000000e+00 
1.359064190182834864e-04 5.685742944478988647e-02 0.000000000000000000e+00 1.000000000000000000e+00 9.871794871794872250e-01 0.000000000000000000e+00 9.840764331210191118e-01 0.000000000000000000e+00 9.903225806451613211e-01 0.000000000000000000e+00 
1.341046154266223311e-04 5.687289312481880188e-02 0.000000000000000000e+00 1.000000000000000000e+00 9.871794871794872250e-01 0.000000000000000000e+00 9.840764331210191118e-01 0.000000000000000000e+00 9.903225806451613211e-01 0.000000000000000000e+00 
1.304518227698281407e-04 5.692379549145698547e-02 0.000000000000000000e+00 1.000000000000000000e+00 9.871794871794872250e-01 0.000000000000000000e+00 9.840764331210191118e-01 0.000000000000000000e+00 9.903225806451613211e-01 0.000000000000000000e+00 
1.290330401388928294e-04 5.693415552377700806e-02 0.000000000000000000e+00 1.000000000000000000e+00 9.871794871794872250e-01 0.000000000000000000e+00 9.840764331210191118e-01 0.000000000000000000e+00 9.903225806451613211e-01 0.000000000000000000e+00 
1.274637616006657481e-04 5.688547715544700623e-02 0.000000000000000000e+00 1.000000000000000000e+00 9.871794871794872250e-01 0.000000000000000000e+00 9.840764331210191118e-01 0.000000000000000000e+00 9.903225806451613211e-01 0.000000000000000000e+00 
1.267871557502076030e-04 5.687727779150009155e-02 0.000000000000000000e+00 1.000000000000000000e+00 9.871794871794872250e-01 0.000000000000000000e+00 9.840764331210191118e-01 0.000000000000000000e+00 9.903225806451613211e-01 0.000000000000000000e+00 
1.244712184416130185e-04 5.693432688713073730e-02 0.000000000000000000e+00 1.000000000000000000e+00 9.871794871794872250e-01 0.000000000000000000e+00 9.840764331210191118e-01 0.000000000000000000e+00 9.903225806451613211e-01 0.000000000000000000e+00 
1.247604668606072664e-04 5.704718455672264099e-02 0.000000000000000000e+00 1.000000000000000000e+00 9.871794871794872250e-01 0.000000000000000000e+00 9.840764331210191118e-01 0.000000000000000000e+00 9.903225806451613211e-01 0.000000000000000000e+00 
1.193892894661985338e-04 5.711441859602928162e-02 0.000000000000000000e+00 1.000000000000000000e+00 9.871794871794872250e-01 0.000000000000000000e+00 9.840764331210191118e-01 0.000000000000000000e+00 9.903225806451613211e-01 0.000000000000000000e+00 
1.188453534268774092e-04 5.737358704209327698e-02 0.000000000000000000e+00 1.000000000000000000e+00 9.871794871794872250e-01 0.000000000000000000e+00 9.840764331210191118e-01 0.000000000000000000e+00 9.903225806451613211e-01 0.000000000000000000e+00 
1.172119737020693719e-04 5.739673227071762085e-02 0.000000000000000000e+00 1.000000000000000000e+00 9.871794871794872250e-01 0.000000000000000000e+00 9.840764331210191118e-01 0.000000000000000000e+00 9.903225806451613211e-01 0.000000000000000000e+00 
1.165577486972324550e-04 5.747788026928901672e-02 0.000000000000000000e+00 1.000000000000000000e+00 9.871794871794872250e-01 0.000000000000000000e+00 9.840764331210191118e-01 0.000000000000000000e+00 9.903225806451613211e-01 0.000000000000000000e+00 
1.144251436926424503e-04 5.743707716464996338e-02 0.000000000000000000e+00 1.000000000000000000e+00 9.871794871794872250e-01 0.000000000000000000e+00 9.840764331210191118e-01 0.000000000000000000e+00 9.903225806451613211e-01 0.000000000000000000e+00 
1.125697308452799916e-04 5.744542926549911499e-02 0.000000000000000000e+00 1.000000000000000000e+00 9.871794871794872250e-01 0.000000000000000000e+00 9.840764331210191118e-01 0.000000000000000000e+00 9.903225806451613211e-01 0.000000000000000000e+00 
1.109453296521678567e-04 5.740657448768615723e-02 0.000000000000000000e+00 1.000000000000000000e+00 9.871794871794872250e-01 0.000000000000000000e+00 9.840764331210191118e-01 0.000000000000000000e+00 9.903225806451613211e-01 0.000000000000000000e+00 
1.153392950072884560e-04 5.747547745704650879e-02 0.000000000000000000e+00 1.000000000000000000e+00 9.871794871794872250e-01 0.000000000000000000e+00 9.840764331210191118e-01 0.000000000000000000e+00 9.903225806451613211e-01 0.000000000000000000e+00 
1.079960493370890617e-04 5.754927545785903931e-02 0.000000000000000000e+00 1.000000000000000000e+00 9.871794871794872250e-01 0.000000000000000000e+00 9.840764331210191118e-01 0.000000000000000000e+00 9.903225806451613211e-01 0.000000000000000000e+00 
1.054387466865591705e-04 5.756362527608871460e-02 0.000000000000000000e+00 1.000000000000000000e+00 9.871794871794872250e-01 0.000000000000000000e+00 9.840764331210191118e-01 0.000000000000000000e+00 9.903225806451613211e-01 0.000000000000000000e+00 
1.063716626958921552e-04 5.755415558815002441e-02 0.000000000000000000e+00 1.000000000000000000e+00 9.887820512820513219e-01 0.000000000000000000e+00 9.841269841269840724e-01 0.000000000000000000e+00 9.935275080906148526e-01 0.000000000000000000e+00 
1.033389489748515189e-04 5.773162469267845154e-02 0.000000000000000000e+00 1.000000000000000000e+00 9.871794871794872250e-01 0.000000000000000000e+00 9.840764331210191118e-01 0.000000000000000000e+00 9.903225806451613211e-01 0.000000000000000000e+00 
1.026161698973737657e-04 5.781271681189537048e-02 0.000000000000000000e+00 1.000000000000000000e+00 9.871794871794872250e-01 0.000000000000000000e+00 9.840764331210191118e-01 0.000000000000000000e+00 9.903225806451613211e-01 0.000000000000000000e+00 
1.006579768727533519e-04 5.782572552561759949e-02 0.000000000000000000e+00 1.000000000000000000e+00 9.871794871794872250e-01 0.000000000000000000e+00 9.840764331210191118e-01 0.000000000000000000e+00 9.903225806451613211e-01 0.000000000000000000e+00 
1.000916818156838417e-04 5.782638490200042725e-02 0.000000000000000000e+00 1.000000000000000000e+00 9.887820512820513219e-01 0.000000000000000000e+00 9.841269841269840724e-01 0.000000000000000000e+00 9.935275080906148526e-01 0.000000000000000000e+00 
9.681010124040767550e-05 5.785711109638214111e-02 0.000000000000000000e+00 1.000000000000000000e+00 9.887820512820513219e-01 0.000000000000000000e+00 9.841269841269840724e-01 0.000000000000000000e+00 9.935275080906148526e-01 0.000000000000000000e+00 
9.638387564336881042e-05 5.793856456875801086e-02 0.000000000000000000e+00 1.000000000000000000e+00 9.887820512820513219e-01 0.000000000000000000e+00 9.841269841269840724e-01 0.000000000000000000e+00 9.935275080906148526e-01 0.000000000000000000e+00 
9.538541053188964725e-05 5.800139531493186951e-02 0.000000000000000000e+00 1.000000000000000000e+00 9.887820512820513219e-01 0.000000000000000000e+00 9.841269841269840724e-01 0.000000000000000000e+00 9.935275080906148526e-01 0.000000000000000000e+00 
9.424387098988518119e-05 5.802029743790626526e-02 0.000000000000000000e+00 1.000000000000000000e+00 9.887820512820513219e-01 0.000000000000000000e+00 9.841269841269840724e-01 0.000000000000000000e+00 9.935275080906148526e-01 0.000000000000000000e+00 
9.387132013216614723e-05 5.800800025463104248e-02 0.000000000000000000e+00 1.000000000000000000e+00 9.887820512820513219e-01 0.000000000000000000e+00 9.841269841269840724e-01 0.000000000000000000e+00 9.935275080906148526e-01 0.000000000000000000e+00 
9.148988465312868357e-05 5.808056890964508057e-02 0.000000000000000000e+00 1.000000000000000000e+00 9.887820512820513219e-01 0.000000000000000000e+00 9.841269841269840724e-01 0.000000000000000000e+00 9.935275080906148526e-01 0.000000000000000000e+00 
9.020975994644686580e-05 5.814068391919136047e-02 0.000000000000000000e+00 1.000000000000000000e+00 9.887820512820513219e-01 0.000000000000000000e+00 9.841269841269840724e-01 0.000000000000000000e+00 9.935275080906148526e-01 0.000000000000000000e+00 
