1.519416421651840210e-01 1.522534936666488647e-01 1.517474204301834106e-01 1.514489203691482544e-01 1.515227407217025757e-01 1.518998742103576660e-01 1.516429483890533447e-01 1.520916074514389038e-01 1.517477333545684814e-01 1.517291963100433350e-01 1.520958244800567627e-01 1.516226828098297119e-01 1.509957611560821533e-01 1.520055681467056274e-01 1.517928838729858398e-01 1.515388488769531250e-01 1.518802940845489502e-01 1.519196331501007080e-01 1.524887084960937500e-01 1.522003561258316040e-01 1.517551094293594360e-01 1.516047269105911255e-01 0.000000000000000000e+00 0.000000000000000000e+00 
2.770084538497030735e-04 3.887104976456612349e-04 4.308327625039964914e-04 4.196284280624240637e-04 3.659372741822153330e-04 3.607122052926570177e-04 4.256190150044858456e-04 3.981178742833435535e-04 3.916329296771436930e-04 3.696069761645048857e-04 4.037187318317592144e-04 3.986498632002621889e-04 4.194205976091325283e-04 4.166092840023338795e-04 3.827584441751241684e-04 4.052336444146931171e-04 4.142342077102512121e-04 4.115509218536317348e-04 3.629415587056428194e-04 4.132101312279701233e-04 3.773412317968904972e-04 2.791221486404538155e-04 0.000000000000000000e+00 0.000000000000000000e+00 
4.047746062278747559e-01 4.020251035690307617e-01 4.030335247516632080e-01 4.052660167217254639e-01 4.035536348819732666e-01 4.036733508110046387e-01 4.027311801910400391e-01 4.071927070617675781e-01 4.131841361522674561e-01 4.010374248027801514e-01 4.031406939029693604e-01 4.056023955345153809e-01 4.024794399738311768e-01 4.006954729557037354e-01 4.007223546504974365e-01 4.033945798873901367e-01 4.006615877151489258e-01 4.055600166320800781e-01 3.986183702945709229e-01 4.023955166339874268e-01 3.999881148338317871e-01 4.048863053321838379e-01 0.000000000000000000e+00 0.000000000000000000e+00 
1.958053559064865112e-03 2.774170367047190666e-03 2.683707512915134430e-03 2.788965823128819466e-03 3.034226596355438232e-03 2.366395434364676476e-03 2.880073850974440575e-03 2.717235358431935310e-03 2.750447252765297890e-03 2.798365196213126183e-03 2.717412542551755905e-03 2.848334377631545067e-03 2.919950522482395172e-03 2.774973632767796516e-03 2.663926221430301666e-03 2.802075119689106941e-03 2.804204588755965233e-03 2.854437334463000298e-03 2.851635683327913284e-03 2.800532849505543709e-03 2.695123199373483658e-03 1.801825477741658688e-03 0.000000000000000000e+00 0.000000000000000000e+00 
4.628056883811950684e-01 4.597789049148559570e-01 4.617081284523010254e-01 4.647633433341979980e-01 4.642226397991180420e-01 4.641123116016387939e-01 4.627420008182525635e-01 4.690307676792144775e-01 4.739508926868438721e-01 4.643767774105072021e-01 4.679405093193054199e-01 4.708796143531799316e-01 4.683165848255157471e-01 4.681671857833862305e-01 4.721308946609497070e-01 4.764032661914825439e-01 4.748824536800384521e-01 4.812194108963012695e-01 4.771511256694793701e-01 4.816557168960571289e-01 4.805390238761901855e-01 4.860901534557342529e-01 0.000000000000000000e+00 0.000000000000000000e+00 
1.811459078453481197e-03 2.508430043235421181e-03 2.563380170613527298e-03 2.458848292008042336e-03 2.763793803751468658e-03 2.148795640096068382e-03 2.701941411942243576e-03 2.386376494541764259e-03 2.522969385609030724e-03 2.498625079169869423e-03 2.474897308275103569e-03 2.573129255324602127e-03 2.621469553560018539e-03 2.394472481682896614e-03 2.363550011068582535e-03 2.364223357290029526e-03 2.440212760120630264e-03 2.411597641184926033e-03 2.483533695340156555e-03 2.365741645917296410e-03 2.305165398865938187e-03 1.468249363824725151e-03 0.000000000000000000e+00 0.000000000000000000e+00 
4.192389547824859619e-01 4.168469011783599854e-01 4.217663407325744629e-01 4.289238154888153076e-01 4.299264550209045410e-01 4.275882542133331299e-01 4.270491600036621094e-01 4.385741353034973145e-01 4.469586014747619629e-01 4.375817775726318359e-01 4.444791972637176514e-01 4.493937492370605469e-01 4.538677036762237549e-01 4.592646062374114990e-01 4.681064784526824951e-01 4.823724925518035889e-01 4.877145290374755859e-01 5.024244785308837891e-01 5.031387209892272949e-01 5.132507681846618652e-01 5.158261060714721680e-01 5.273932218551635742e-01 0.000000000000000000e+00 0.000000000000000000e+00 
2.318605082109570503e-03 3.193070879206061363e-03 3.237569471821188927e-03 3.274357412010431290e-03 3.578048432245850563e-03 2.964981365948915482e-03 3.329051658511161804e-03 3.226238070055842400e-03 3.393003018572926521e-03 3.509409725666046143e-03 3.553122980520129204e-03 3.528945380821824074e-03 3.453525947406888008e-03 3.445581533014774323e-03 3.226355882361531258e-03 3.280552802607417107e-03 3.369616577401757240e-03 3.324982943013310432e-03 3.405558876693248749e-03 3.270352957770228386e-03 3.093667095527052879e-03 1.899251714348793030e-03 0.000000000000000000e+00 0.000000000000000000e+00 
3.574896454811096191e-01 3.575488328933715820e-01 3.653329610824584961e-01 3.768422305583953857e-01 3.811329603195190430e-01 3.766894936561584473e-01 3.778471946716308594e-01 3.985125720500946045e-01 4.083850979804992676e-01 4.059727489948272705e-01 4.193898737430572510e-01 4.291761219501495361e-01 4.504381716251373291e-01 4.700889587402343750e-01 4.974443018436431885e-01 5.357430577278137207e-01 5.566606521606445312e-01 5.903792977333068848e-01 6.031508445739746094e-01 6.240984201431274414e-01 6.332790851593017578e-01 6.512025594711303711e-01 0.000000000000000000e+00 0.000000000000000000e+00 
2.484719036146998405e-03 3.408817341551184654e-03 3.585804020985960960e-03 4.015352111309766769e-03 4.197207279503345490e-03 3.559927921742200851e-03 3.956392407417297363e-03 4.290507175028324127e-03 4.520825110375881195e-03 4.600211046636104584e-03 4.982792306691408157e-03 4.944274201989173889e-03 4.898324608802795410e-03 5.189043935388326645e-03 4.785530734807252884e-03 4.596542567014694214e-03 4.724547266960144043e-03 4.448777996003627777e-03 4.177918657660484314e-03 3.770468756556510925e-03 3.362637246027588844e-03 1.849681255407631397e-03 0.000000000000000000e+00 0.000000000000000000e+00 
2.703882753849029541e-01 2.728182077407836914e-01 2.806137502193450928e-01 2.923047244548797607e-01 2.982280552387237549e-01 2.940835356712341309e-01 2.965542376041412354e-01 3.220874667167663574e-01 3.345032632350921631e-01 3.383100330829620361e-01 3.596642911434173584e-01 3.781025111675262451e-01 4.212505221366882324e-01 4.638945162296295166e-01 5.253912806510925293e-01 5.993664264678955078e-01 6.416343450546264648e-01 6.934544444084167480e-01 7.170996069908142090e-01 7.422922253608703613e-01 7.538862824440002441e-01 7.685078382492065430e-01 0.000000000000000000e+00 0.000000000000000000e+00 
2.032883930951356888e-03 2.772706095129251480e-03 3.072547959163784981e-03 3.847261890769004822e-03 3.994363360106945038e-03 3.450303804129362106e-03 3.872633213177323341e-03 4.616734106093645096e-03 5.036198999732732773e-03 5.337494425475597382e-03 6.395016331225633621e-03 6.323080044239759445e-03 6.693925242871046066e-03 7.601942401379346848e-03 6.963063962757587433e-03 6.151448935270309448e-03 5.812992807477712631e-03 4.948401823639869690e-03 4.001723602414131165e-03 2.966776490211486816e-03 2.478492446243762970e-03 1.175013836473226547e-03 0.000000000000000000e+00 0.000000000000000000e+00 
1.923351287841796875e-01 1.952059566974639893e-01 2.009977251291275024e-01 2.081081718206405640e-01 2.135512977838516235e-01 2.105761766433715820e-01 2.129391878843307495e-01 2.334440201520919800e-01 2.445276677608489990e-01 2.511321306228637695e-01 2.743622064590454102e-01 2.936074137687683105e-01 3.494522869586944580e-01 4.124398827552795410e-01 5.048052668571472168e-01 6.179736256599426270e-01 6.820499897003173828e-01 7.493354678153991699e-01 7.797378301620483398e-01 8.053466677665710449e-01 8.167368769645690918e-01 8.282703757286071777e-01 0.000000000000000000e+00 0.000000000000000000e+00 
1.318895840086042881e-03 1.696273335255682468e-03 2.072549192234873772e-03 2.700627548620104790e-03 2.846822841092944145e-03 2.562073525041341782e-03 2.893348922953009605e-03 3.770508803427219391e-03 4.232596606016159058e-03 4.754294175654649734e-03 6.402094382792711258e-03 6.382084917277097702e-03 7.559815887361764908e-03 9.419918060302734375e-03 9.045324288308620453e-03 7.843235507607460022e-03 6.875813938677310944e-03 5.240036640316247940e-03 3.649815451353788376e-03 2.380846766754984856e-03 1.861081109382212162e-03 8.135724929161369801e-04 0.000000000000000000e+00 0.000000000000000000e+00 
1.322151571512222290e-01 1.343914121389389038e-01 1.388788819313049316e-01 1.430695056915283203e-01 1.470324695110321045e-01 1.456526070833206177e-01 1.476116478443145752e-01 1.633232831954956055e-01 1.725780069828033447e-01 1.808067411184310913e-01 2.038436233997344971e-01 2.217156589031219482e-01 2.864098548889160156e-01 3.660947382450103760e-01 4.854457080364227295e-01 6.365574598312377930e-01 7.196811437606811523e-01 7.939839363098144531e-01 8.262079954147338867e-01 8.484814763069152832e-01 8.581914901733398438e-01 8.667050600051879883e-01 0.000000000000000000e+00 0.000000000000000000e+00 
8.922594715841114521e-04 1.180383609607815742e-03 1.502136117778718472e-03 1.869641942903399467e-03 2.030608244240283966e-03 1.943259849213063717e-03 2.252597361803054810e-03 3.135945415124297142e-03 3.656463464722037315e-03 4.351301584392786026e-03 6.208873353898525238e-03 6.308586336672306061e-03 8.149477653205394745e-03 1.094818580895662308e-02 1.101158838719129562e-02 9.434253908693790436e-03 7.646610960364341736e-03 5.153326783329248428e-03 3.030963474884629250e-03 1.811548834666609764e-03 1.363543211482465267e-03 5.632881657220423222e-04 0.000000000000000000e+00 0.000000000000000000e+00 
9.968607127666473389e-02 1.012039482593536377e-01 1.044468060135841370e-01 1.072785779833793640e-01 1.101058796048164368e-01 1.095997765660285950e-01 1.111775562167167664e-01 1.231879219412803650e-01 1.311918050050735474e-01 1.394654810428619385e-01 1.627897620201110840e-01 1.799861639738082886e-01 2.551489770412445068e-01 3.563663661479949951e-01 5.073629021644592285e-01 6.856952309608459473e-01 7.732993960380554199e-01 8.386447429656982422e-01 8.654777407646179199e-01 8.813630938529968262e-01 8.883810043334960938e-01 8.938818573951721191e-01 0.000000000000000000e+00 0.000000000000000000e+00 
5.878069205209612846e-04 7.794032571837306023e-04 1.026960439048707485e-03 1.268901978619396687e-03 1.450279843993484974e-03 1.387422089464962482e-03 1.735796453431248665e-03 2.568835392594337463e-03 3.362360643222928047e-03 4.179940093308687210e-03 6.403021514415740967e-03 6.726030725985765457e-03 9.342101402580738068e-03 1.303750369697809219e-02 1.279331278055906296e-02 9.981285780668258667e-03 7.172408979386091232e-03 4.243740346282720566e-03 2.120625460520386696e-03 1.215135329402983189e-03 8.939647232182323933e-04 3.677349886856973171e-04 0.000000000000000000e+00 0.000000000000000000e+00 
7.963868975639343262e-02 8.071442693471908569e-02 8.313131332397460938e-02 8.505710214376449585e-02 8.713816106319427490e-02 8.697185665369033813e-02 8.822988718748092651e-02 9.722488373517990112e-02 1.039222180843353271e-01 1.114846393465995789e-01 1.333263069391250610e-01 1.489316672086715698e-01 2.275402843952178955e-01 3.444175124168395996e-01 5.230783224105834961e-01 7.220177650451660156e-01 8.102766871452331543e-01 8.678687810897827148e-01 8.902961611747741699e-01 9.023957848548889160e-01 9.078274369239807129e-01 9.118779301643371582e-01 0.000000000000000000e+00 0.000000000000000000e+00 
4.119001678191125393e-04 5.349463899619877338e-04 7.336902781389653683e-04 8.885042625479400158e-04 1.052442472428083420e-03 9.945193305611610413e-04 1.308551407419145107e-03 2.024283865466713905e-03 3.030288033187389374e-03 3.815850708633661270e-03 6.229187827557325363e-03 6.755841430276632309e-03 1.002654340118169785e-02 1.472883857786655426e-02 1.434536371380090714e-02 1.032986398786306381e-02 6.663856096565723419e-03 3.586790524423122406e-03 1.577357295900583267e-03 8.957424433901906013e-04 6.519447779282927513e-04 2.678322198335081339e-04 0.000000000000000000e+00 0.000000000000000000e+00 
6.560197472572326660e-02 6.644348800182342529e-02 6.829597800970077515e-02 6.964193284511566162e-02 7.123704254627227783e-02 7.119839638471603394e-02 7.222612947225570679e-02 7.911922037601470947e-02 8.481722325086593628e-02 9.161546826362609863e-02 1.119432970881462097e-01 1.258427798748016357e-01 2.062377929687500000e-01 3.351717591285705566e-01 5.385259985923767090e-01 7.521923780441284180e-01 8.385013937950134277e-01 8.889580965042114258e-01 9.078163504600524902e-01 9.173121452331542969e-01 9.216582179069519043e-01 9.247317314147949219e-01 0.000000000000000000e+00 0.000000000000000000e+00 
3.102427290286868811e-04 3.992668353021144867e-04 5.606317427009344101e-04 6.604806985706090927e-04 7.914215675555169582e-04 7.430189289152622223e-04 1.007538172416388988e-03 1.616189489141106606e-03 2.754658693447709084e-03 3.487970214337110519e-03 6.031765136867761612e-03 6.684163119643926620e-03 1.054934784770011902e-02 1.617668382823467255e-02 1.565129309892654419e-02 1.048794854432344437e-02 6.128973793238401413e-03 3.106526331976056099e-03 1.213108771480619907e-03 6.925887428224086761e-04 4.997712676413357258e-04 2.043077984126284719e-04 0.000000000000000000e+00 0.000000000000000000e+00 
5.535408854484558105e-02 5.605532601475715637e-02 5.754858255386352539e-02 5.863102898001670837e-02 5.992589145898818970e-02 5.997487902641296387e-02 6.082862615585327148e-02 6.665700674057006836e-02 7.193025201559066772e-02 7.829587906599044800e-02 9.841658920049667358e-02 1.118212491273880005e-01 1.971119344234466553e-01 3.391109108924865723e-01 5.663676261901855469e-01 7.845164537429809570e-01 8.639227151870727539e-01 9.060717821121215820e-01 9.214410185813903809e-01 9.288030862808227539e-01 9.322592020034790039e-01 9.345707893371582031e-01 0.000000000000000000e+00 0.000000000000000000e+00 
2.560109714977443218e-04 3.281808167230337858e-04 4.629646427929401398e-04 5.401146481744945049e-04 6.490837549790740013e-04 6.134599098004400730e-04 8.365132380276918411e-04 1.410291530191898346e-03 2.676942385733127594e-03 3.376486711204051971e-03 6.145081017166376114e-03 6.916433572769165039e-03 1.137693133205175400e-02 1.761381886899471283e-02 1.651343330740928650e-02 1.016118936240673065e-02 5.368706770241260529e-03 2.624052111059427261e-03 9.232566226273775101e-04 5.370707367546856403e-04 3.823706356342881918e-04 1.585897698532789946e-04 0.000000000000000000e+00 0.000000000000000000e+00 
4.748224839568138123e-02 4.808320477604866028e-02 4.932495951652526855e-02 5.024484917521476746e-02 5.131996050477027893e-02 5.142906308174133301e-02 5.214470997452735901e-02 5.732240900397300720e-02 6.240128353238105774e-02 6.849994510412216187e-02 8.886953443288803101e-02 1.023771911859512329e-01 1.938091665506362915e-01 3.486665487289428711e-01 5.978000760078430176e-01 8.134589791297912598e-01 8.846474885940551758e-01 9.195145964622497559e-01 9.319944381713867188e-01 9.377847313880920410e-01 9.405562281608581543e-01 9.423204064369201660e-01 0.000000000000000000e+00 0.000000000000000000e+00 
2.222001930931583047e-04 2.821168454829603434e-04 3.996490559075027704e-04 4.636753874365240335e-04 5.561539437621831894e-04 5.305473459884524345e-04 7.217499660328030586e-04 1.289657317101955414e-03 2.707115141674876213e-03 3.364489646628499031e-03 6.382956169545650482e-03 7.290914654731750488e-03 1.233993843197822571e-02 1.894210465252399445e-02 1.702521555125713348e-02 9.629015810787677765e-03 4.630991723388433456e-03 2.214604057371616364e-03 7.182005792856216431e-04 4.230402118992060423e-04 2.973481023218482733e-04 1.258865668205544353e-04 0.000000000000000000e+00 0.000000000000000000e+00 
4.118296504020690918e-02 4.170487448573112488e-02 4.271619394421577454e-02 4.346495866775512695e-02 4.434594139456748962e-02 4.448523744940757751e-02 4.506411403417587280e-02 4.949041455984115601e-02 5.426728352904319763e-02 5.984552204608917236e-02 7.976700365543365479e-02 9.271211177110671997e-02 1.863271445035934448e-01 3.500649034976959229e-01 6.168301701545715332e-01 8.325703740119934082e-01 8.989204764366149902e-01 9.292508363723754883e-01 9.399355649948120117e-01 9.447439908981323242e-01 9.470728635787963867e-01 9.485095143318176270e-01 0.000000000000000000e+00 0.000000000000000000e+00 
1.925565156852826476e-04 2.425457059871405363e-04 3.434658283367753029e-04 3.933278785552829504e-04 4.656452802009880543e-04 4.522941308096051216e-04 6.075933924876153469e-04 1.135737751610577106e-03 2.647292567417025566e-03 3.224291605874896049e-03 6.413558498024940491e-03 7.385808974504470825e-03 1.292483136057853699e-02 1.997601799666881561e-02 1.758467964828014374e-02 9.393060579895973206e-03 4.178615752607584000e-03 1.983037916943430901e-03 5.924695287831127644e-04 3.509162052068859339e-04 2.446919097565114498e-04 1.050560022122226655e-04 0.000000000000000000e+00 0.000000000000000000e+00 
3.618635237216949463e-02 3.664700686931610107e-02 3.749249130487442017e-02 3.813334554433822632e-02 3.888048976659774780e-02 3.903037309646606445e-02 3.953988105058670044e-02 4.345405474305152893e-02 4.812321066856384277e-02 5.333153903484344482e-02 7.332786917686462402e-02 8.620432764291763306e-02 1.837592720985412598e-01 3.566760122776031494e-01 6.393488645553588867e-01 8.507429957389831543e-01 9.113489985466003418e-01 9.374238848686218262e-01 9.465199708938598633e-01 9.505259394645690918e-01 9.524911642074584961e-01 9.536738991737365723e-01 0.000000000000000000e+00 0.000000000000000000e+00 
1.722777087707072496e-04 2.164552133763208985e-04 3.042112803086638451e-04 3.444389440119266510e-04 4.071311850566416979e-04 4.005650116596370935e-04 5.340810166671872139e-04 1.048142323270440102e-03 2.661756472662091255e-03 3.180432599037885666e-03 6.565323565155267715e-03 7.623415440320968628e-03 1.366497576236724854e-02 2.094253525137901306e-02 1.790206320583820343e-02 9.012875147163867950e-03 3.714260645210742950e-03 1.757681835442781448e-03 4.902378423139452934e-04 2.935819793492555618e-04 2.032272750511765480e-04 8.895254723029211164e-05 0.000000000000000000e+00 0.000000000000000000e+00 
3.223149478435516357e-02 3.264782205224037170e-02 3.338564559817314148e-02 3.398839011788368225e-02 3.464257344603538513e-02 3.477689996361732483e-02 3.526100143790245056e-02 3.896577283740043640e-02 4.372577369213104248e-02 4.885881766676902771e-02 6.981012225151062012e-02 8.337665349245071411e-02 1.889123171567916870e-01 3.725980520248413086e-01 6.695317625999450684e-01 8.695370554924011230e-01 9.228515625000000000e-01 9.445973038673400879e-01 9.521713256835937500e-01 9.554719328880310059e-01 9.571221470832824707e-01 9.580790400505065918e-01 0.000000000000000000e+00 0.000000000000000000e+00 
1.603776327101513743e-04 2.025571448029950261e-04 2.805366821121424437e-04 3.144323418382555246e-04 3.772586933337152004e-04 3.715610655490309000e-04 4.943056846968829632e-04 1.042521442286670208e-03 2.794379834085702896e-03 3.296237206086516380e-03 6.945182569324970245e-03 8.148241788148880005e-03 1.476382929831743240e-02 2.190150506794452667e-02 1.780639030039310455e-02 8.373643271625041962e-03 3.178368555381894112e-03 1.516210031695663929e-03 4.013224970549345016e-04 2.443617267999798059e-04 1.679660053923726082e-04 7.587092841276898980e-05 0.000000000000000000e+00 0.000000000000000000e+00 
2.905737981200218201e-02 2.944070845842361450e-02 3.010284528136253357e-02 3.068608418107032776e-02 3.129396215081214905e-02 3.141076862812042236e-02 3.188794851303100586e-02 3.554898500442504883e-02 4.049235582351684570e-02 4.572008922696113586e-02 6.808647513389587402e-02 8.269938081502914429e-02 1.980900466442108154e-01 3.923423886299133301e-01 7.004094123840332031e-01 8.860622048377990723e-01 9.324879646301269531e-01 9.506121873855590820e-01 9.569246172904968262e-01 9.596657156944274902e-01 9.610620141029357910e-01 9.618449211120605469e-01 0.000000000000000000e+00 0.000000000000000000e+00 
1.540416415082290769e-04 1.954010658664628863e-04 2.668875094968825579e-04 2.963524893857538700e-04 3.662546514533460140e-04 3.561582998372614384e-04 4.742578312288969755e-04 1.092290622182190418e-03 2.986580599099397659e-03 3.488374873995780945e-03 7.435764651745557785e-03 8.806324563920497894e-03 1.598206534981727600e-02 2.275359444320201874e-02 1.744632609188556671e-02 7.698273286223411560e-03 2.705644816160202026e-03 1.292834524065256119e-03 3.317555238027125597e-04 2.055237273452803493e-04 1.404227077728137374e-04 6.543837662320584059e-05 0.000000000000000000e+00 0.000000000000000000e+00 
2.637846954166889191e-02 2.672787755727767944e-02 2.731054648756980896e-02 2.784595824778079987e-02 2.839321270585060120e-02 2.849709056317806244e-02 2.894169278442859650e-02 3.236836567521095276e-02 3.731930628418922424e-02 4.231867939233779907e-02 6.506526470184326172e-02 7.999043911695480347e-02 2.001959234476089478e-01 4.015173912048339844e-01 7.187297344207763672e-01 8.969759941101074219e-01 9.394137859344482422e-01 9.552894830703735352e-01 9.607946872711181641e-01 9.631664752960205078e-01 9.643884301185607910e-01 9.650608897209167480e-01 0.000000000000000000e+00 0.000000000000000000e+00 
1.456086174584925175e-04 1.854341389844194055e-04 2.490660699550062418e-04 2.725966623984277248e-04 3.428465570323169231e-04 3.326121950522065163e-04 4.386957152746617794e-04 1.072347047738730907e-03 3.050583880394697189e-03 3.508563619107007980e-03 7.623504381626844406e-03 9.103934280574321747e-03 1.670521683990955353e-02 2.341673895716667175e-02 1.739993318915367126e-02 7.357873488217592239e-03 2.423429396003484726e-03 1.158290193416178226e-03 2.859404485207051039e-04 1.794674462871626019e-04 1.220229387399740517e-04 5.791120202047750354e-05 0.000000000000000000e+00 0.000000000000000000e+00 
2.412927150726318359e-02 2.445533312857151031e-02 2.496346645057201385e-02 2.544611878693103790e-02 2.593913488090038300e-02 2.603447064757347107e-02 2.643968164920806885e-02 2.960366755723953247e-02 3.450402617454528809e-02 3.915309906005859375e-02 6.188739836215972900e-02 7.682894170284271240e-02 1.995191574096679688e-01 4.061866104602813721e-01 7.315655350685119629e-01 9.052662253379821777e-01 9.449577331542968750e-01 9.591860771179199219e-01 9.640911817550659180e-01 9.661849737167358398e-01 9.672752022743225098e-01 9.678640365600585938e-01 0.000000000000000000e+00 0.000000000000000000e+00 
1.374798303004354239e-04 1.759747683536261320e-04 2.321573410881683230e-04 2.503645955584943295e-04 3.186475369147956371e-04 3.094828280154615641e-04 4.039461491629481316e-04 1.028844388201832771e-03 3.070702543482184410e-03 3.456812817603349686e-03 7.696521002799272537e-03 9.252849966287612915e-03 1.719995588064193726e-02 2.397938258945941925e-02 1.749291829764842987e-02 7.174792233854532242e-03 2.221754286438226700e-03 1.057080342434346676e-03 2.518586115911602974e-04 1.598752132849767804e-04 1.081251321011222899e-04 5.214085831539705396e-05 0.000000000000000000e+00 0.000000000000000000e+00 
2.220846526324748993e-02 2.251063473522663116e-02 2.294740267097949982e-02 2.336677163839340210e-02 2.380737662315368652e-02 2.389926090836524963e-02 2.425377443432807922e-02 2.708064578473567963e-02 3.183967620134353638e-02 3.592512384057044983e-02 5.802351236343383789e-02 7.248724251985549927e-02 1.941909193992614746e-01 4.037723839282989502e-01 7.373282313346862793e-01 9.109553098678588867e-01 9.493092298507690430e-01 9.624419808387756348e-01 9.669207334518432617e-01 9.688067436218261719e-01 9.697958230972290039e-01 9.703209996223449707e-01 0.000000000000000000e+00 0.000000000000000000e+00 
1.282889134017750621e-04 1.648905454203486443e-04 2.134877286152914166e-04 2.274176367791369557e-04 2.909511676989495754e-04 2.837782376445829868e-04 3.667899582069367170e-04 9.429105557501316071e-04 3.021698212251067162e-03 3.285856451839208603e-03 7.587417960166931152e-03 9.161058813333511353e-03 1.737105101346969604e-02 2.444731257855892181e-02 1.784809492528438568e-02 7.192012388259172440e-03 2.103706356137990952e-03 9.938292205333709717e-04 2.266548399347811937e-04 1.449469127692282200e-04 9.738624794408679008e-05 4.751756932819262147e-05 0.000000000000000000e+00 0.000000000000000000e+00 
2.061443589627742767e-02 2.090104110538959503e-02 2.129756100475788116e-02 2.169031649827957153e-02 2.210999093949794769e-02 2.219739556312561035e-02 2.253171429038047791e-02 2.526070363819599152e-02 3.011420369148254395e-02 3.399841114878654480e-02 5.660358443856239319e-02 7.153234630823135376e-02 1.983297616243362427e-01 4.136711657047271729e-01 7.528362870216369629e-01 9.187942743301391602e-01 9.540035724639892578e-01 9.655904769897460938e-01 9.695332050323486328e-01 9.711898565292358398e-01 9.720699787139892578e-01 9.725251793861389160e-01 0.000000000000000000e+00 0.000000000000000000e+00 
1.232493086718022823e-04 1.592457701917737722e-04 2.033893833868205547e-04 2.157998824259266257e-04 2.815722546074539423e-04 2.715537848416715860e-04 3.515676653478294611e-04 9.439708082936704159e-04 3.145629074424505234e-03 3.329730825498700142e-03 7.788429036736488342e-03 9.472382254898548126e-03 1.805224455893039703e-02 2.496566437184810638e-02 1.769135519862174988e-02 6.878824438899755478e-03 1.884867553599178791e-03 8.958477992564439774e-04 1.990710152313113213e-04 1.289791543968021870e-04 8.639087900519371033e-05 4.296099359635263681e-05 0.000000000000000000e+00 0.000000000000000000e+00 
1.923384331166744232e-02 1.951223984360694885e-02 1.987361535429954529e-02 2.024598792195320129e-02 2.064837887883186340e-02 2.073125913739204407e-02 2.105537056922912598e-02 2.370169572532176971e-02 2.865752205252647400e-02 3.234977275133132935e-02 5.545676127076148987e-02 7.089838385581970215e-02 2.026191353797912598e-01 4.233493208885192871e-01 7.670399546623229980e-01 9.256986975669860840e-01 9.581043720245361328e-01 9.683539271354675293e-01 9.718419313430786133e-01 9.733045697212219238e-01 9.740905761718750000e-01 9.744891524314880371e-01 0.000000000000000000e+00 0.000000000000000000e+00 
1.189883623737841845e-04 1.546980929560959339e-04 1.950533478520810604e-04 2.063562860712409019e-04 2.746043610386550426e-04 2.616550482343882322e-04 3.396262472961097956e-04 9.493094403296709061e-04 3.274629591032862663e-03 3.376498119905591011e-03 7.981176488101482391e-03 9.781609289348125458e-03 1.869614794850349426e-02 2.543977648019790649e-02 1.751616969704627991e-02 6.584515795111656189e-03 1.689898082986474037e-03 8.113005314953625202e-04 1.759111619321629405e-04 1.155021454906091094e-04 7.718917913734912872e-05 3.902767275576479733e-05 0.000000000000000000e+00 0.000000000000000000e+00 
1.798197999596595764e-02 1.824986562132835388e-02 1.856046542525291443e-02 1.888483949005603790e-02 1.924879662692546844e-02 1.932846568524837494e-02 1.962206698954105377e-02 2.195318788290023804e-02 2.669619210064411163e-02 2.980297058820724487e-02 5.174731090664863586e-02 6.642763316631317139e-02 1.941438615322113037e-01 4.153609573841094971e-01 7.664484381675720215e-01 9.285691380500793457e-01 9.608174562454223633e-01 9.705244898796081543e-01 9.737889170646667480e-01 9.751328825950622559e-01 9.758591055870056152e-01 9.762223362922668457e-01 0.000000000000000000e+00 0.000000000000000000e+00 
1.118127765948884189e-04 1.463890948798507452e-04 1.812865812098607421e-04 1.901281066238880157e-04 2.510863705538213253e-04 2.418707736069336534e-04 3.106303920503705740e-04 8.456895011477172375e-04 3.165006171911954880e-03 3.135022241622209549e-03 7.703281939029693604e-03 9.488834999501705170e-03 1.855345815420150757e-02 2.577275410294532776e-02 1.807038486003875732e-02 6.761037278920412064e-03 1.643826370127499104e-03 7.871123380027711391e-04 1.620238472241908312e-04 1.069208592525683343e-04 7.108829595381394029e-05 3.627145997597835958e-05 0.000000000000000000e+00 0.000000000000000000e+00 
1.687442883849143982e-02 1.712901517748832703e-02 1.739275828003883362e-02 1.767700165510177612e-02 1.799794286489486694e-02 1.807994022965431213e-02 1.833670586347579956e-02 2.035603486001491547e-02 2.481819503009319305e-02 2.735488303005695343e-02 4.789411276578903198e-02 6.164347752928733826e-02 1.839063167572021484e-01 4.044720828533172607e-01 7.631399035453796387e-01 9.306128025054931641e-01 9.631465077400207520e-01 9.724509119987487793e-01 9.755381941795349121e-01 9.767810106277465820e-01 9.774562120437622070e-01 9.777886867523193359e-01 0.000000000000000000e+00 0.000000000000000000e+00 
1.040443530655466020e-04 1.371988037135452032e-04 1.667203905526548624e-04 1.742325548548251390e-04 2.269732649438083172e-04 2.215926215285435319e-04 2.809089492075145245e-04 7.364891353063285351e-04 2.997029572725296021e-03 2.854471560567617416e-03 7.347354665398597717e-03 9.090448729693889618e-03 1.826092228293418884e-02 2.606506086885929108e-02 1.875481195747852325e-02 7.019837386906147003e-03 1.624850789085030556e-03 7.762351888231933117e-04 1.504649553680792451e-04 9.962283365894109011e-05 6.592566933250054717e-05 3.394884333829395473e-05 0.000000000000000000e+00 0.000000000000000000e+00 
1.589606888592243195e-02 1.613870635628700256e-02 1.636540517210960388e-02 1.661663874983787537e-02 1.690238527953624725e-02 1.698448136448860168e-02 1.721260696649551392e-02 1.897026225924491882e-02 2.316930703818798065e-02 2.521832659840583801e-02 4.442104697227478027e-02 5.729504302144050598e-02 1.742280274629592896e-01 3.937525749206542969e-01 7.593191862106323242e-01 9.323663711547851562e-01 9.652479887008666992e-01 9.741871356964111328e-01 9.771245121955871582e-01 9.782759547233581543e-01 9.789053201675415039e-01 9.792107939720153809e-01 0.000000000000000000e+00 0.000000000000000000e+00 
9.753706399351358414e-05 1.294209068873897195e-04 1.542939571663737297e-04 1.611142506590113044e-04 2.067447640001773834e-04 2.045764849754050374e-04 2.563794550951570272e-04 6.418840494006872177e-04 2.832067664712667465e-03 2.588263945654034615e-03 6.990989204496145248e-03 8.692124858498573303e-03 1.794021017849445343e-02 2.631974406540393829e-02 1.943573728203773499e-02 7.282813545316457748e-03 1.612492837011814117e-03 7.708297926001250744e-04 1.401619520038366318e-04 9.336171933682635427e-05 6.143029168015345931e-05 3.196543912054039538e-05 0.000000000000000000e+00 0.000000000000000000e+00 
1.504366192966699600e-02 1.527830120176076889e-02 1.548141427338123322e-02 1.571388356387615204e-02 1.597822457551956177e-02 1.606045104563236237e-02 1.627409830689430237e-02 1.788199320435523987e-02 2.198494970798492432e-02 2.372221276164054871e-02 4.233822971582412720e-02 5.495031177997589111e-02 1.705691814422607422e-01 3.912171125411987305e-01 7.620817422866821289e-01 9.355047941207885742e-01 9.675956368446350098e-01 9.759002923965454102e-01 9.786206483840942383e-01 9.796720743179321289e-01 9.802469015121459961e-01 9.805217385292053223e-01 0.000000000000000000e+00 0.000000000000000000e+00 
9.313613554695621133e-05 1.244222366949543357e-04 1.462080399505794048e-04 1.528851717012003064e-04 1.952796301338821650e-04 1.939675858011469245e-04 2.425070852041244507e-04 5.939254187978804111e-04 2.788831014186143875e-03 2.461577067151665688e-03 6.855439394712448120e-03 8.580015972256660461e-03 1.798120886087417603e-02 2.662392333149909973e-02 1.976293884217739105e-02 7.328571286052465439e-03 1.533764530904591084e-03 7.392243132926523685e-04 1.283606543438509107e-04 8.674005221109837294e-05 5.685741416527889669e-05 3.018767893081530929e-05 0.000000000000000000e+00 0.000000000000000000e+00 
1.436077337712049484e-02 1.459689624607563019e-02 1.480190921574831009e-02 1.505163405090570450e-02 1.532395649701356888e-02 1.540125627070665359e-02 1.563115976750850677e-02 1.738543063402175903e-02 2.195296622812747955e-02 2.382670715451240540e-02 4.439053684473037720e-02 5.881999060511589050e-02 1.883659958839416504e-01 4.188849627971649170e-01 7.895920276641845703e-01 9.441902041435241699e-01 9.714905023574829102e-01 9.785363674163818359e-01 9.810053706169128418e-01 9.820378422737121582e-01 9.826213121414184570e-01 9.828886389732360840e-01 0.000000000000000000e+00 0.000000000000000000e+00 
9.448055789107456803e-05 1.260373101104050875e-04 1.486763794673606753e-04 1.559362572152167559e-04 2.047259040409699082e-04 1.988578151213005185e-04 2.530694473534822464e-04 6.791154155507683754e-04 3.195054829120635986e-03 2.804026706144213676e-03 7.481218781322240829e-03 9.487702511250972748e-03 1.943184435367584229e-02 2.718341164290904999e-02 1.874453760683536530e-02 6.510526407510042191e-03 1.251926878467202187e-03 6.424431339837610722e-04 1.274267851840704679e-04 9.009478526422753930e-05 6.050587035133503377e-05 3.289779488113708794e-05 0.000000000000000000e+00 0.000000000000000000e+00 
1.360482722520828247e-02 1.382124144583940506e-02 1.397247053682804108e-02 1.416667737066745758e-02 1.437613554298877716e-02 1.445793919265270233e-02 1.463257614523172379e-02 1.590551808476448059e-02 1.951658353209495544e-02 2.069215290248394012e-02 3.705703094601631165e-02 4.822130873799324036e-02 1.555135548114776611e-01 3.741357624530792236e-01 7.573303580284118652e-01 9.398657083511352539e-01 9.728190302848815918e-01 9.806291460990905762e-01 9.832063317298889160e-01 9.841415286064147949e-01 9.846777319908142090e-01 9.849151372909545898e-01 0.000000000000000000e+00 0.000000000000000000e+00 
8.477609662804752588e-05 1.130823075072839856e-04 1.302046730415895581e-04 1.360234600724652410e-04 1.643650612095370889e-04 1.713418751023709774e-04 2.082311693811789155e-04 4.664470325224101543e-04 2.446223516017198563e-03 2.060540718957781792e-03 6.223355885595083237e-03 7.866049185395240784e-03 1.745382323861122131e-02 2.712306939065456390e-02 2.097674086689949036e-02 7.828427478671073914e-03 1.510427216999232769e-03 7.600357639603316784e-04 1.165697030955925584e-04 7.951820589369162917e-05 5.283472273731604218e-05 2.870432217605412006e-05 0.000000000000000000e+00 0.000000000000000000e+00 
1.294414233416318893e-02 1.315491646528244019e-02 1.328534074127674103e-02 1.345998235046863556e-02 1.364337746053934097e-02 1.372317504137754440e-02 1.388302352279424667e-02 1.498011127114295959e-02 1.820289529860019684e-02 1.916343905031681061e-02 3.391342982649803162e-02 4.388072714209556580e-02 1.431280225515365601e-01 3.574585914611816406e-01 7.462216615676879883e-01 9.397753477096557617e-01 9.746440052986145020e-01 9.823115468025207520e-01 9.848085045814514160e-01 9.856405854225158691e-01 9.861268401145935059e-01 9.863374233245849609e-01 0.000000000000000000e+00 0.000000000000000000e+00 
8.118433470372110605e-05 1.087656273739412427e-04 1.234270457644015551e-04 1.288717030547559261e-04 1.495925680501386523e-04 1.614812499610707164e-04 1.928275742102414370e-04 3.985112707596272230e-04 2.130249748006463051e-03 1.786754466593265533e-03 5.692989099770784378e-03 7.230278570204973221e-03 1.671853289008140564e-02 2.719583734869956970e-02 2.192824892699718475e-02 8.396210148930549622e-03 1.597785623744130135e-03 8.104140288196504116e-04 1.051118670147843659e-04 7.124804687919095159e-05 4.711511064670048654e-05 2.586861228337511420e-05 0.000000000000000000e+00 0.000000000000000000e+00 
1.229535788297653198e-02 1.249501481652259827e-02 1.259875297546386719e-02 1.274218130856752396e-02 1.289267744868993759e-02 1.297251041978597641e-02 1.310624647885560989e-02 1.395692769438028336e-02 1.651001907885074615e-02 1.723986119031906128e-02 2.930418029427528381e-02 3.706810250878334045e-02 1.201614215970039368e-01 3.237785398960113525e-01 7.156863808631896973e-01 9.346237182617187500e-01 9.749462604522705078e-01 9.833329916000366211e-01 9.859729409217834473e-01 9.867652654647827148e-01 9.872292876243591309e-01 9.874307513236999512e-01 0.000000000000000000e+00 0.000000000000000000e+00 
7.519411155954003334e-05 1.015960660879500210e-04 1.127452269429340959e-04 1.177598023787140846e-04 1.292019296670332551e-04 1.459974882891401649e-04 1.697167463134974241e-04 3.057321009691804647e-04 1.584286103025078773e-03 1.340854447335004807e-03 4.727586172521114349e-03 6.006976123899221420e-03 1.495189871639013290e-02 2.694161608815193176e-02 2.360107563436031342e-02 9.560770355165004730e-03 1.919968752190470695e-03 9.509141091257333755e-04 1.011142885545268655e-04 6.739571108482778072e-05 4.411938061821274459e-05 2.422495708742644638e-05 0.000000000000000000e+00 0.000000000000000000e+00 
1.171361654996871948e-02 1.190497446805238724e-02 1.199343148618936539e-02 1.212226040661334991e-02 1.225489936769008636e-02 1.233437564224004745e-02 1.245242450386285782e-02 1.317937206476926804e-02 1.539964508265256882e-02 1.601516827940940857e-02 2.670541778206825256e-02 3.348820656538009644e-02 1.088697984814643860e-01 3.074357509613037109e-01 7.008605599403381348e-01 9.328915476799011230e-01 9.757838845252990723e-01 9.843432903289794922e-01 9.869932532310485840e-01 9.877278208732604980e-01 9.881640672683715820e-01 9.883500933647155762e-01 0.000000000000000000e+00 0.000000000000000000e+00 
7.111334707587957382e-05 9.682392555987462401e-05 1.059472197084687650e-04 1.109399017877876759e-04 1.180926701636053622e-04 1.366885553579777479e-04 1.568042935105040669e-04 2.638293663039803505e-04 1.322114723734557629e-03 1.127187628298997879e-03 4.203103482723236084e-03 5.408999044448137283e-03 1.405944302678108215e-02 2.688275836408138275e-02 2.449164167046546936e-02 1.018682494759559631e-02 2.105942694470286369e-03 1.033524749800562859e-03 9.490358206676319242e-05 6.253056926652789116e-05 4.064619861310347915e-05 2.251336991321295500e-05 0.000000000000000000e+00 0.000000000000000000e+00 
1.116670668125152588e-02 1.134976558387279510e-02 1.142401713877916336e-02 1.154007483273744583e-02 1.165672484785318375e-02 1.173527445644140244e-02 1.183843798935413361e-02 1.246173959225416183e-02 1.437590364366769791e-02 1.490996126085519791e-02 2.430994622409343719e-02 3.024825453758239746e-02 9.803124517202377319e-02 2.913934886455535889e-01 6.846007704734802246e-01 9.305273294448852539e-01 9.762839078903198242e-01 9.851573109626770020e-01 9.878563284873962402e-01 9.885467290878295898e-01 9.889604449272155762e-01 9.891386628150939941e-01 0.000000000000000000e+00 0.000000000000000000e+00 
6.721708632539957762e-05 9.218056220561265945e-05 9.954981214832514524e-05 1.044260279741138220e-04 1.079893481801263988e-04 1.279013522434979677e-04 1.446835958631709218e-04 2.288231917191296816e-04 1.088539022020995617e-03 9.408342884853482246e-04 3.690161509439349174e-03 4.845004063099622726e-03 1.309767551720142365e-02 2.677304111421108246e-02 2.533812820911407471e-02 1.083974167704582214e-02 2.341240644454956055e-03 1.139026717282831669e-03 9.019987192004919052e-05 5.865845014341175556e-05 3.772054697037674487e-05 2.110765672114212066e-05 0.000000000000000000e+00 0.000000000000000000e+00 
1.064239069819450378e-02 1.081380248069763184e-02 1.086995564401149750e-02 1.096949633210897446e-02 1.107051037251949310e-02 1.114780735224485397e-02 1.123101543635129929e-02 1.173602789640426636e-02 1.326566655188798904e-02 1.373426429927349091e-02 2.145353332161903381e-02 2.626279927790164948e-02 8.297786861658096313e-02 2.679363191127777100e-01 6.556288599967956543e-01 9.245079159736633301e-01 9.757426381111145020e-01 9.856827855110168457e-01 9.885778427124023438e-01 9.892497658729553223e-01 9.896548390388488770e-01 9.898329377174377441e-01 0.000000000000000000e+00 0.000000000000000000e+00 
6.194366869749501348e-05 8.562322909710928798e-05 9.080478776013478637e-05 9.555277938488870859e-05 9.621997014619410038e-05 1.162627740995958447e-04 1.289420470129698515e-04 1.903705560835078359e-04 8.037315565161406994e-04 7.225797744467854500e-04 2.991799730807542801e-03 4.063447006046772003e-03 1.150916423648595810e-02 2.641446329653263092e-02 2.641625516116619110e-02 1.187893655151128769e-02 2.838756190612912178e-03 1.333535066805779934e-03 8.868207805790007114e-05 5.655462882714346051e-05 3.599573756218887866e-05 2.034109456872101873e-05 0.000000000000000000e+00 0.000000000000000000e+00 
1.019970141351222992e-02 1.036933436989784241e-02 1.042430847883224487e-02 1.052597071975469589e-02 1.062386576086282730e-02 1.070115529000759125e-02 1.078524999320507050e-02 1.128226704895496368e-02 1.286337338387966156e-02 1.330529898405075073e-02 2.128869667649269104e-02 2.643647231161594391e-02 8.678445219993591309e-02 2.759639918804168701e-01 6.705467104911804199e-01 9.299853444099426270e-01 9.778759479522705078e-01 9.867041110992431641e-01 9.893338084220886230e-01 9.899418950080871582e-01 9.903228878974914551e-01 9.904894828796386719e-01 0.000000000000000000e+00 0.000000000000000000e+00 
6.102152838138863444e-05 8.487553714076057076e-05 8.973218791652470827e-05 9.456618136027827859e-05 9.540036262478679419e-05 1.152392869698815048e-04 1.286320766666904092e-04 1.897191250463947654e-04 8.457478252239525318e-04 7.507984992116689682e-04 3.122762078419327736e-03 4.277161322534084320e-03 1.213967800140380859e-02 2.683365158736705780e-02 2.631576731801033020e-02 1.155379228293895721e-02 2.599561586976051331e-03 1.250727684237062931e-03 8.124870510073378682e-05 5.233440970187075436e-05 3.324222780065611005e-05 1.945116673596203327e-05 0.000000000000000000e+00 0.000000000000000000e+00 
9.779989719390869141e-03 9.947179816663265228e-03 9.999606758356094360e-03 1.010206434875726700e-02 1.019577402621507645e-02 1.027355901896953583e-02 1.035604532808065414e-02 1.083867810666561127e-02 1.244366914033889771e-02 1.285921782255172729e-02 2.096861042082309723e-02 2.640479058027267456e-02 8.954269438982009888e-02 2.820808589458465576e-01 6.821064352989196777e-01 9.343017339706420898e-01 9.796028137207031250e-01 9.875879287719726562e-01 9.900079369544982910e-01 9.905723929405212402e-01 9.909355044364929199e-01 9.910914897918701172e-01 0.000000000000000000e+00 0.000000000000000000e+00 
5.987229087622836232e-05 8.369090937776491046e-05 8.815854380372911692e-05 9.309934102930128574e-05 9.373561624670401216e-05 1.134940976044163108e-04 1.272089866688475013e-04 1.863574143499135971e-04 8.687787922099232674e-04 7.652611238881945610e-04 3.191832220181822777e-03 4.440046381205320358e-03 1.263478957116603851e-02 2.719208039343357086e-02 2.626230008900165558e-02 1.131720095872879028e-02 2.420970937237143517e-03 1.180287566967308521e-03 7.604160055052489042e-05 4.916599209536798298e-05 3.146638482576236129e-05 1.863383658928796649e-05 0.000000000000000000e+00 0.000000000000000000e+00 
9.361729025840759277e-03 9.521554224193096161e-03 9.565155021846294403e-03 9.660542942583560944e-03 9.745912626385688782e-03 9.823420085012912750e-03 9.895422495901584625e-03 1.032290514558553696e-02 1.175613887608051300e-02 1.214206684380769730e-02 1.949219778180122375e-02 2.451991662383079529e-02 8.335568010807037354e-02 2.733658552169799805e-01 6.729488968849182129e-01 9.331623911857604980e-01 9.799286127090454102e-01 9.881245493888854980e-01 9.905729889869689941e-01 9.911227226257324219e-01 9.914774894714355469e-01 9.916301369667053223e-01 0.000000000000000000e+00 0.000000000000000000e+00 
5.689146564691327512e-05 7.983636896824464202e-05 8.326825627591460943e-05 8.820821676636114717e-05 8.769585838308557868e-05 1.072180821211077273e-04 1.191948540508747101e-04 1.683760201558470726e-04 7.476163445971906185e-04 6.727904547005891800e-04 2.873528283089399338e-03 4.124973900616168976e-03 1.202683337032794952e-02 2.716333046555519104e-02 2.675556577742099762e-02 1.171977631747722626e-02 2.614938654005527496e-03 1.244945102371275425e-03 7.442292553605511785e-05 4.774991612066514790e-05 3.055117122130468488e-05 1.791765862435568124e-05 0.000000000000000000e+00 0.000000000000000000e+00 
8.993888273835182190e-03 9.150974452495574951e-03 9.193511679768562317e-03 9.291470050811767578e-03 9.373939596116542816e-03 9.452278725802898407e-03 9.523958899080753326e-03 9.948250837624073029e-03 1.144625153392553329e-02 1.181285735219717026e-02 1.946586556732654572e-02 2.501304261386394501e-02 8.857296407222747803e-02 2.834154665470123291e-01 6.897485256195068359e-01 9.383641481399536133e-01 9.816753864288330078e-01 9.889105558395385742e-01 9.911459684371948242e-01 9.916555881500244141e-01 9.919848442077636719e-01 9.921243190765380859e-01 0.000000000000000000e+00 0.000000000000000000e+00 
5.594411413767375052e-05 7.878319593146443367e-05 8.216611604439094663e-05 8.719939069123938680e-05 8.685378998052328825e-05 1.062049996107816696e-04 1.187677917187102139e-04 1.683485461398959160e-04 8.038514060899615288e-04 7.141741807572543621e-04 3.026019316166639328e-03 4.417405463755130768e-03 1.282982435077428818e-02 2.761763706803321838e-02 2.651615999639034271e-02 1.130816061049699783e-02 2.351218136027455330e-03 1.140385400503873825e-03 6.987151573412120342e-05 4.458567127585411072e-05 2.880525426007807255e-05 1.682041329331696033e-05 0.000000000000000000e+00 0.000000000000000000e+00 
8.613869547843933105e-03 8.761306293308734894e-03 8.792776614427566528e-03 8.879446424543857574e-03 8.952515199780464172e-03 9.028070606291294098e-03 9.087894111871719360e-03 9.442348964512348175e-03 1.066561043262481689e-02 1.101063750684261322e-02 1.742129772901535034e-02 2.205869741737842560e-02 7.646101713180541992e-02 2.649493217468261719e-01 6.658745408058166504e-01 9.333543181419372559e-01 9.809458851814270020e-01 9.891316294670104980e-01 9.915815591812133789e-01 9.920861721038818359e-01 9.924075603485107422e-01 9.925435185432434082e-01 0.000000000000000000e+00 0.000000000000000000e+00 
5.239240272203460336e-05 7.388740777969360352e-05 7.616304355906322598e-05 8.101154526229947805e-05 7.925617683213204145e-05 9.803511056816205382e-05 1.082792514353059232e-04 1.452596043236553669e-04 6.073440308682620525e-04 5.666381912305951118e-04 2.481143223121762276e-03 3.790403250604867935e-03 1.141132041811943054e-02 2.728762291371822357e-02 2.736878022551536560e-02 1.214521005749702454e-02 2.835811814293265343e-03 1.319692120887339115e-03 7.041796197881922126e-05 4.373655247036367655e-05 2.815056723193265498e-05 1.615102155483327806e-05 0.000000000000000000e+00 0.000000000000000000e+00 
8.262831717729568481e-03 8.402428589761257172e-03 8.425693027675151825e-03 8.503912948071956635e-03 8.570076897740364075e-03 8.642029948532581329e-03 8.694076910614967346e-03 8.997538127005100250e-03 1.003455556929111481e-02 1.036101393401622772e-02 1.587582938373088837e-02 1.988131180405616760e-02 6.737363338470458984e-02 2.511265277862548828e-01 6.460090875625610352e-01 9.290045499801635742e-01 9.802258610725402832e-01 9.893288016319274902e-01 9.919813275337219238e-01 9.924724102020263672e-01 9.927843809127807617e-01 9.929150342941284180e-01 0.000000000000000000e+00 0.000000000000000000e+00 
4.941677980241365731e-05 6.987988308537751436e-05 7.139663648558780551e-05 7.601926336064934731e-05 7.354449189733713865e-05 9.141759801423177123e-05 1.003846555249765515e-04 1.290222717216238379e-04 4.805019125342369080e-04 4.703232261817902327e-04 2.084561623632907867e-03 3.344330005347728729e-03 1.028873212635517120e-02 2.700287476181983948e-02 2.799286320805549622e-02 1.284310966730117798e-02 3.328116144984960556e-03 1.497665769420564175e-03 7.009832188487052917e-05 4.272045771358534694e-05 2.737411887210328132e-05 1.549432818137574941e-05 0.000000000000000000e+00 0.000000000000000000e+00 
7.945897057652473450e-03 8.079923689365386963e-03 8.098333142697811127e-03 8.172391913831233978e-03 8.234696462750434875e-03 8.304080925881862640e-03 8.352416567504405975e-03 8.629096671938896179e-03 9.587001986801624298e-03 9.898803196847438812e-03 1.503158360719680786e-02 1.883085258305072784e-02 6.410895287990570068e-02 2.468491047620773315e-01 6.409040093421936035e-01 9.283749461174011230e-01 9.803924560546875000e-01 9.896745085716247559e-01 9.923688173294067383e-01 9.928331375122070312e-01 9.931294322013854980e-01 9.932507276535034180e-01 0.000000000000000000e+00 0.000000000000000000e+00 
4.747066486743278801e-05 6.722284888383001089e-05 6.837326509412378073e-05 7.279995043063536286e-05 7.022690988378599286e-05 8.734765287954360247e-05 9.585039515513926744e-05 1.206509332405403256e-04 4.308547941036522388e-04 4.319963918533176184e-04 1.926482655107975006e-03 3.188998904079198837e-03 9.946171194314956665e-03 2.700124867260456085e-02 2.825976721942424774e-02 1.308208703994750977e-02 3.515967400744557381e-03 1.564441947266459465e-03 6.785714504076167941e-05 4.084070678800344467e-05 2.597998718556482345e-05 1.476387660659383982e-05 0.000000000000000000e+00 0.000000000000000000e+00 
7.646463811397552490e-03 7.774784229695796967e-03 7.788473274558782578e-03 7.857356220483779907e-03 7.915626280009746552e-03 7.981838658452033997e-03 8.027091622352600098e-03 8.274803869426250458e-03 9.141199290752410889e-03 9.437370114028453827e-03 1.409283373504877090e-02 1.758010499179363251e-02 5.933667346835136414e-02 2.397648245096206665e-01 6.302453279495239258e-01 9.261822104454040527e-01 9.801130890846252441e-01 9.898930191993713379e-01 9.927045106887817383e-01 9.931492805480957031e-01 9.934330582618713379e-01 9.935472011566162109e-01 0.000000000000000000e+00 0.000000000000000000e+00 
4.544507828541100025e-05 6.452090747188776731e-05 6.537450826726853848e-05 6.947986548766493797e-05 6.680248043267056346e-05 8.305732626467943192e-05 9.121443872572854161e-05 1.116864150390028954e-04 3.737667575478553772e-04 3.863225574605166912e-04 1.719565945677459240e-03 2.962260041385889053e-03 9.359513409435749054e-03 2.686054818332195282e-02 2.860034070909023285e-02 1.347999647259712219e-02 3.840478835627436638e-03 1.687855808995664120e-03 6.645765824941918254e-05 3.942277180613018572e-05 2.492858766345307231e-05 1.414717007719445974e-05 0.000000000000000000e+00 0.000000000000000000e+00 
7.355546113103628159e-03 7.475901860743761063e-03 7.482895627617835999e-03 7.542518433183431625e-03 7.596080657094717026e-03 7.657845970243215561e-03 7.696676068007946014e-03 7.902336306869983673e-03 8.623502217233181000e-03 8.888212032616138458e-03 1.271911896765232086e-02 1.554247085005044937e-02 4.917460680007934570e-02 2.220720648765563965e-01 5.980939865112304688e-01 9.177265763282775879e-01 9.781740903854370117e-01 9.897447228431701660e-01 9.929693937301635742e-01 9.934138655662536621e-01 9.936938881874084473e-01 9.938070774078369141e-01 0.000000000000000000e+00 0.000000000000000000e+00 
4.261689173290506005e-05 6.058274084352888167e-05 6.094139462220482528e-05 6.460892473114654422e-05 6.172565190354362130e-05 7.671095227124169469e-05 8.384287502849474549e-05 9.845144086284562945e-05 2.871144388336688280e-04 3.060083545278757811e-04 1.353933592326939106e-03 2.473679836839437485e-03 7.935396395623683929e-03 2.619263529777526855e-02 2.918593585491180420e-02 1.454123295843601227e-02 4.718720447272062302e-03 2.020564163103699684e-03 6.763340934412553906e-05 3.926167482859455049e-05 2.456324909871909767e-05 1.375088595523266122e-05 0.000000000000000000e+00 0.000000000000000000e+00 
7.100108545273542404e-03 7.216106634587049484e-03 7.221385370939970016e-03 7.278088480234146118e-03 7.329213432967662811e-03 7.388535421341657639e-03 7.426628842949867249e-03 7.617983501404523849e-03 8.301651105284690857e-03 8.554048836231231689e-03 1.217828970402479172e-02 1.490053348243236542e-02 4.734498634934425354e-02 2.196836918592453003e-01 5.946612358093261719e-01 9.172581434249877930e-01 9.782881140708923340e-01 9.899743795394897461e-01 9.932522773742675781e-01 9.936748147010803223e-01 9.939425587654113770e-01 9.940488934516906738e-01 0.000000000000000000e+00 0.000000000000000000e+00 
4.132318281335756183e-05 5.880116441403515637e-05 5.921283809584565461e-05 6.250898877624422312e-05 5.977131877443753183e-05 7.415503932861611247e-05 8.125361637212336063e-05 9.402651630807667971e-05 2.670974063221365213e-04 2.879495150409638882e-04 1.268562860786914825e-03 2.390251029282808304e-03 7.741066161543130875e-03 2.617664076387882233e-02 2.933472394943237305e-02 1.471446733921766281e-02 4.876657854765653610e-03 2.093877410516142845e-03 6.578605825779959559e-05 3.783632928389124572e-05 2.350344584556296468e-05 1.318397698923945427e-05 0.000000000000000000e+00 0.000000000000000000e+00 
6.857043597847223282e-03 6.967922206968069077e-03 6.971142254769802094e-03 7.024136837571859360e-03 7.072515785694122314e-03 7.129217498004436493e-03 7.165639195591211319e-03 7.340058218687772751e-03 7.971961982548236847e-03 8.208251558244228363e-03 1.154249068349599838e-02 1.406362466514110565e-02 4.399829357862472534e-02 2.140743583440780640e-01 5.843748450279235840e-01 9.147580265998840332e-01 9.778663516044616699e-01 9.900720119476318359e-01 9.934965968132019043e-01 9.939047098159790039e-01 9.941630959510803223e-01 9.942650198936462402e-01 0.000000000000000000e+00 0.000000000000000000e+00 
3.976387597504071891e-05 5.662051262333989143e-05 5.709977995138615370e-05 6.000307985232211649e-05 5.732307545258663595e-05 7.100673974491655827e-05 7.791994721628725529e-05 8.863852417562156916e-05 2.400540106464177370e-04 2.615285920910537243e-04 1.146228052675724030e-03 2.234456595033407211e-03 7.292458321899175644e-03 2.597950212657451630e-02 2.954429015517234802e-02 1.509668864309787750e-02 5.198404192924499512e-03 2.230077749118208885e-03 6.483068136731162667e-05 3.686217678477987647e-05 2.278474312333855778e-05 1.272113331651780754e-05 0.000000000000000000e+00 0.000000000000000000e+00 
6.633484270423650742e-03 6.740388926118612289e-03 6.742907688021659851e-03 6.793399807065725327e-03 6.839631590992212296e-03 6.894165184348821640e-03 6.930412258952856064e-03 7.094067055732011795e-03 7.697548717260360718e-03 7.921894080936908722e-03 1.109677646309137344e-02 1.353396661579608917e-02 4.254171252250671387e-02 2.121328413486480713e-01 5.815398097038269043e-01 9.144060015678405762e-01 9.779964089393615723e-01 9.902563095092773438e-01 9.937304258346557617e-01 9.941195249557495117e-01 9.943665862083435059e-01 9.944636821746826172e-01 0.000000000000000000e+00 0.000000000000000000e+00 
3.859722346533089876e-05 5.502531712409108877e-05 5.561088983085937798e-05 5.817922283313237131e-05 5.566415711655281484e-05 6.879662396386265755e-05 7.574071787530556321e-05 8.520208211848512292e-05 2.263866626890376210e-04 2.479673712514340878e-04 1.081431983038783073e-03 2.166093792766332626e-03 7.134130690246820450e-03 2.596101909875869751e-02 2.966531552374362946e-02 1.524047367274761200e-02 5.321331787854433060e-03 2.295840997248888016e-03 6.318055238807573915e-05 3.557665695552714169e-05 2.194660737586673349e-05 1.222122227773070335e-05 0.000000000000000000e+00 0.000000000000000000e+00 
6.418507080525159836e-03 6.520202383399009705e-03 6.521370261907577515e-03 6.568239070475101471e-03 6.612146738916635513e-03 6.664606276899576187e-03 6.698566954582929611e-03 6.847111042588949203e-03 7.403061725199222565e-03 7.610380649566650391e-03 1.050799898803234100e-02 1.273605413734912872e-02 3.906294330954551697e-02 2.055329233407974243e-01 5.684470534324645996e-01 9.109269976615905762e-01 9.773222804069519043e-01 9.902480840682983398e-01 9.939264059066772461e-01 9.943071007728576660e-01 9.945475459098815918e-01 9.946416020393371582e-01 0.000000000000000000e+00 0.000000000000000000e+00 
3.696868225233629346e-05 5.272752605378627777e-05 5.331149441190063953e-05 5.555781535804271698e-05 5.314475492923520505e-05 6.556604057550430298e-05 7.222301064757630229e-05 8.004364644875749946e-05 2.038988313870504498e-04 2.231412654509767890e-04 9.660916402935981750e-04 1.996691804379224777e-03 6.629979237914085388e-03 2.566664479672908783e-02 2.986704930663108826e-02 1.570212282240390778e-02 5.695214960724115372e-03 2.472440479323267937e-03 6.289289740379899740e-05 3.493494295980781317e-05 2.143587698810733855e-05 1.186816916742827743e-05 0.000000000000000000e+00 0.000000000000000000e+00 
6.220525130629539490e-03 6.318280473351478577e-03 6.319153122603893280e-03 6.364019587635993958e-03 6.406379397958517075e-03 6.456946488469839096e-03 6.490478292107582092e-03 6.630294490605592728e-03 7.161768618971109390e-03 7.359770592302083969e-03 1.012757699936628342e-02 1.228085253387689590e-02 3.773736953735351562e-02 2.036255151033401489e-01 5.653552412986755371e-01 9.104443192481994629e-01 9.774065017700195312e-01 9.903767704963684082e-01 9.941181540489196777e-01 9.944839477539062500e-01 9.947156906127929688e-01 9.948059320449829102e-01 0.000000000000000000e+00 0.000000000000000000e+00 
3.576492235879413784e-05 5.106395110487937927e-05 5.181644519325345755e-05 5.377291745389811695e-05 5.148972923052497208e-05 6.336376827675849199e-05 7.015471055638045073e-05 7.692554208915680647e-05 1.931172737386077642e-04 2.123703598044812679e-04 9.154344443231821060e-04 1.938842469826340675e-03 6.466203369200229645e-03 2.562308870255947113e-02 2.996954321861267090e-02 1.584262214601039886e-02 5.808225832879543304e-03 2.544186543673276901e-03 6.154236325528472662e-05 3.394846498849801719e-05 2.078916440950706601e-05 1.148347473645117134e-05 0.000000000000000000e+00 0.000000000000000000e+00 
6.029404234141111374e-03 6.122010294348001480e-03 6.121834274381399155e-03 6.163385231047868729e-03 6.204220931977033615e-03 6.251945160329341888e-03 6.283796858042478561e-03 6.411870475858449936e-03 6.902639754116535187e-03 7.086684461683034897e-03 9.621034376323223114e-03 1.158297806978225708e-02 3.460643067955970764e-02 1.970992982387542725e-01 5.519399642944335938e-01 9.066700935363769531e-01 9.766939878463745117e-01 9.903151392936706543e-01 9.942806959152221680e-01 9.946398735046386719e-01 9.948654174804687500e-01 9.949545264244079590e-01 0.000000000000000000e+00 0.000000000000000000e+00 
3.422183362999930978e-05 4.884570807917043567e-05 4.963414903613738716e-05 5.134141974849626422e-05 4.915579484077170491e-05 6.037024286342784762e-05 6.691375165246427059e-05 7.253660442074760795e-05 1.756654964992776513e-04 1.922154478961601853e-04 8.218826842494308949e-04 1.783758285455405712e-03 5.976072046905755997e-03 2.529707551002502441e-02 3.014692291617393494e-02 1.631335541605949402e-02 6.160209886729717255e-03 2.725768601521849632e-03 6.136018055258318782e-05 3.344404103700071573e-05 2.051991941698361188e-05 1.118391810450702906e-05 0.000000000000000000e+00 0.000000000000000000e+00 
5.849577020853757858e-03 5.937619134783744812e-03 5.936590023338794708e-03 5.975697189569473267e-03 6.014869548380374908e-03 6.060418672859668732e-03 6.090453825891017914e-03 6.209446117281913757e-03 6.667682901024818420e-03 6.840433925390243530e-03 9.187703020870685577e-03 1.099453400820493698e-02 3.210023790597915649e-02 1.916624009609222412e-01 5.406200885772705078e-01 9.033665060997009277e-01 9.761013388633728027e-01 9.902658462524414062e-01 9.944317340850830078e-01 9.947840571403503418e-01 9.950041174888610840e-01 9.950917363166809082e-01 0.000000000000000000e+00 0.000000000000000000e+00 
3.281055614934302866e-05 4.680765050579793751e-05 4.764441109728068113e-05 4.910198913421481848e-05 4.702786827692762017e-05 5.769720883108675480e-05 6.399911217158660293e-05 6.881015724502503872e-05 1.622936397325247526e-04 1.769944501575082541e-04 7.493707234971225262e-04 1.658322871662676334e-03 5.560639780014753342e-03 2.501750178635120392e-02 3.029394894838333130e-02 1.672565937042236328e-02 6.456175819039344788e-03 2.889386843889951706e-03 6.109820242272689939e-05 3.294783527962863445e-05 2.022339322138577700e-05 1.090337809728225693e-05 0.000000000000000000e+00 0.000000000000000000e+00 
5.679810885339975357e-03 5.763606633991003036e-03 5.762185901403427124e-03 5.799033679068088531e-03 5.836578086018562317e-03 5.880231969058513641e-03 5.908975377678871155e-03 6.019687745720148087e-03 6.449980661273002625e-03 6.612543947994709015e-03 8.799441158771514893e-03 1.047563366591930389e-02 2.993933670222759247e-02 1.868006736040115356e-01 5.305547714233398438e-01 9.003906250000000000e-01 9.755898714065551758e-01 9.902253746986389160e-01 9.945728778839111328e-01 9.949184060096740723e-01 9.951332211494445801e-01 9.952195286750793457e-01 0.000000000000000000e+00 0.000000000000000000e+00 
3.143319554510526359e-05 4.481689393287524581e-05 4.576482024276629090e-05 4.698254997492767870e-05 4.500711293076165020e-05 5.514865551958791912e-05 6.137196032796055079e-05 6.543850031448528171e-05 1.511356822447851300e-04 1.643142895773053169e-04 6.890113581903278828e-04 1.550785265862941742e-03 5.181322805583477020e-03 2.476041205227375031e-02 3.041873872280120850e-02 1.709286682307720184e-02 6.712566595524549484e-03 3.035810077562928200e-03 6.076980571378953755e-05 3.244552135583944619e-05 1.995167258428409696e-05 1.063199124473612756e-05 0.000000000000000000e+00 0.000000000000000000e+00 
5.520685575902462006e-03 5.601023323833942413e-03 5.599434021860361099e-03 5.634834989905357361e-03 5.670887883752584457e-03 5.712877493351697922e-03 5.741052329540252686e-03 5.845244042575359344e-03 6.255507934838533401e-03 6.409736815840005875e-03 8.482942357659339905e-03 1.007562410086393356e-02 2.854571677744388580e-02 1.837336719036102295e-01 5.245648026466369629e-01 8.987139463424682617e-01 9.753964543342590332e-01 9.902435541152954102e-01 9.947063922882080078e-01 9.950448274612426758e-01 9.952543377876281738e-01 9.953386187553405762e-01 0.000000000000000000e+00 0.000000000000000000e+00 
3.022074815817177296e-05 4.309467840357683599e-05 4.415096918819472194e-05 4.518107743933796883e-05 4.329045259510166943e-05 5.301389683154411614e-05 5.927680103923194110e-05 6.277727516135200858e-05 1.435425510862842202e-04 1.555533526698127389e-04 6.476608105003833771e-04 1.478805323131382465e-03 4.938838072121143341e-03 2.460851147770881653e-02 3.051149472594261169e-02 1.732014305889606476e-02 6.860461086034774780e-03 3.137291409075260162e-03 6.018889689585193992e-05 3.189637209288775921e-05 1.956261075974907726e-05 1.037995934893842787e-05 0.000000000000000000e+00 0.000000000000000000e+00 
5.373457912355661392e-03 5.451017990708351135e-03 5.450156051665544510e-03 5.485435947775840759e-03 5.520352162420749664e-03 5.560959223657846451e-03 5.589731037616729736e-03 5.691438913345336914e-03 6.094801705330610275e-03 6.246550939977169037e-03 8.294782601296901703e-03 9.897274896502494812e-03 2.872242592275142670e-02 1.851157099008560181e-01 5.287661552429199219e-01 9.004958868026733398e-01 9.759975075721740723e-01 9.904282689094543457e-01 9.948431253433227539e-01 9.951682686805725098e-01 9.953699111938476562e-01 9.954513907432556152e-01 0.000000000000000000e+00 0.000000000000000000e+00 
2.940593185485340655e-05 4.193545828456990421e-05 4.323723624111153185e-05 4.405399158713407815e-05 4.225610609864816070e-05 5.173493627808056772e-05 5.826464621350169182e-05 6.153126741992309690e-05 1.414075522916391492e-04 1.542862300993874669e-04 6.420328281819820404e-04 1.486282795667648315e-03 5.020048469305038452e-03 2.474295161664485931e-02 3.055213950574398041e-02 1.720540970563888550e-02 6.773583125323057175e-03 3.121967893093824387e-03 5.858584700035862625e-05 3.095321153523400426e-05 1.904963028209749609e-05 1.006926959234988317e-05 0.000000000000000000e+00 0.000000000000000000e+00 
5.233844742178916931e-03 5.308873020112514496e-03 5.308564752340316772e-03 5.343696102499961853e-03 5.377451423555612564e-03 5.416572559624910355e-03 5.445292685180902481e-03 5.544684361666440964e-03 5.939966533333063126e-03 6.089206784963607788e-03 8.103251457214355469e-03 9.700385853648185730e-03 2.869912981986999512e-02 1.858403384685516357e-01 5.312397480010986328e-01 9.016672968864440918e-01 9.764271378517150879e-01 9.905691146850585938e-01 9.949677586555480957e-01 9.952821731567382812e-01 9.954773187637329102e-01 9.955567717552185059e-01 0.000000000000000000e+00 0.000000000000000000e+00 
2.860847052943427116e-05 4.077418634551577270e-05 4.233201616443693638e-05 4.293625534046441317e-05 4.121747406315989792e-05 5.041522308601997793e-05 5.719110049540176988e-05 6.021964873070828617e-05 1.385814393870532513e-04 1.522630627732723951e-04 6.329047027975320816e-04 1.482925959862768650e-03 5.053523462265729904e-03 2.482884749770164490e-02 3.059440851211547852e-02 1.714486815035343170e-02 6.728021427989006042e-03 3.126006107777357101e-03 5.733412035624496639e-05 3.019761788891628385e-05 1.864672412921208888e-05 9.793922799872234464e-06 0.000000000000000000e+00 0.000000000000000000e+00 
5.097858142107725143e-03 5.169644486159086227e-03 5.169264972209930420e-03 5.204046610742807388e-03 5.236546043306589127e-03 5.274467635899782181e-03 5.301648285239934921e-03 5.396572407335042953e-03 5.777182523161172867e-03 5.919861607253551483e-03 7.851742208003997803e-03 9.391358122229576111e-03 2.772610634565353394e-02 1.838815659284591675e-01 5.276613831520080566e-01 9.008074998855590820e-01 9.763967990875244141e-01 9.906037449836730957e-01 9.950796365737915039e-01 9.953867793083190918e-01 9.955769777297973633e-01 9.956549406051635742e-01 0.000000000000000000e+00 0.000000000000000000e+00 
2.744237281149253249e-05 3.911893145414069295e-05 4.086768240085802972e-05 4.128539876546710730e-05 3.963096241932362318e-05 4.847886884817853570e-05 5.530939961317926645e-05 5.795812467113137245e-05 1.330666855210438371e-04 1.457616890547797084e-04 6.046455237083137035e-04 1.433200319297611713e-03 4.880161024630069733e-03 2.473844587802886963e-02 3.067307732999324799e-02 1.728359609842300415e-02 6.815519649535417557e-03 3.197174053639173508e-03 5.660942042595706880e-05 2.963067709060851485e-05 1.832947236835025251e-05 9.559060345054604113e-06 0.000000000000000000e+00 0.000000000000000000e+00 
4.968082997947931290e-03 5.036489106714725494e-03 5.035812966525554657e-03 5.070311482995748520e-03 5.101624876260757446e-03 5.137946456670761108e-03 5.163709167391061783e-03 5.254220683127641678e-03 5.619585514068603516e-03 5.755350459367036819e-03 7.600466255098581314e-03 9.075171314179897308e-03 2.664539776742458344e-02 1.814534515142440796e-01 5.231701135635375977e-01 8.996383547782897949e-01 9.762941002845764160e-01 9.906075596809387207e-01 9.951837062835693359e-01 9.954844713211059570e-01 9.956704974174499512e-01 9.957472681999206543e-01 0.000000000000000000e+00 0.000000000000000000e+00 
2.631621100590564311e-05 3.742460103239864111e-05 3.946947981603443623e-05 3.966214353567920625e-05 3.808213295997120440e-05 4.657612589653581381e-05 5.343364682630635798e-05 5.573805538006126881e-05 1.271645451197400689e-04 1.390031102346256375e-04 5.742958746850490570e-04 1.377630978822708130e-03 4.681381862610578537e-03 2.461375296115875244e-02 3.075460903346538544e-02 1.744890213012695312e-02 6.917872931808233261e-03 3.285742830485105515e-03 5.602225064649246633e-05 2.913972639362327754e-05 1.806871841836255044e-05 9.348411367682274431e-06 0.000000000000000000e+00 0.000000000000000000e+00 
4.848157055675983429e-03 4.914022516459226608e-03 4.914036020636558533e-03 4.949459806084632874e-03 4.979676567018032074e-03 5.014554131776094437e-03 5.040595307946205139e-03 5.130576901137828827e-03 5.493742413818836212e-03 5.628031212836503983e-03 7.476214319467544556e-03 8.992592804133892059e-03 2.734123729169368744e-02 1.842289865016937256e-01 5.304417014122009277e-01 9.024286270141601562e-01 9.770864844322204590e-01 9.908200502395629883e-01 9.952940344810485840e-01 9.955825805664062500e-01 9.957619905471801758e-01 9.958363175392150879e-01 0.000000000000000000e+00 0.000000000000000000e+00 
2.556184517743531615e-05 3.630854189395904541e-05 3.871206718031316996e-05 3.869370266329497099e-05 3.719536107382737100e-05 4.549082586891017854e-05 5.267800952424295247e-05 5.492115087690763175e-05 1.264939492102712393e-04 1.399673055857419968e-04 5.806356784887611866e-04 1.413470134139060974e-03 4.870131611824035645e-03 2.482764981687068939e-02 3.077126666903495789e-02 1.722564548254013062e-02 6.751670502126216888e-03 3.230253932997584343e-03 5.433216574601829052e-05 2.825030242092907429e-05 1.759655970090534538e-05 9.082883480004966259e-06 0.000000000000000000e+00 0.000000000000000000e+00 
4.732686560600996017e-03 4.795620683580636978e-03 4.796178545802831650e-03 4.831496626138687134e-03 4.860518500208854675e-03 4.893588833510875702e-03 4.919860512018203735e-03 5.007486324757337570e-03 5.361609160900115967e-03 5.490926560014486313e-03 7.293160073459148407e-03 8.783044293522834778e-03 2.691771090030670166e-02 1.836546808481216431e-01 5.300700664520263672e-01 9.026287794113159180e-01 9.772749543190002441e-01 9.908962845802307129e-01 9.953908920288085938e-01 9.956719875335693359e-01 9.958466887474060059e-01 9.959198236465454102e-01 0.000000000000000000e+00 0.000000000000000000e+00 
2.471110201440751553e-05 3.507709334371611476e-05 3.777940219151787460e-05 3.755201760213822126e-05 3.611890861066058278e-05 4.411034024087712169e-05 5.155554754310287535e-05 5.354316454031504691e-05 1.230252382811158895e-04 1.366954384138807654e-04 5.660002352669835091e-04 1.393873710185289383e-03 4.807577934116125107e-03 2.481843903660774231e-02 3.082400374114513397e-02 1.725419797003269196e-02 6.759479176253080368e-03 3.258935175836086273e-03 5.342837539501488209e-05 2.768765443761367351e-05 1.731061274767853320e-05 8.876274478097911924e-06 0.000000000000000000e+00 0.000000000000000000e+00 
4.620415158569812775e-03 4.679843317717313766e-03 4.680232144892215729e-03 4.714958835393190384e-03 4.742620512843132019e-03 4.774502012878656387e-03 4.799328744411468506e-03 4.882649518549442291e-03 5.221116822212934494e-03 5.341404583305120468e-03 7.050399668514728546e-03 8.456481620669364929e-03 2.549420483410358429e-02 1.801687628030776978e-01 5.231413841247558594e-01 9.006280303001403809e-01 9.769535660743713379e-01 9.908587932586669922e-01 9.954756498336791992e-01 9.957539439201354980e-01 9.959263205528259277e-01 9.959985613822937012e-01 0.000000000000000000e+00 0.000000000000000000e+00 
2.357277116971090436e-05 3.343154457979835570e-05 3.626255420385859907e-05 3.591176209738478065e-05 3.453606404946185648e-05 4.211609484627842903e-05 4.952864037477411330e-05 5.121656067785806954e-05 1.170083487522788346e-04 1.286155456909909844e-04 5.320465425029397011e-04 1.319406670518219471e-03 4.515124484896659851e-03 2.461666241288185120e-02 3.090950474143028259e-02 1.749346964061260223e-02 6.916235201060771942e-03 3.361138049513101578e-03 5.313000656315125525e-05 2.739369665505364537e-05 1.706478906271513551e-05 8.715894182387273759e-06 0.000000000000000000e+00 0.000000000000000000e+00 
4.514408297836780548e-03 4.570757504552602768e-03 4.571324680000543594e-03 4.605195019394159317e-03 4.631475545465946198e-03 4.662029445171356201e-03 4.686325788497924805e-03 4.766108933836221695e-03 5.090516060590744019e-03 5.202945787459611893e-03 6.832960527390241623e-03 8.158799260854721069e-03 2.423553355038166046e-02 1.770037412643432617e-01 5.169493556022644043e-01 8.988418579101562500e-01 9.766864180564880371e-01 9.908311367034912109e-01 9.955590367317199707e-01 9.958331584930419922e-01 9.960023164749145508e-01 9.960741996765136719e-01 0.000000000000000000e+00 0.000000000000000000e+00 
2.261997542518656701e-05 3.200906940037384629e-05 3.506842040224000812e-05 3.454566467553377151e-05 3.323224882478825748e-05 4.043592343805357814e-05 4.786221325048245490e-05 4.933787931804545224e-05 1.116687199100852013e-04 1.217881945194676518e-04 5.032892222516238689e-04 1.252589863725006580e-03 4.247960168868303299e-03 2.443229593336582184e-02 3.098746575415134430e-02 1.770754531025886536e-02 7.051305845379829407e-03 3.450032789260149002e-03 5.276056981529109180e-05 2.706644045247230679e-05 1.693434933258686215e-05 8.558117770007811487e-06 0.000000000000000000e+00 0.000000000000000000e+00 
4.416060168296098709e-03 4.470068030059337616e-03 4.471245221793651581e-03 4.505404271185398102e-03 4.530317615717649460e-03 4.560599569231271744e-03 4.584147594869136810e-03 4.663996864110231400e-03 4.984871018677949905e-03 5.094165448099374771e-03 6.717171519994735718e-03 8.062576875090599060e-03 2.462471462786197662e-02 1.789107173681259155e-01 5.222082138061523438e-01 9.009945392608642578e-01 9.773066639900207520e-01 9.910082817077636719e-01 9.956500530242919922e-01 9.959149360656738281e-01 9.960787892341613770e-01 9.961485266685485840e-01 0.000000000000000000e+00 0.000000000000000000e+00 
2.189740371250081807e-05 3.092017504968680441e-05 3.423849921091459692e-05 3.357664536451920867e-05 3.230850052204914391e-05 3.931429091608151793e-05 4.653834548662416637e-05 4.843830538447946310e-05 1.105441551771946251e-04 1.211478884215466678e-04 5.050118779763579369e-04 1.267602900043129921e-03 4.368694499135017395e-03 2.458422258496284485e-02 3.101200051605701447e-02 1.754374057054519653e-02 6.925166584551334381e-03 3.406242700293660164e-03 5.128575503476895392e-05 2.631729512359015644e-05 1.644914482312742621e-05 8.330240234499797225e-06 0.000000000000000000e+00 0.000000000000000000e+00 
4.325290676206350327e-03 4.377875011414289474e-03 4.380298778414726257e-03 4.415460862219333649e-03 4.439258482307195663e-03 4.469311796128749847e-03 4.493196960538625717e-03 4.576290491968393326e-03 4.902835935354232788e-03 5.013787653297185898e-03 6.695821415632963181e-03 8.142501115798950195e-03 2.650299109518527985e-02 1.850742697715759277e-01 5.368769764900207520e-01 9.061760306358337402e-01 9.786143898963928223e-01 9.913383126258850098e-01 9.957479834556579590e-01 9.959982633590698242e-01 9.961544871330261230e-01 9.962214827537536621e-01 0.000000000000000000e+00 0.000000000000000000e+00 
2.157224844268057495e-05 3.035575173271354288e-05 3.405223833397030830e-05 3.321006079204380512e-05 3.197818659828044474e-05 3.892764652846381068e-05 4.602635090122930706e-05 4.872925273957662284e-05 1.131613389588892460e-04 1.264007732970640063e-04 5.353469168767333031e-04 1.354965614154934883e-03 4.825262818485498428e-03 2.501331828534603119e-02 3.097355738282203674e-02 1.707415841519832611e-02 6.575999315828084946e-03 3.257117699831724167e-03 4.901800639345310628e-05 2.521771784813608974e-05 1.587661972735077143e-05 8.053767487581353635e-06 0.000000000000000000e+00 0.000000000000000000e+00 
4.236300010234117508e-03 4.287097603082656860e-03 4.290315788239240646e-03 4.325531888753175735e-03 4.348347894847393036e-03 4.377678968012332916e-03 4.401770886033773422e-03 4.485289566218852997e-03 4.810971673578023911e-03 4.920761100947856903e-03 6.615773309022188187e-03 8.103182539343833923e-03 2.733539231121540070e-02 1.880143731832504272e-01 5.440839529037475586e-01 9.088284373283386230e-01 9.793373346328735352e-01 9.915356040000915527e-01 9.958333969116210938e-01 9.960737824440002441e-01 9.962249994277954102e-01 9.962901473045349121e-01 0.000000000000000000e+00 0.000000000000000000e+00 
2.107490217895247042e-05 2.954316187242511660e-05 3.361092603881843388e-05 3.255473347962833941e-05 3.135172664769925177e-05 3.814008960034698248e-05 4.513691601459868252e-05 4.827553857467137277e-05 1.129472511820495129e-04 1.278854470001533628e-04 5.468304152600467205e-04 1.392210018821060658e-03 5.034991074353456497e-03 2.522541955113410950e-02 3.096681274473667145e-02 1.684783957898616791e-02 6.393527146428823471e-03 3.192690899595618248e-03 4.745612386614084244e-05 2.445789687044452876e-05 1.541871279187034816e-05 7.834049938537646085e-06 0.000000000000000000e+00 0.000000000000000000e+00 
4.145180340856313705e-03 4.193004220724105835e-03 4.195461049675941467e-03 4.229140467941761017e-03 4.250648431479930878e-03 4.278962966054677963e-03 4.301421344280242920e-03 4.378389101475477219e-03 4.680622834712266922e-03 4.780815448611974716e-03 6.332719232887029648e-03 7.650472223758697510e-03 2.440290339291095734e-02 1.801007390022277832e-01 5.273951888084411621e-01 9.037039279937744141e-01 9.782834053039550781e-01 9.913207888603210449e-01 9.958922266960144043e-01 9.961360096931457520e-01 9.962874054908752441e-01 9.963535666465759277e-01 0.000000000000000000e+00 0.000000000000000000e+00 
1.998499283217824996e-05 2.795552427414804697e-05 3.206618202966637909e-05 3.092504994128830731e-05 2.969767774629872292e-05 3.608660335885360837e-05 4.286939656594768167e-05 4.545963747659698129e-05 1.035605891956947744e-04 1.154275523731485009e-04 4.886307870037853718e-04 1.248253625817596912e-03 4.387885797768831253e-03 2.472168579697608948e-02 3.111540526151657104e-02 1.739973947405815125e-02 6.778882816433906555e-03 3.400651970878243446e-03 4.812328552361577749e-05 2.462090742483269423e-05 1.551317654957529157e-05 7.774569894536398351e-06 0.000000000000000000e+00 0.000000000000000000e+00 
4.062724299728870392e-03 4.108813125640153885e-03 4.111650865525007248e-03 4.145267885178327560e-03 4.165709484368562698e-03 4.193645436316728592e-03 4.215725697576999664e-03 4.291846416890621185e-03 4.588949959725141525e-03 4.687182605266571045e-03 6.222716532647609711e-03 7.540019694715738297e-03 2.447983622550964355e-02 1.808464676141738892e-01 5.297338366508483887e-01 9.047425389289855957e-01 9.786300659179687500e-01 9.914233684539794922e-01 9.959673881530761719e-01 9.962054491043090820e-01 9.963528513908386230e-01 9.964181184768676758e-01 0.000000000000000000e+00 0.000000000000000000e+00 
1.942622293427120894e-05 2.709246109589003026e-05 3.140515764243900776e-05 3.015213951584883034e-05 2.891021904360968620e-05 3.513538467814214528e-05 4.180804899078793824e-05 4.458318289835005999e-05 1.017870454234071076e-04 1.140922249760478735e-04 4.862835630774497986e-04 1.248769927769899368e-03 4.430686123669147491e-03 2.478794753551483154e-02 3.113678656518459320e-02 1.733158156275749207e-02 6.713065784424543381e-03 3.393792081624269485e-03 4.724179598269984126e-05 2.415452581772115082e-05 1.529204564576502889e-05 7.614127298438688740e-06 0.000000000000000000e+00 0.000000000000000000e+00 
3.985575865954160690e-03 4.030481912195682526e-03 4.034201148897409439e-03 4.068489186465740204e-03 4.088213667273521423e-03 4.115990828722715378e-03 4.138289485126733780e-03 4.216575063765048981e-03 4.518607631325721741e-03 4.618864972144365311e-03 6.210645195096731186e-03 7.632143795490264893e-03 2.641567587852478027e-02 1.870560795068740845e-01 5.440793037414550781e-01 9.097131490707397461e-01 9.798697233200073242e-01 9.917402863502502441e-01 9.960529804229736328e-01 9.962786436080932617e-01 9.964200258255004883e-01 9.964822530746459961e-01 0.000000000000000000e+00 0.000000000000000000e+00 
1.908963713503908366e-05 2.653012052178382874e-05 3.113737329840660095e-05 2.977208714582957327e-05 2.852570105460472405e-05 3.468043723842129111e-05 4.132240064791403711e-05 4.468809493118897080e-05 1.040788192767649889e-04 1.191754272440448403e-04 5.177147104404866695e-04 1.338114961981773376e-03 4.902475047856569290e-03 2.521704137325286865e-02 3.107868321239948273e-02 1.687403954565525055e-02 6.359861698001623154e-03 3.245502011850476265e-03 4.508119673118926585e-05 2.315581150469370186e-05 1.466543744754744694e-05 7.358481525443494320e-06 0.000000000000000000e+00 0.000000000000000000e+00 
3.907060716301202774e-03 3.949954640120267868e-03 3.953506704419851303e-03 3.987344913184642792e-03 4.006135743111371994e-03 4.033341072499752045e-03 4.054645076394081116e-03 4.130237270146608353e-03 4.420670215040445328e-03 4.516879096627235413e-03 6.048561539500951767e-03 7.412316743284463882e-03 2.546058036386966705e-02 1.849121898412704468e-01 5.403181314468383789e-01 9.088771343231201172e-01 9.797974824905395508e-01 9.917477369308471680e-01 9.961209297180175781e-01 9.963421225547790527e-01 9.964807033538818359e-01 9.965423345565795898e-01 0.000000000000000000e+00 0.000000000000000000e+00 
1.837810305005405098e-05 2.546330142649821937e-05 3.015754373336676508e-05 2.875288737413939089e-05 2.748663973761722445e-05 3.339877730468288064e-05 3.990955883637070656e-05 4.316009653848595917e-05 9.960238094208762050e-05 1.140134627348743379e-04 4.963774699717760086e-04 1.287720981054008007e-03 4.714643117040395737e-03 2.509579062461853027e-02 3.114866651594638824e-02 1.699784770607948303e-02 6.434847135096788406e-03 3.304538782685995102e-03 4.445374725037254393e-05 2.274503822263795882e-05 1.443017299607163295e-05 7.212324817373882979e-06 0.000000000000000000e+00 0.000000000000000000e+00 
3.830537665635347366e-03 3.871489083394408226e-03 3.874694230034947395e-03 3.907543141394853592e-03 3.925349563360214233e-03 3.951754886656999588e-03 3.972141072154045105e-03 4.043673630803823471e-03 4.319714382290840149e-03 4.409236833453178406e-03 5.851223133504390717e-03 7.102744653820991516e-03 2.362889051437377930e-02 1.800135821104049683e-01 5.305190086364746094e-01 9.060497879981994629e-01 9.792705178260803223e-01 9.916542172431945801e-01 9.961808323860168457e-01 9.964012503623962402e-01 9.965386986732482910e-01 9.966001510620117188e-01 0.000000000000000000e+00 0.000000000000000000e+00 
1.766979039530269802e-05 2.441429569444153458e-05 2.911680348915979266e-05 2.768123522400856018e-05 2.640023376443423331e-05 3.204355743946507573e-05 3.840569843305274844e-05 4.134150731260888278e-05 9.403199510416015983e-05 1.063150048139505088e-04 4.603152920026332140e-04 1.191320479847490788e-03 4.307405091822147369e-03 2.478813193738460541e-02 3.125240281224250793e-02 1.731482148170471191e-02 6.650461349636316299e-03 3.429658478125929832e-03 4.438429823494516313e-05 2.260808469145558774e-05 1.431497184967156500e-05 7.111629201972391456e-06 0.000000000000000000e+00 0.000000000000000000e+00 
3.762510372325778008e-03 3.802992636337876320e-03 3.807489760220050812e-03 3.841085359454154968e-03 3.858080599457025528e-03 3.884009551256895065e-03 3.905753372237086296e-03 3.980541136115789413e-03 4.264088813215494156e-03 4.357120953500270844e-03 5.873000714927911758e-03 7.237268611788749695e-03 2.583990991115570068e-02 1.870115399360656738e-01 5.465115904808044434e-01 9.114541411399841309e-01 9.806103706359863281e-01 9.919977188110351562e-01 9.962604045867919922e-01 9.964689612388610840e-01 9.966006278991699219e-01 9.966595172882080078e-01 0.000000000000000000e+00 0.000000000000000000e+00 
1.761952989909332246e-05 2.426662103971466422e-05 2.930446134996600449e-05 2.770706305454950780e-05 2.641364699229598045e-05 3.204856329830363393e-05 3.846211620839312673e-05 4.206061203149147332e-05 9.733821207191795111e-05 1.130540404119528830e-04 4.993024631403386593e-04 1.292012049816548824e-03 4.845894873142242432e-03 2.526390179991722107e-02 3.116855584084987640e-02 1.679678075015544891e-02 6.244022399187088013e-03 3.251605900004506111e-03 4.226934106554836035e-05 2.167405182262882590e-05 1.375033298245398328e-05 6.880389719299273565e-06 0.000000000000000000e+00 0.000000000000000000e+00 
3.690476529300212860e-03 3.728998359292745590e-03 3.733181394636631012e-03 3.765987232327461243e-03 3.782119136303663254e-03 3.807716537266969681e-03 3.828140441328287125e-03 3.899282077327370644e-03 4.169090650975704193e-03 4.256869200617074966e-03 5.693313200026750565e-03 6.963778752833604813e-03 2.425964362919330597e-02 1.830020844936370850e-01 5.386834740638732910e-01 9.093133211135864258e-01 9.802300930023193359e-01 9.919386506080627441e-01 9.963186383247375488e-01 9.965257644653320312e-01 9.966561794281005859e-01 9.967146515846252441e-01 0.000000000000000000e+00 0.000000000000000000e+00 
1.688265547272749245e-05 2.320742532901931554e-05 2.819357905536890030e-05 2.661980579432565719e-05 2.531462450860999525e-05 3.070205639232881367e-05 3.698024011100642383e-05 4.029862247989512980e-05 9.199191117659211159e-05 1.060474387486465275e-04 4.681218124460428953e-04 1.212473143823444843e-03 4.501107614487409592e-03 2.501673996448516846e-02 3.126589208841323853e-02 1.705344952642917633e-02 6.418471690267324448e-03 3.353328676894307137e-03 4.201983392704278231e-05 2.146336919395253062e-05 1.356552093056961894e-05 6.769620995328295976e-06 0.000000000000000000e+00 0.000000000000000000e+00 
3.622741205617785454e-03 3.659803187474608421e-03 3.664212301373481750e-03 3.696844447404146194e-03 3.712176112458109856e-03 3.737714374437928200e-03 3.757523372769355774e-03 3.827305976301431656e-03 4.091752227395772934e-03 4.177716560661792755e-03 5.593979731202125549e-03 6.855665240436792374e-03 2.422826550900936127e-02 1.833966970443725586e-01 5.403357744216918945e-01 9.101509451866149902e-01 9.805285334587097168e-01 9.920320510864257812e-01 9.963835477828979492e-01 9.965855479240417480e-01 9.967128038406372070e-01 9.967700242996215820e-01 0.000000000000000000e+00 0.000000000000000000e+00 
1.637096647755242884e-05 2.246572694275528193e-05 2.747457256191410124e-05 2.589660107332747430e-05 2.458043854858260602e-05 2.982248588523361832e-05 3.603021832532249391e-05 3.938146619475446641e-05 9.007275366457179189e-05 1.042478033923543990e-04 4.647774039767682552e-04 1.203462015837430954e-03 4.521070513874292374e-03 2.505912072956562042e-02 3.128972649574279785e-02 1.700000837445259094e-02 6.360077764838933945e-03 3.349169157445430756e-03 4.108212669962085783e-05 2.096743628499098122e-05 1.324615914199966937e-05 6.615420716116204858e-06 0.000000000000000000e+00 0.000000000000000000e+00 
3.556661773473024368e-03 3.592311870306730270e-03 3.596865572035312653e-03 3.629244631156325340e-03 3.643811214715242386e-03 3.669262398034334183e-03 3.688542405143380165e-03 3.756835358217358589e-03 4.015315789729356766e-03 4.099890124052762985e-03 5.494568962603807449e-03 6.739567499607801437e-03 2.410583570599555969e-02 1.835630387067794800e-01 5.414215326309204102e-01 9.108001589775085449e-01 9.807792305946350098e-01 9.921171665191650391e-01 9.964474439620971680e-01 9.966440200805664062e-01 9.967682957649230957e-01 9.968242049217224121e-01 0.000000000000000000e+00 0.000000000000000000e+00 
1.586989128554705530e-05 2.174847031710669398e-05 2.676912481547333300e-05 2.518606015655677766e-05 2.386430605838540941e-05 2.896939986385405064e-05 3.510283204377628863e-05 3.849669155897572637e-05 8.787908154772594571e-05 1.023686563712544739e-04 4.607772571034729481e-04 1.190684968605637550e-03 4.516071174293756485e-03 2.508599497377872467e-02 3.131720796227455139e-02 1.696768030524253845e-02 6.317758932709693909e-03 3.350308164954185486e-03 4.015447120764292777e-05 2.047561793006025255e-05 1.294492631132015958e-05 6.463788849941920489e-06 0.000000000000000000e+00 0.000000000000000000e+00 
3.493555122986435890e-03 3.528223605826497078e-03 3.533107461407780647e-03 3.565320512279868126e-03 3.579229582101106644e-03 3.604237455874681473e-03 3.623748430982232094e-03 3.691730555146932602e-03 3.947309684008359909e-03 4.031444899737834930e-03 5.425102543085813522e-03 6.677770521491765976e-03 2.442585863173007965e-02 1.850436478853225708e-01 5.452873706817626953e-01 9.123134016990661621e-01 9.812285304069519043e-01 9.922497868537902832e-01 9.965118169784545898e-01 9.967021346092224121e-01 9.968230128288269043e-01 9.968775510787963867e-01 0.000000000000000000e+00 0.000000000000000000e+00 
1.554502159706316888e-05 2.125776336470153183e-05 2.638391924847383052e-05 2.473885433573741466e-05 2.341621257073711604e-05 2.841062632796820253e-05 3.453533281572163105e-05 3.809179906966164708e-05 8.688145317137241364e-05 1.022781507344916463e-04 4.657851823139935732e-04 1.200873288325965405e-03 4.614613018929958344e-03 2.519669383764266968e-02 3.132227435708045959e-02 1.684260368347167969e-02 6.204067263752222061e-03 3.314994741231203079e-03 3.904905679519288242e-05 1.992383658944163471e-05 1.259539021702948958e-05 6.305942406470421702e-06 0.000000000000000000e+00 0.000000000000000000e+00 
3.430150216445326805e-03 3.463526489213109016e-03 3.468334674835205078e-03 3.499583574011921883e-03 3.512749215587973595e-03 3.536914475262165070e-03 3.556533018127083778e-03 3.621461335569620132e-03 3.867624327540397644e-03 3.946936223655939102e-03 5.281446035951375961e-03 6.453233771026134491e-03 2.312358282506465912e-02 1.816990673542022705e-01 5.388667583465576172e-01 9.106253385543823242e-01 9.809590578079223633e-01 9.922140836715698242e-01 9.965661168098449707e-01 9.967549443244934082e-01 9.968742728233337402e-01 9.969285130500793457e-01 0.000000000000000000e+00 0.000000000000000000e+00 
1.507942761236336082e-05 2.058961217699106783e-05 2.572507764853071421e-05 2.404455881332978606e-05 2.271734592795837671e-05 2.752136060735210776e-05 3.365809243405237794e-05 3.693104736157692969e-05 8.324337250087410212e-05 9.727181168273091316e-05 4.419814795255661011e-04 1.134818419814109802e-03 4.322181921452283859e-03 2.498857304453849792e-02 3.140635788440704346e-02 1.704565994441509247e-02 6.332788150757551193e-03 3.397861728444695473e-03 3.872462912113405764e-05 1.972008794837165624e-05 1.243163660546997562e-05 6.209166258486220613e-06 0.000000000000000000e+00 0.000000000000000000e+00 
3.371798433363437653e-03 3.404689254239201546e-03 3.410207107663154602e-03 3.441678360104560852e-03 3.454293124377727509e-03 3.478035796433687210e-03 3.498623846098780632e-03 3.565013408660888672e-03 3.813776420429348946e-03 3.895538626238703728e-03 5.273402668535709381e-03 6.514954380691051483e-03 2.462904900312423706e-02 1.867003142833709717e-01 5.501300096511840820e-01 9.143981933593750000e-01 9.819021821022033691e-01 9.924621582031250000e-01 9.966335892677307129e-01 9.968136548995971680e-01 9.969285130500793457e-01 9.969807267189025879e-01 0.000000000000000000e+00 0.000000000000000000e+00 
1.494266871304716915e-05 2.036115802184212953e-05 2.570061769802123308e-05 2.389540350122842938e-05 2.258588756376411766e-05 2.733517248998396099e-05 3.358554022270254791e-05 3.722921610460616648e-05 8.436782081844285131e-05 1.010131672956049442e-04 4.687420441769063473e-04 1.200359314680099487e-03 4.704031627625226974e-03 2.533224783837795258e-02 3.134424984455108643e-02 1.668329350650310516e-02 6.045524962246417999e-03 3.275889437645673752e-03 3.718824882525950670e-05 1.898851223813835531e-05 1.202210114570334554e-05 6.024519279890228063e-06 0.000000000000000000e+00 0.000000000000000000e+00 
3.308581653982400894e-03 3.339631482958793640e-03 3.344313474372029305e-03 3.373900195583701134e-03 3.385923570021986961e-03 3.408944001421332359e-03 3.428197000175714493e-03 3.487898036837577820e-03 3.717218758538365364e-03 3.789883805438876152e-03 5.026124417781829834e-03 6.073802243918180466e-03 2.106876485049724579e-02 1.764221787452697754e-01 5.290316343307495117e-01 9.080817103385925293e-01 9.805757403373718262e-01 9.921810626983642578e-01 9.966757297515869141e-01 9.968596100807189941e-01 9.969754219055175781e-01 9.970284700393676758e-01 0.000000000000000000e+00 0.000000000000000000e+00 
1.419436466676415876e-05 1.935342334036249667e-05 2.446132020850200206e-05 2.271668927278369665e-05 2.142596349585801363e-05 2.591168413346167654e-05 3.199241109541617334e-05 3.479069710010662675e-05 7.687989273108541965e-05 8.914690988603979349e-05 4.036425671074539423e-04 1.030851271934807301e-03 3.863203106448054314e-03 2.466236986219882965e-02 3.154142946004867554e-02 1.736725494265556335e-02 6.542545277625322342e-03 3.533519571647047997e-03 3.785939406952820718e-05 1.917594272526912391e-05 1.207616605825023726e-05 5.993518698232946917e-06 0.000000000000000000e+00 0.000000000000000000e+00 
