6.760166735957303663e-01 3.846571919869403722e-01 0.000000000000000000e+00 5.503199658703071817e-01 8.268151491365779426e-01 0.000000000000000000e+00 8.272995146802598621e-01 0.000000000000000000e+00 8.260853629082693939e-01 0.000000000000000000e+00 
2.458621432712307930e-01 1.733334191447618022e-01 0.000000000000000000e+00 8.994240614334471084e-01 9.306711145996863221e-01 0.000000000000000000e+00 9.225040933551796885e-01 0.000000000000000000e+00 9.404227876162234434e-01 0.000000000000000000e+00 
1.347329867093858824e-01 1.117364052797154561e-01 0.000000000000000000e+00 9.490827645051194139e-01 9.584772370486656090e-01 0.000000000000000000e+00 9.644962110420779444e-01 0.000000000000000000e+00 9.519216904040025407e-01 0.000000000000000000e+00 
8.709250373035548609e-02 8.114488471337423514e-02 0.000000000000000000e+00 9.681527303754265956e-01 9.709772370486655646e-01 0.000000000000000000e+00 9.572492350052296262e-01 0.000000000000000000e+00 9.860200042451942037e-01 0.000000000000000000e+00 
6.020812991777682588e-02 5.581086988047677389e-02 0.000000000000000000e+00 9.784769624573378399e-01 9.811224489795909998e-01 0.000000000000000000e+00 9.767607928953361274e-01 0.000000000000000000e+00 9.852582381221305363e-01 0.000000000000000000e+00 
4.664747004296691119e-02 4.831119613455874678e-02 0.000000000000000000e+00 9.831271331058020202e-01 9.829670329670324724e-01 0.000000000000000000e+00 9.741566453536195658e-01 0.000000000000000000e+00 9.923272458893686032e-01 0.000000000000000000e+00 
3.546070857133450799e-02 3.700965460228296255e-02 0.000000000000000000e+00 9.876493174061433677e-01 9.869897959183659975e-01 0.000000000000000000e+00 9.916909602960890524e-01 0.000000000000000000e+00 9.825895945786168317e-01 0.000000000000000000e+00 
2.709219223113830746e-02 2.752032881241519777e-02 0.000000000000000000e+00 9.909129692832764347e-01 9.909438775510197583e-01 0.000000000000000000e+00 9.909903725026220078e-01 0.000000000000000000e+00 9.910542311446755015e-01 0.000000000000000000e+00 
2.210850590660591239e-02 2.327869941447196361e-02 0.000000000000000000e+00 9.921715017064846043e-01 9.920918367346933664e-01 0.000000000000000000e+00 9.919431585507623161e-01 0.000000000000000000e+00 9.924864299663335165e-01 0.000000000000000000e+00 
1.794625314730521545e-02 2.448979888600772564e-02 0.000000000000000000e+00 9.939419795221843268e-01 9.915816326530606517e-01 0.000000000000000000e+00 9.892139185120391032e-01 0.000000000000000000e+00 9.935062500246191197e-01 0.000000000000000000e+00 
1.471794097377988539e-02 2.395758320689106435e-02 0.000000000000000000e+00 9.948165529010238872e-01 9.926020408163257480e-01 0.000000000000000000e+00 9.899550826177305751e-01 0.000000000000000000e+00 9.950089607241604517e-01 0.000000000000000000e+00 
1.277074879661632342e-02 1.753857665949462921e-02 0.000000000000000000e+00 9.954351535836177822e-01 9.946428571428566068e-01 0.000000000000000000e+00 9.960455187180548009e-01 0.000000000000000000e+00 9.928280464861021226e-01 0.000000000000000000e+00 
1.093029366245826250e-02 1.882781012919826358e-02 0.000000000000000000e+00 9.960964163822525475e-01 9.936224489795910664e-01 0.000000000000000000e+00 9.917930575999378551e-01 0.000000000000000000e+00 9.953965728931362111e-01 0.000000000000000000e+00 
9.287102263299240254e-03 1.443091612629953530e-02 0.000000000000000000e+00 9.967150170648464425e-01 9.956632653061220362e-01 0.000000000000000000e+00 9.951970411854106358e-01 0.000000000000000000e+00 9.959898459014592254e-01 0.000000000000000000e+00 
8.217159838982562164e-03 1.834614930302617269e-02 0.000000000000000000e+00 9.973549488054607171e-01 9.940051020408154914e-01 0.000000000000000000e+00 9.901626946402141138e-01 0.000000000000000000e+00 9.980579303517070899e-01 0.000000000000000000e+00 
6.898757094761852164e-03 1.534049227707235362e-02 0.000000000000000000e+00 9.974829351535836608e-01 9.959772370486652537e-01 0.000000000000000000e+00 9.965442138666347205e-01 0.000000000000000000e+00 9.953438587176918206e-01 0.000000000000000000e+00 
6.025185475129186605e-03 1.738499351646466060e-02 0.000000000000000000e+00 9.980375426621160839e-01 9.950255102040812538e-01 0.000000000000000000e+00 9.982880294897413798e-01 0.000000000000000000e+00 9.920720976626962173e-01 0.000000000000000000e+00 
5.318873453288439773e-03 2.495684985820398674e-02 0.000000000000000000e+00 9.980588737201364635e-01 9.923371271585550435e-01 0.000000000000000000e+00 9.863298780489078155e-01 0.000000000000000000e+00 9.987471889645802570e-01 0.000000000000000000e+00 
5.025930053847202372e-03 1.397288033375825370e-02 0.000000000000000000e+00 9.984215017064846931e-01 9.957908163265301038e-01 0.000000000000000000e+00 9.949290027145200055e-01 0.000000000000000000e+00 9.967335667807665223e-01 0.000000000000000000e+00 
4.576923920412126826e-03 1.199999043871814892e-02 0.000000000000000000e+00 9.982935153583617494e-01 9.964285714285712192e-01 0.000000000000000000e+00 9.965145513889671625e-01 0.000000000000000000e+00 9.963367247854498787e-01 0.000000000000000000e+00 
4.280300285610215069e-03 1.115320071128698270e-02 0.000000000000000000e+00 9.984215017064846931e-01 9.971938775510201802e-01 0.000000000000000000e+00 9.970921733139250787e-01 0.000000000000000000e+00 9.971899277054235844e-01 0.000000000000000000e+00 
3.809785579310906098e-03 9.537734172876557656e-03 0.000000000000000000e+00 9.987414675767918304e-01 9.971938775510201802e-01 0.000000000000000000e+00 9.982177605721457292e-01 0.000000000000000000e+00 9.962007799278974618e-01 0.000000000000000000e+00 
3.195108356978113625e-03 1.139948325570523148e-02 0.000000000000000000e+00 9.989121160409556444e-01 9.964285714285708861e-01 0.000000000000000000e+00 9.949449339112842461e-01 0.000000000000000000e+00 9.979217704273862788e-01 0.000000000000000000e+00 
2.761691113474120003e-03 1.021600459635195988e-02 0.000000000000000000e+00 9.991254266211604396e-01 9.969387755102037119e-01 0.000000000000000000e+00 9.969891310558993691e-01 0.000000000000000000e+00 9.969171498003969178e-01 0.000000000000000000e+00 
2.875051079317679156e-03 1.151042464446117193e-02 0.000000000000000000e+00 9.990187713310579865e-01 9.971938775510200692e-01 0.000000000000000000e+00 9.990373496035517276e-01 0.000000000000000000e+00 9.952775173840657796e-01 0.000000000000000000e+00 
