6.697111303132955440e-01 5.428618213960102468e-01 0.000000000000000000e+00 5.624075654152446146e-01 7.277636054421768863e-01 0.000000000000000000e+00 7.279971150178055073e-01 0.000000000000000000e+00 7.275754288683279336e-01 0.000000000000000000e+00 
3.827480894383106791e-01 2.576137039126182304e-01 0.000000000000000000e+00 8.279330204778156954e-01 8.955508989310010382e-01 0.000000000000000000e+00 8.939737331292609834e-01 0.000000000000000000e+00 8.969826789636012876e-01 0.000000000000000000e+00 
2.127389356513021412e-01 1.681969302649400644e-01 0.000000000000000000e+00 9.142971416382252858e-01 9.341077502429542267e-01 0.000000000000000000e+00 9.090786657369824830e-01 0.000000000000000000e+00 9.625948356718387888e-01 0.000000000000000000e+00 
1.375222194650601304e-01 1.096898312395324510e-01 0.000000000000000000e+00 9.465230375426620935e-01 9.587433187560738812e-01 0.000000000000000000e+00 9.476197341008629760e-01 0.000000000000000000e+00 9.705444253612631744e-01 0.000000000000000000e+00 
9.414610821700498955e-02 7.419303998503150310e-02 0.000000000000000000e+00 9.647202076222981537e-01 9.721285835762871752e-01 0.000000000000000000e+00 9.646620094909549303e-01 0.000000000000000000e+00 9.800259591035413997e-01 0.000000000000000000e+00 
6.886439227197897750e-02 5.819973003651414400e-02 0.000000000000000000e+00 9.743760665529009879e-01 9.784378036929060052e-01 0.000000000000000000e+00 9.786631506571066286e-01 0.000000000000000000e+00 9.781993605783085854e-01 0.000000000000000000e+00 
5.250439019597599732e-02 4.829956319335163700e-02 0.000000000000000000e+00 9.806118458475541200e-01 9.822385204081628407e-01 0.000000000000000000e+00 9.861975822358602928e-01 0.000000000000000000e+00 9.785123249317910776e-01 0.000000000000000000e+00 
4.197781743058011383e-02 3.974258113766507283e-02 0.000000000000000000e+00 9.847909556313992896e-01 9.855214407191448256e-01 0.000000000000000000e+00 9.922265763647191150e-01 0.000000000000000000e+00 9.788863590861629493e-01 0.000000000000000000e+00 
3.384830363089045419e-02 3.080203048694802812e-02 0.000000000000000000e+00 9.875853242320818959e-01 9.888848396501452864e-01 0.000000000000000000e+00 9.859903018162928801e-01 0.000000000000000000e+00 9.918407145634248190e-01 0.000000000000000000e+00 
2.843759302197380878e-02 2.700110449341638907e-02 0.000000000000000000e+00 9.896224402730375846e-01 9.906720724003889034e-01 0.000000000000000000e+00 9.864806934178952380e-01 0.000000000000000000e+00 9.949745298851951913e-01 0.000000000000000000e+00 
2.370491544918197635e-02 2.169078556412108727e-02 0.000000000000000000e+00 9.916275597269624820e-01 9.926946671525760379e-01 0.000000000000000000e+00 9.911322530324880864e-01 0.000000000000000000e+00 9.942757607874131986e-01 0.000000000000000000e+00 
2.067177057466982118e-02 2.432222960383764385e-02 0.000000000000000000e+00 9.927207764505119325e-01 9.912779397473272525e-01 0.000000000000000000e+00 9.950897993167784339e-01 0.000000000000000000e+00 9.875579407577932400e-01 0.000000000000000000e+00 
1.801224786652092652e-02 2.271668614382494483e-02 0.000000000000000000e+00 9.935793515358362082e-01 9.918989917395535372e-01 0.000000000000000000e+00 9.879179930048244129e-01 0.000000000000000000e+00 9.958744354025267365e-01 0.000000000000000000e+00 
1.636053063030783530e-02 1.529667516267497335e-02 0.000000000000000000e+00 9.940610779294654087e-01 9.949435131195339954e-01 0.000000000000000000e+00 9.942734972249587244e-01 0.000000000000000000e+00 9.956072690911514922e-01 0.000000000000000000e+00 
1.426480166231782268e-02 1.592393213531420604e-02 0.000000000000000000e+00 9.947525597269624154e-01 9.944166059280863390e-01 0.000000000000000000e+00 9.931891431773949286e-01 0.000000000000000000e+00 9.957645227975945312e-01 0.000000000000000000e+00 
1.279858437526904327e-02 1.391123119998267064e-02 0.000000000000000000e+00 9.952485068259385725e-01 9.949921039844514814e-01 0.000000000000000000e+00 9.945251479433346864e-01 0.000000000000000000e+00 9.954563265166971320e-01 0.000000000000000000e+00 
1.159350196520024003e-02 1.383606066163486741e-02 0.000000000000000000e+00 9.957231228668942391e-01 9.950892857142864534e-01 0.000000000000000000e+00 9.938460173842826872e-01 0.000000000000000000e+00 9.962682411956844675e-01 0.000000000000000000e+00 
1.024260857764341601e-02 1.247831774110506713e-02 0.000000000000000000e+00 9.963097269624573427e-01 9.957270408163269027e-01 0.000000000000000000e+00 9.960938446451215178e-01 0.000000000000000000e+00 9.953017958212457827e-01 0.000000000000000000e+00 
9.727093727324307576e-03 1.313293587573214835e-02 0.000000000000000000e+00 9.964057167235494950e-01 9.955038265306129786e-01 0.000000000000000000e+00 9.950021558183392845e-01 0.000000000000000000e+00 9.960159427592691905e-01 0.000000000000000000e+00 
9.182643631831070852e-03 1.344129801917897174e-02 0.000000000000000000e+00 9.967096843003413476e-01 9.952472060252675057e-01 0.000000000000000000e+00 9.968034645521474113e-01 0.000000000000000000e+00 9.937230915738113346e-01 0.000000000000000000e+00 
8.329710607893241539e-03 1.152987554324885928e-02 0.000000000000000000e+00 9.968909982935153513e-01 9.961719509232273007e-01 0.000000000000000000e+00 9.948875775237695507e-01 0.000000000000000000e+00 9.975165777231717046e-01 0.000000000000000000e+00 
7.485652765842315537e-03 1.281546594721160587e-02 0.000000000000000000e+00 9.972482935153583750e-01 9.958545918367354144e-01 0.000000000000000000e+00 9.965433576441340424e-01 0.000000000000000000e+00 9.952272746632194744e-01 0.000000000000000000e+00 
7.160255338175012217e-03 9.979427839351380849e-03 0.000000000000000000e+00 9.973229522184300366e-01 9.965242346938782969e-01 0.000000000000000000e+00 9.970436671749931534e-01 0.000000000000000000e+00 9.959411707685604798e-01 0.000000000000000000e+00 
6.803173940463406837e-03 1.193990269366993970e-02 0.000000000000000000e+00 9.974669368600682651e-01 9.960929907677361639e-01 0.000000000000000000e+00 9.972213412168269286e-01 0.000000000000000000e+00 9.950219492766394502e-01 0.000000000000000000e+00 
6.250602824087323622e-03 9.733369700463337035e-03 0.000000000000000000e+00 9.977069112627986458e-01 9.970815111758993821e-01 0.000000000000000000e+00 9.978423471171344872e-01 0.000000000000000000e+00 9.963669039902869340e-01 0.000000000000000000e+00 
6.278556559837967024e-03 1.154240500300704464e-02 0.000000000000000000e+00 9.977815699658703075e-01 9.960443999028194551e-01 0.000000000000000000e+00 9.949050972869778464e-01 0.000000000000000000e+00 9.971338387567171280e-01 0.000000000000000000e+00 
5.539765374991096648e-03 1.083483490249503162e-02 0.000000000000000000e+00 9.979895477815700078e-01 9.967155612244908980e-01 0.000000000000000000e+00 9.957209344060378164e-01 0.000000000000000000e+00 9.976814228478250168e-01 0.000000000000000000e+00 
5.127205922089077099e-03 1.095280155648800484e-02 0.000000000000000000e+00 9.980802047781569541e-01 9.966198979591842644e-01 0.000000000000000000e+00 9.952545949372927359e-01 0.000000000000000000e+00 9.980128054708706786e-01 0.000000000000000000e+00 
5.050419646215337753e-03 1.265617628799803676e-02 0.000000000000000000e+00 9.981868600682594073e-01 9.962205417881445646e-01 0.000000000000000000e+00 9.976830532589739953e-01 0.000000000000000000e+00 9.947743620717675039e-01 0.000000000000000000e+00 
4.795197458031646640e-03 1.261576469699562247e-02 0.000000000000000000e+00 9.981548634812286158e-01 9.959958090379018580e-01 0.000000000000000000e+00 9.969296178893326532e-01 0.000000000000000000e+00 9.950548759493917927e-01 0.000000000000000000e+00 
4.786290633945925604e-03 9.863524457020447778e-03 0.000000000000000000e+00 9.981708617747440115e-01 9.969387755102046000e-01 0.000000000000000000e+00 9.983854478364919682e-01 0.000000000000000000e+00 9.954296303801395407e-01 0.000000000000000000e+00 
4.366479983668066639e-03 1.118598703240942550e-02 0.000000000000000000e+00 9.984055034129692974e-01 9.966350826044712008e-01 0.000000000000000000e+00 9.946726975299459150e-01 0.000000000000000000e+00 9.986626208902702473e-01 0.000000000000000000e+00 
4.274591052411462651e-03 1.130279774417654141e-02 0.000000000000000000e+00 9.984534982935153735e-01 9.963329081632660289e-01 0.000000000000000000e+00 9.947685035872281256e-01 0.000000000000000000e+00 9.978983570651518420e-01 0.000000000000000000e+00 
4.207773983758273349e-03 8.793013249654608315e-03 0.000000000000000000e+00 9.985548208191126207e-01 9.973199101069010197e-01 0.000000000000000000e+00 9.977015738108051535e-01 0.000000000000000000e+00 9.969196736627629063e-01 0.000000000000000000e+00 
4.039840697223925567e-03 1.318680889870643518e-02 0.000000000000000000e+00 9.985814846416382062e-01 9.960292152575325186e-01 0.000000000000000000e+00 9.975709433504250656e-01 0.000000000000000000e+00 9.944667047139347238e-01 0.000000000000000000e+00 
3.989800840288671921e-03 6.639682401161122599e-03 0.000000000000000000e+00 9.985814846416382062e-01 9.974808673469396370e-01 0.000000000000000000e+00 9.978848296145885755e-01 0.000000000000000000e+00 9.970923464169835215e-01 0.000000000000000000e+00 
3.771255395610468696e-03 9.056372425684643818e-03 0.000000000000000000e+00 9.986934726962457542e-01 9.969858479105934146e-01 0.000000000000000000e+00 9.986205884045336045e-01 0.000000000000000000e+00 9.953256844348113974e-01 0.000000000000000000e+00 
3.567559797393311197e-03 9.597357043331816370e-03 0.000000000000000000e+00 9.987414675767918304e-01 9.970815111758999372e-01 0.000000000000000000e+00 9.985558441983565237e-01 0.000000000000000000e+00 9.956381966706704389e-01 0.000000000000000000e+00 
3.541654985253751831e-03 7.929366360221304366e-03 0.000000000000000000e+00 9.986828071672354534e-01 9.974489795918374258e-01 0.000000000000000000e+00 9.975811895947936936e-01 0.000000000000000000e+00 9.973162492691786118e-01 0.000000000000000000e+00 
3.330792758107413171e-03 8.953690951617614829e-03 0.000000000000000000e+00 9.988001279863480963e-01 9.971452866861036934e-01 0.000000000000000000e+00 9.978236298816183236e-01 0.000000000000000000e+00 9.964884229604420440e-01 0.000000000000000000e+00 
3.215851344807576628e-03 1.019125282730282307e-02 0.000000000000000000e+00 9.988641211604095682e-01 9.970663265306127787e-01 0.000000000000000000e+00 9.963174585052620991e-01 0.000000000000000000e+00 9.978539065394754770e-01 0.000000000000000000e+00 
3.146266826436878994e-03 8.489714241496047753e-03 0.000000000000000000e+00 9.988534556313992674e-01 9.972576530612254908e-01 0.000000000000000000e+00 9.974150772849779134e-01 0.000000000000000000e+00 9.971054123297875549e-01 0.000000000000000000e+00 
3.137112446732506516e-03 8.107903148050595726e-03 0.000000000000000000e+00 9.988161262798634921e-01 9.974960519922259072e-01 0.000000000000000000e+00 9.972430201955408968e-01 0.000000000000000000e+00 9.977203172081283711e-01 0.000000000000000000e+00 
2.960265143817472373e-03 6.934556170544593778e-03 0.000000000000000000e+00 9.988907849829351537e-01 9.978635204081640619e-01 0.000000000000000000e+00 9.976948150133523319e-01 0.000000000000000000e+00 9.980158436255063270e-01 0.000000000000000000e+00 
2.977460367407261214e-03 9.347869465755696133e-03 0.000000000000000000e+00 9.990401023890784771e-01 9.971133989310018153e-01 0.000000000000000000e+00 9.956613618172904800e-01 0.000000000000000000e+00 9.985331321608896804e-01 0.000000000000000000e+00 
3.038614401335110356e-03 8.323730037197808740e-03 0.000000000000000000e+00 9.990027730375427018e-01 9.977663386783292010e-01 0.000000000000000000e+00 9.972075589897182457e-01 0.000000000000000000e+00 9.982781211188249681e-01 0.000000000000000000e+00 
2.913201993149557197e-03 8.512062623984613038e-03 0.000000000000000000e+00 9.989067832764505495e-01 9.972895408163277020e-01 0.000000000000000000e+00 9.973427926740658922e-01 0.000000000000000000e+00 9.972391044853472497e-01 0.000000000000000000e+00 
2.582755038751599098e-03 7.282842898831051563e-03 0.000000000000000000e+00 9.990454351535835720e-01 9.973533163265314583e-01 0.000000000000000000e+00 9.976409707740782062e-01 0.000000000000000000e+00 9.970725085189903192e-01 0.000000000000000000e+00 
2.658620230078152704e-03 7.197942214273153616e-03 0.000000000000000000e+00 9.990294368600682873e-01 9.978301141885332903e-01 0.000000000000000000e+00 9.979847319667980443e-01 0.000000000000000000e+00 9.976919378700642715e-01 0.000000000000000000e+00 
2.589258974778961206e-03 8.100376973372328329e-03 0.000000000000000000e+00 9.990720989761092685e-01 9.973214285714295801e-01 0.000000000000000000e+00 9.970153639310770366e-01 0.000000000000000000e+00 9.976464880867168539e-01 0.000000000000000000e+00 
2.330102412613363309e-03 8.743895088182584291e-03 0.000000000000000000e+00 9.992107508532422910e-01 9.971133989310014822e-01 0.000000000000000000e+00 9.974517715248674143e-01 0.000000000000000000e+00 9.967679304528981321e-01 0.000000000000000000e+00 
2.273405414323506971e-03 1.762617872232019947e-02 0.000000000000000000e+00 9.992267491467576868e-01 9.952168367346948541e-01 0.000000000000000000e+00 9.982884658133165390e-01 0.000000000000000000e+00 9.922537955943645516e-01 0.000000000000000000e+00 
2.483191449020660108e-03 9.175052320048907029e-03 0.000000000000000000e+00 9.991360921501706294e-01 9.974489795918374258e-01 0.000000000000000000e+00 9.962857742179183074e-01 0.000000000000000000e+00 9.985832549180250206e-01 0.000000000000000000e+00 
2.379687890923179536e-03 7.245734593847633596e-03 0.000000000000000000e+00 9.991574232081911200e-01 9.978316326530620728e-01 0.000000000000000000e+00 9.981352813883300756e-01 0.000000000000000000e+00 9.975277291731602380e-01 0.000000000000000000e+00 
2.170793447258575516e-03 8.779203974640671301e-03 0.000000000000000000e+00 9.992267491467576868e-01 9.976539723032076257e-01 0.000000000000000000e+00 9.983845941002178481e-01 0.000000000000000000e+00 9.968813031893060117e-01 0.000000000000000000e+00 
2.241371984491520673e-03 1.294909582719235355e-02 0.000000000000000000e+00 9.992427474402730825e-01 9.964285714285721074e-01 0.000000000000000000e+00 9.982535819607687433e-01 0.000000000000000000e+00 9.946059615188240777e-01 0.000000000000000000e+00 
2.039489779420895245e-03 9.744178798335232164e-03 0.000000000000000000e+00 9.992480802047781774e-01 9.974003887269203839e-01 0.000000000000000000e+00 9.982412124820191357e-01 0.000000000000000000e+00 9.965837418149250393e-01 0.000000000000000000e+00 
2.242354421172788274e-03 7.061807420058710712e-03 0.000000000000000000e+00 9.992694112627986680e-01 9.978468172983484541e-01 0.000000000000000000e+00 9.974352914121373814e-01 0.000000000000000000e+00 9.982666683942800212e-01 0.000000000000000000e+00 
2.067684020458966741e-03 1.376610197428594813e-02 0.000000000000000000e+00 9.992480802047781774e-01 9.959183673469400588e-01 0.000000000000000000e+00 9.957214402992660141e-01 0.000000000000000000e+00 9.961080016621967070e-01 0.000000000000000000e+00 
1.942177072776838601e-03 9.174261668240247386e-03 0.000000000000000000e+00 9.992427474402730825e-01 9.975127551020417371e-01 0.000000000000000000e+00 9.964386636672705189e-01 0.000000000000000000e+00 9.985989785849671563e-01 0.000000000000000000e+00 
1.862313793273810344e-03 1.629174246119539579e-02 0.000000000000000000e+00 9.993280716723549340e-01 9.955660835762882854e-01 0.000000000000000000e+00 9.986107995612020227e-01 0.000000000000000000e+00 9.926302711793174582e-01 0.000000000000000000e+00 
2.103024172918830509e-03 7.525043485991179081e-03 0.000000000000000000e+00 9.992640784982934621e-01 9.975112366375128437e-01 0.000000000000000000e+00 9.981695388974740624e-01 0.000000000000000000e+00 9.968921426252431717e-01 0.000000000000000000e+00 
1.924082892242894071e-03 7.975073613124550320e-03 0.000000000000000000e+00 9.993707337883959152e-01 9.974155733722065431e-01 0.000000000000000000e+00 9.978710494547102794e-01 0.000000000000000000e+00 9.970262936626524963e-01 0.000000000000000000e+00 
1.778655748029708134e-03 9.566517110456794828e-03 0.000000000000000000e+00 9.993494027303754246e-01 9.978316326530618507e-01 0.000000000000000000e+00 9.981443827490333875e-01 0.000000000000000000e+00 9.975410269989856138e-01 0.000000000000000000e+00 
1.907071902320060016e-03 8.931024339085989402e-03 0.000000000000000000e+00 9.993600682593856144e-01 9.975446428571435042e-01 0.000000000000000000e+00 9.982696893732788679e-01 0.000000000000000000e+00 9.968467057756624783e-01 0.000000000000000000e+00 
1.798173786602765695e-03 8.447785991421017521e-03 0.000000000000000000e+00 9.994133959044368964e-01 9.975127551020412930e-01 0.000000000000000000e+00 9.983369383170904721e-01 0.000000000000000000e+00 9.966970969058783769e-01 0.000000000000000000e+00 
1.722942333714851419e-03 7.726748188992021114e-03 0.000000000000000000e+00 9.993707337883959152e-01 9.979272959183682623e-01 0.000000000000000000e+00 9.977122256640448272e-01 0.000000000000000000e+00 9.981589265175927483e-01 0.000000000000000000e+00 
1.672917801649850345e-03 9.457932480379857912e-03 0.000000000000000000e+00 9.994560580204777667e-01 9.974170918367353256e-01 0.000000000000000000e+00 9.976075669623999387e-01 0.000000000000000000e+00 9.972531582035868425e-01 0.000000000000000000e+00 
1.659864481985484121e-03 7.068057913617236537e-03 0.000000000000000000e+00 9.994827218430034632e-01 9.979743683187569658e-01 0.000000000000000000e+00 9.979817300300103389e-01 0.000000000000000000e+00 9.979654978458266656e-01 0.000000000000000000e+00 
1.620165167696075575e-03 1.204350856246770574e-02 0.000000000000000000e+00 9.994080631399316905e-01 9.970648080660845514e-01 0.000000000000000000e+00 9.975607449938606042e-01 0.000000000000000000e+00 9.965878994233625665e-01 0.000000000000000000e+00 
1.693160701049482332e-03 8.050914454598772849e-03 0.000000000000000000e+00 9.993920648464164058e-01 9.979272959183682623e-01 0.000000000000000000e+00 9.979043521835848640e-01 0.000000000000000000e+00 9.979577837837187992e-01 0.000000000000000000e+00 
1.499063170072557948e-03 7.760026229315909740e-03 0.000000000000000000e+00 9.995040529010238428e-01 9.978954081632660511e-01 0.000000000000000000e+00 9.972723825279268262e-01 0.000000000000000000e+00 9.985426358365940835e-01 0.000000000000000000e+00 
1.805127001882202631e-03 7.438689386246402982e-03 0.000000000000000000e+00 9.993494027303754246e-01 9.979910714285721296e-01 0.000000000000000000e+00 9.980398131189610611e-01 0.000000000000000000e+00 9.979510223795617918e-01 0.000000000000000000e+00 
