2.319211006164550781e+00 2.256788253784179688e+00 0.000000000000000000e+00 5.000000000000000000e-01 5.000000000000000000e-01 0.000000000000000000e+00 0.000000000000000000e+00 0.000000000000000000e+00 5.000000000000000000e-01 0.000000000000000000e+00 
4.602500498294830322e-01 4.703716337680816650e-01 0.000000000000000000e+00 8.461538461538461453e-01 8.814102564102563875e-01 0.000000000000000000e+00 8.251366120218579514e-01 0.000000000000000000e+00 9.612403100775194220e-01 0.000000000000000000e+00 
1.841138005256652832e-01 1.989481300115585327e-01 0.000000000000000000e+00 1.000000000000000000e+00 9.791666666666666297e-01 0.000000000000000000e+00 9.933993399339934305e-01 0.000000000000000000e+00 9.657320872274143264e-01 0.000000000000000000e+00 
8.267357200384140015e-02 1.055058091878890991e-01 0.000000000000000000e+00 9.807692307692307265e-01 9.759615384615384359e-01 0.000000000000000000e+00 9.597523219814241280e-01 0.000000000000000000e+00 9.933554817275747073e-01 0.000000000000000000e+00 
5.382563173770904541e-02 7.027675211429595947e-02 0.000000000000000000e+00 1.000000000000000000e+00 9.903846153846154188e-01 0.000000000000000000e+00 9.872611464968152895e-01 0.000000000000000000e+00 9.935483870967741771e-01 0.000000000000000000e+00 
3.876137360930442810e-02 5.615180730819702148e-02 0.000000000000000000e+00 1.000000000000000000e+00 9.919871794871795156e-01 0.000000000000000000e+00 9.904153354632587725e-01 0.000000000000000000e+00 9.935691318327973809e-01 0.000000000000000000e+00 
2.833876572549343109e-02 4.831077158451080322e-02 0.000000000000000000e+00 1.000000000000000000e+00 9.919871794871795156e-01 0.000000000000000000e+00 9.904153354632587725e-01 0.000000000000000000e+00 9.935691318327973809e-01 0.000000000000000000e+00 
2.098110131919384003e-02 4.334397986531257629e-02 0.000000000000000000e+00 1.000000000000000000e+00 9.903846153846154188e-01 0.000000000000000000e+00 9.872611464968152895e-01 0.000000000000000000e+00 9.935483870967741771e-01 0.000000000000000000e+00 
1.765303872525691986e-02 4.005214944481849670e-02 0.000000000000000000e+00 1.000000000000000000e+00 9.903846153846154188e-01 0.000000000000000000e+00 9.872611464968152895e-01 0.000000000000000000e+00 9.935483870967741771e-01 0.000000000000000000e+00 
1.541044563055038452e-02 3.731653839349746704e-02 0.000000000000000000e+00 1.000000000000000000e+00 9.903846153846154188e-01 0.000000000000000000e+00 9.872611464968152895e-01 0.000000000000000000e+00 9.935483870967741771e-01 0.000000000000000000e+00 
1.326149050146341324e-02 3.591641411185264587e-02 0.000000000000000000e+00 1.000000000000000000e+00 9.903846153846154188e-01 0.000000000000000000e+00 9.872611464968152895e-01 0.000000000000000000e+00 9.935483870967741771e-01 0.000000000000000000e+00 
1.279791165143251419e-02 3.487784788012504578e-02 0.000000000000000000e+00 1.000000000000000000e+00 9.903846153846154188e-01 0.000000000000000000e+00 9.872611464968152895e-01 0.000000000000000000e+00 9.935483870967741771e-01 0.000000000000000000e+00 
1.054047327488660812e-02 3.379788994789123535e-02 0.000000000000000000e+00 1.000000000000000000e+00 9.887820512820513219e-01 0.000000000000000000e+00 9.872204472843449929e-01 0.000000000000000000e+00 9.903536977491961268e-01 0.000000000000000000e+00 
1.000533252954483032e-02 3.283816203474998474e-02 0.000000000000000000e+00 1.000000000000000000e+00 9.887820512820513219e-01 0.000000000000000000e+00 9.872204472843449929e-01 0.000000000000000000e+00 9.903536977491961268e-01 0.000000000000000000e+00 
8.525612764060497284e-03 3.211405500769615173e-02 0.000000000000000000e+00 1.000000000000000000e+00 9.887820512820513219e-01 0.000000000000000000e+00 9.872204472843449929e-01 0.000000000000000000e+00 9.903536977491961268e-01 0.000000000000000000e+00 
7.845827378332614899e-03 3.169905394315719604e-02 0.000000000000000000e+00 1.000000000000000000e+00 9.887820512820513219e-01 0.000000000000000000e+00 9.872204472843449929e-01 0.000000000000000000e+00 9.903536977491961268e-01 0.000000000000000000e+00 
7.560707163065671921e-03 3.145019337534904480e-02 0.000000000000000000e+00 1.000000000000000000e+00 9.887820512820513219e-01 0.000000000000000000e+00 9.872204472843449929e-01 0.000000000000000000e+00 9.903536977491961268e-01 0.000000000000000000e+00 
6.363873369991779327e-03 3.099017962813377380e-02 0.000000000000000000e+00 1.000000000000000000e+00 9.903846153846154188e-01 0.000000000000000000e+00 9.903846153846154188e-01 0.000000000000000000e+00 9.903846153846154188e-01 0.000000000000000000e+00 
6.109807174652814865e-03 3.025759756565093994e-02 0.000000000000000000e+00 1.000000000000000000e+00 9.919871794871795156e-01 0.000000000000000000e+00 9.935691318327973809e-01 0.000000000000000000e+00 9.904153354632587725e-01 0.000000000000000000e+00 
6.112119648605585098e-03 3.007351420819759369e-02 0.000000000000000000e+00 1.000000000000000000e+00 9.919871794871795156e-01 0.000000000000000000e+00 9.935691318327973809e-01 0.000000000000000000e+00 9.904153354632587725e-01 0.000000000000000000e+00 
5.335171241313219070e-03 2.998790144920349121e-02 0.000000000000000000e+00 1.000000000000000000e+00 9.919871794871795156e-01 0.000000000000000000e+00 9.935691318327973809e-01 0.000000000000000000e+00 9.904153354632587725e-01 0.000000000000000000e+00 
5.122678820043802261e-03 3.005636669695377350e-02 0.000000000000000000e+00 1.000000000000000000e+00 9.919871794871795156e-01 0.000000000000000000e+00 9.935691318327973809e-01 0.000000000000000000e+00 9.904153354632587725e-01 0.000000000000000000e+00 
4.890813492238521576e-03 3.018724732100963593e-02 0.000000000000000000e+00 1.000000000000000000e+00 9.919871794871795156e-01 0.000000000000000000e+00 9.935691318327973809e-01 0.000000000000000000e+00 9.904153354632587725e-01 0.000000000000000000e+00 
4.568502306938171387e-03 3.023747354745864868e-02 0.000000000000000000e+00 1.000000000000000000e+00 9.919871794871795156e-01 0.000000000000000000e+00 9.935691318327973809e-01 0.000000000000000000e+00 9.904153354632587725e-01 0.000000000000000000e+00 
4.444476217031478882e-03 3.011301346123218536e-02 0.000000000000000000e+00 1.000000000000000000e+00 9.919871794871795156e-01 0.000000000000000000e+00 9.935691318327973809e-01 0.000000000000000000e+00 9.904153354632587725e-01 0.000000000000000000e+00 
4.062316380441188812e-03 3.012734465301036835e-02 0.000000000000000000e+00 1.000000000000000000e+00 9.919871794871795156e-01 0.000000000000000000e+00 9.935691318327973809e-01 0.000000000000000000e+00 9.904153354632587725e-01 0.000000000000000000e+00 
3.921310883015394211e-03 3.022671118378639221e-02 0.000000000000000000e+00 1.000000000000000000e+00 9.919871794871795156e-01 0.000000000000000000e+00 9.935691318327973809e-01 0.000000000000000000e+00 9.904153354632587725e-01 0.000000000000000000e+00 
3.750323317945003510e-03 3.026271797716617584e-02 0.000000000000000000e+00 1.000000000000000000e+00 9.919871794871795156e-01 0.000000000000000000e+00 9.935691318327973809e-01 0.000000000000000000e+00 9.904153354632587725e-01 0.000000000000000000e+00 
3.647199831902980804e-03 3.031360171735286713e-02 0.000000000000000000e+00 1.000000000000000000e+00 9.919871794871795156e-01 0.000000000000000000e+00 9.935691318327973809e-01 0.000000000000000000e+00 9.904153354632587725e-01 0.000000000000000000e+00 
3.559624543413519859e-03 3.040155954658985138e-02 0.000000000000000000e+00 1.000000000000000000e+00 9.919871794871795156e-01 0.000000000000000000e+00 9.935691318327973809e-01 0.000000000000000000e+00 9.904153354632587725e-01 0.000000000000000000e+00 
3.187009366229176521e-03 3.046294115483760834e-02 0.000000000000000000e+00 1.000000000000000000e+00 9.919871794871795156e-01 0.000000000000000000e+00 9.935691318327973809e-01 0.000000000000000000e+00 9.904153354632587725e-01 0.000000000000000000e+00 
3.130593569949269295e-03 3.058320470154285431e-02 0.000000000000000000e+00 1.000000000000000000e+00 9.919871794871795156e-01 0.000000000000000000e+00 9.935691318327973809e-01 0.000000000000000000e+00 9.904153354632587725e-01 0.000000000000000000e+00 
2.940469654276967049e-03 3.058250807225704193e-02 0.000000000000000000e+00 1.000000000000000000e+00 9.919871794871795156e-01 0.000000000000000000e+00 9.935691318327973809e-01 0.000000000000000000e+00 9.904153354632587725e-01 0.000000000000000000e+00 
2.830454381182789803e-03 3.075064532458782196e-02 0.000000000000000000e+00 1.000000000000000000e+00 9.903846153846154188e-01 0.000000000000000000e+00 9.935483870967741771e-01 0.000000000000000000e+00 9.872611464968152895e-01 0.000000000000000000e+00 
2.929002745077013969e-03 3.084537386894226074e-02 0.000000000000000000e+00 1.000000000000000000e+00 9.903846153846154188e-01 0.000000000000000000e+00 9.935483870967741771e-01 0.000000000000000000e+00 9.872611464968152895e-01 0.000000000000000000e+00 
2.729674568399786949e-03 3.091889806091785431e-02 0.000000000000000000e+00 1.000000000000000000e+00 9.903846153846154188e-01 0.000000000000000000e+00 9.935483870967741771e-01 0.000000000000000000e+00 9.872611464968152895e-01 0.000000000000000000e+00 
2.563614863902330399e-03 3.108474798500537872e-02 0.000000000000000000e+00 1.000000000000000000e+00 9.903846153846154188e-01 0.000000000000000000e+00 9.935483870967741771e-01 0.000000000000000000e+00 9.872611464968152895e-01 0.000000000000000000e+00 
2.527288859710097313e-03 3.126404061913490295e-02 0.000000000000000000e+00 1.000000000000000000e+00 9.903846153846154188e-01 0.000000000000000000e+00 9.935483870967741771e-01 0.000000000000000000e+00 9.872611464968152895e-01 0.000000000000000000e+00 
2.505312208086252213e-03 3.130960837006568909e-02 0.000000000000000000e+00 1.000000000000000000e+00 9.903846153846154188e-01 0.000000000000000000e+00 9.935483870967741771e-01 0.000000000000000000e+00 9.872611464968152895e-01 0.000000000000000000e+00 
2.344288397580385208e-03 3.135186433792114258e-02 0.000000000000000000e+00 1.000000000000000000e+00 9.903846153846154188e-01 0.000000000000000000e+00 9.935483870967741771e-01 0.000000000000000000e+00 9.872611464968152895e-01 0.000000000000000000e+00 
2.273991238325834274e-03 3.157154843211174011e-02 0.000000000000000000e+00 1.000000000000000000e+00 9.903846153846154188e-01 0.000000000000000000e+00 9.935483870967741771e-01 0.000000000000000000e+00 9.872611464968152895e-01 0.000000000000000000e+00 
2.252608304843306541e-03 3.175429254770278931e-02 0.000000000000000000e+00 1.000000000000000000e+00 9.903846153846154188e-01 0.000000000000000000e+00 9.935483870967741771e-01 0.000000000000000000e+00 9.872611464968152895e-01 0.000000000000000000e+00 
2.129314001649618149e-03 3.186017274856567383e-02 0.000000000000000000e+00 1.000000000000000000e+00 9.903846153846154188e-01 0.000000000000000000e+00 9.935483870967741771e-01 0.000000000000000000e+00 9.872611464968152895e-01 0.000000000000000000e+00 
2.085675718262791634e-03 3.194229304790496826e-02 0.000000000000000000e+00 1.000000000000000000e+00 9.903846153846154188e-01 0.000000000000000000e+00 9.935483870967741771e-01 0.000000000000000000e+00 9.872611464968152895e-01 0.000000000000000000e+00 
2.011649776250123978e-03 3.202681615948677063e-02 0.000000000000000000e+00 1.000000000000000000e+00 9.903846153846154188e-01 0.000000000000000000e+00 9.935483870967741771e-01 0.000000000000000000e+00 9.872611464968152895e-01 0.000000000000000000e+00 
1.971628982573747635e-03 3.213796019554138184e-02 0.000000000000000000e+00 1.000000000000000000e+00 9.903846153846154188e-01 0.000000000000000000e+00 9.935483870967741771e-01 0.000000000000000000e+00 9.872611464968152895e-01 0.000000000000000000e+00 
1.955176005139946938e-03 3.239943087100982666e-02 0.000000000000000000e+00 1.000000000000000000e+00 9.903846153846154188e-01 0.000000000000000000e+00 9.935483870967741771e-01 0.000000000000000000e+00 9.872611464968152895e-01 0.000000000000000000e+00 
1.836580457165837288e-03 3.247059881687164307e-02 0.000000000000000000e+00 1.000000000000000000e+00 9.903846153846154188e-01 0.000000000000000000e+00 9.935483870967741771e-01 0.000000000000000000e+00 9.872611464968152895e-01 0.000000000000000000e+00 
1.794644049368798733e-03 3.260584548115730286e-02 0.000000000000000000e+00 1.000000000000000000e+00 9.903846153846154188e-01 0.000000000000000000e+00 9.935483870967741771e-01 0.000000000000000000e+00 9.872611464968152895e-01 0.000000000000000000e+00 
1.759325386956334114e-03 3.270160406827926636e-02 0.000000000000000000e+00 1.000000000000000000e+00 9.903846153846154188e-01 0.000000000000000000e+00 9.935483870967741771e-01 0.000000000000000000e+00 9.872611464968152895e-01 0.000000000000000000e+00 
1.713990932330489159e-03 3.280311450362205505e-02 0.000000000000000000e+00 1.000000000000000000e+00 9.903846153846154188e-01 0.000000000000000000e+00 9.935483870967741771e-01 0.000000000000000000e+00 9.872611464968152895e-01 0.000000000000000000e+00 
1.631414052098989487e-03 3.297118842601776123e-02 0.000000000000000000e+00 1.000000000000000000e+00 9.903846153846154188e-01 0.000000000000000000e+00 9.935483870967741771e-01 0.000000000000000000e+00 9.872611464968152895e-01 0.000000000000000000e+00 
1.596942311152815819e-03 3.315993770956993103e-02 0.000000000000000000e+00 1.000000000000000000e+00 9.903846153846154188e-01 0.000000000000000000e+00 9.935483870967741771e-01 0.000000000000000000e+00 9.872611464968152895e-01 0.000000000000000000e+00 
1.557935611344873905e-03 3.329208120703697205e-02 0.000000000000000000e+00 1.000000000000000000e+00 9.903846153846154188e-01 0.000000000000000000e+00 9.935483870967741771e-01 0.000000000000000000e+00 9.872611464968152895e-01 0.000000000000000000e+00 
1.482173567637801170e-03 3.336364403367042542e-02 0.000000000000000000e+00 1.000000000000000000e+00 9.903846153846154188e-01 0.000000000000000000e+00 9.935483870967741771e-01 0.000000000000000000e+00 9.872611464968152895e-01 0.000000000000000000e+00 
1.400289824232459068e-03 3.348709270358085632e-02 0.000000000000000000e+00 1.000000000000000000e+00 9.903846153846154188e-01 0.000000000000000000e+00 9.935483870967741771e-01 0.000000000000000000e+00 9.872611464968152895e-01 0.000000000000000000e+00 
1.440234249457716942e-03 3.355672582983970642e-02 0.000000000000000000e+00 1.000000000000000000e+00 9.903846153846154188e-01 0.000000000000000000e+00 9.935483870967741771e-01 0.000000000000000000e+00 9.872611464968152895e-01 0.000000000000000000e+00 
1.427322160452604294e-03 3.378781676292419434e-02 0.000000000000000000e+00 1.000000000000000000e+00 9.903846153846154188e-01 0.000000000000000000e+00 9.935483870967741771e-01 0.000000000000000000e+00 9.872611464968152895e-01 0.000000000000000000e+00 
1.356370630674064159e-03 3.393482416868209839e-02 0.000000000000000000e+00 1.000000000000000000e+00 9.903846153846154188e-01 0.000000000000000000e+00 9.935483870967741771e-01 0.000000000000000000e+00 9.872611464968152895e-01 0.000000000000000000e+00 
1.339440932497382164e-03 3.406910225749015808e-02 0.000000000000000000e+00 1.000000000000000000e+00 9.903846153846154188e-01 0.000000000000000000e+00 9.935483870967741771e-01 0.000000000000000000e+00 9.872611464968152895e-01 0.000000000000000000e+00 
1.291428110562264919e-03 3.419080749154090881e-02 0.000000000000000000e+00 1.000000000000000000e+00 9.903846153846154188e-01 0.000000000000000000e+00 9.935483870967741771e-01 0.000000000000000000e+00 9.872611464968152895e-01 0.000000000000000000e+00 
1.277189701795578003e-03 3.434393927454948425e-02 0.000000000000000000e+00 1.000000000000000000e+00 9.903846153846154188e-01 0.000000000000000000e+00 9.935483870967741771e-01 0.000000000000000000e+00 9.872611464968152895e-01 0.000000000000000000e+00 
1.238436088897287846e-03 3.438987210392951965e-02 0.000000000000000000e+00 1.000000000000000000e+00 9.903846153846154188e-01 0.000000000000000000e+00 9.935483870967741771e-01 0.000000000000000000e+00 9.872611464968152895e-01 0.000000000000000000e+00 
1.218273187987506390e-03 3.448160365223884583e-02 0.000000000000000000e+00 1.000000000000000000e+00 9.903846153846154188e-01 0.000000000000000000e+00 9.935483870967741771e-01 0.000000000000000000e+00 9.872611464968152895e-01 0.000000000000000000e+00 
1.201278180815279484e-03 3.461783006787300110e-02 0.000000000000000000e+00 1.000000000000000000e+00 9.903846153846154188e-01 0.000000000000000000e+00 9.935483870967741771e-01 0.000000000000000000e+00 9.872611464968152895e-01 0.000000000000000000e+00 
1.120068714953958988e-03 3.482950106263160706e-02 0.000000000000000000e+00 1.000000000000000000e+00 9.903846153846154188e-01 0.000000000000000000e+00 9.935483870967741771e-01 0.000000000000000000e+00 9.872611464968152895e-01 0.000000000000000000e+00 
1.115300226956605911e-03 3.487814590334892273e-02 0.000000000000000000e+00 1.000000000000000000e+00 9.903846153846154188e-01 0.000000000000000000e+00 9.935483870967741771e-01 0.000000000000000000e+00 9.872611464968152895e-01 0.000000000000000000e+00 
1.095888554118573666e-03 3.498625010251998901e-02 0.000000000000000000e+00 1.000000000000000000e+00 9.903846153846154188e-01 0.000000000000000000e+00 9.935483870967741771e-01 0.000000000000000000e+00 9.872611464968152895e-01 0.000000000000000000e+00 
1.046148710884153843e-03 3.507276624441146851e-02 0.000000000000000000e+00 1.000000000000000000e+00 9.903846153846154188e-01 0.000000000000000000e+00 9.935483870967741771e-01 0.000000000000000000e+00 9.872611464968152895e-01 0.000000000000000000e+00 
1.040818751789629459e-03 3.518560156226158142e-02 0.000000000000000000e+00 1.000000000000000000e+00 9.903846153846154188e-01 0.000000000000000000e+00 9.935483870967741771e-01 0.000000000000000000e+00 9.872611464968152895e-01 0.000000000000000000e+00 
1.053552725352346897e-03 3.530993312597274780e-02 0.000000000000000000e+00 1.000000000000000000e+00 9.903846153846154188e-01 0.000000000000000000e+00 9.935483870967741771e-01 0.000000000000000000e+00 9.872611464968152895e-01 0.000000000000000000e+00 
1.019135699607431889e-03 3.532169386744499207e-02 0.000000000000000000e+00 1.000000000000000000e+00 9.903846153846154188e-01 0.000000000000000000e+00 9.935483870967741771e-01 0.000000000000000000e+00 9.872611464968152895e-01 0.000000000000000000e+00 
1.006574486382305622e-03 3.547327220439910889e-02 0.000000000000000000e+00 1.000000000000000000e+00 9.903846153846154188e-01 0.000000000000000000e+00 9.935483870967741771e-01 0.000000000000000000e+00 9.872611464968152895e-01 0.000000000000000000e+00 
9.558828896842896938e-04 3.563524410128593445e-02 0.000000000000000000e+00 1.000000000000000000e+00 9.903846153846154188e-01 0.000000000000000000e+00 9.935483870967741771e-01 0.000000000000000000e+00 9.872611464968152895e-01 0.000000000000000000e+00 
9.474939433857798576e-04 3.575744852423667908e-02 0.000000000000000000e+00 1.000000000000000000e+00 9.903846153846154188e-01 0.000000000000000000e+00 9.935483870967741771e-01 0.000000000000000000e+00 9.872611464968152895e-01 0.000000000000000000e+00 
9.156574960798025131e-04 3.581419587135314941e-02 0.000000000000000000e+00 1.000000000000000000e+00 9.903846153846154188e-01 0.000000000000000000e+00 9.935483870967741771e-01 0.000000000000000000e+00 9.872611464968152895e-01 0.000000000000000000e+00 
8.936398662626743317e-04 3.594990819692611694e-02 0.000000000000000000e+00 1.000000000000000000e+00 9.903846153846154188e-01 0.000000000000000000e+00 9.935483870967741771e-01 0.000000000000000000e+00 9.872611464968152895e-01 0.000000000000000000e+00 
8.982465369626879692e-04 3.606158867478370667e-02 0.000000000000000000e+00 1.000000000000000000e+00 9.903846153846154188e-01 0.000000000000000000e+00 9.935483870967741771e-01 0.000000000000000000e+00 9.872611464968152895e-01 0.000000000000000000e+00 
8.489543106406927109e-04 3.618412092328071594e-02 0.000000000000000000e+00 1.000000000000000000e+00 9.903846153846154188e-01 0.000000000000000000e+00 9.935483870967741771e-01 0.000000000000000000e+00 9.872611464968152895e-01 0.000000000000000000e+00 
8.613030659034848213e-04 3.626470640301704407e-02 0.000000000000000000e+00 1.000000000000000000e+00 9.903846153846154188e-01 0.000000000000000000e+00 9.935483870967741771e-01 0.000000000000000000e+00 9.872611464968152895e-01 0.000000000000000000e+00 
8.314583101309835911e-04 3.629941865801811218e-02 0.000000000000000000e+00 1.000000000000000000e+00 9.903846153846154188e-01 0.000000000000000000e+00 9.935483870967741771e-01 0.000000000000000000e+00 9.872611464968152895e-01 0.000000000000000000e+00 
8.342559449374675751e-04 3.642700985074043274e-02 0.000000000000000000e+00 1.000000000000000000e+00 9.903846153846154188e-01 0.000000000000000000e+00 9.935483870967741771e-01 0.000000000000000000e+00 9.872611464968152895e-01 0.000000000000000000e+00 
7.883996004238724709e-04 3.655209764838218689e-02 0.000000000000000000e+00 1.000000000000000000e+00 9.903846153846154188e-01 0.000000000000000000e+00 9.935483870967741771e-01 0.000000000000000000e+00 9.872611464968152895e-01 0.000000000000000000e+00 
8.088203030638396740e-04 3.662837669253349304e-02 0.000000000000000000e+00 1.000000000000000000e+00 9.903846153846154188e-01 0.000000000000000000e+00 9.935483870967741771e-01 0.000000000000000000e+00 9.872611464968152895e-01 0.000000000000000000e+00 
7.871332345530390739e-04 3.678240627050399780e-02 0.000000000000000000e+00 1.000000000000000000e+00 9.903846153846154188e-01 0.000000000000000000e+00 9.935483870967741771e-01 0.000000000000000000e+00 9.872611464968152895e-01 0.000000000000000000e+00 
7.591186440549790859e-04 3.687414899468421936e-02 0.000000000000000000e+00 1.000000000000000000e+00 9.903846153846154188e-01 0.000000000000000000e+00 9.935483870967741771e-01 0.000000000000000000e+00 9.872611464968152895e-01 0.000000000000000000e+00 
7.588207372464239597e-04 3.695289790630340576e-02 0.000000000000000000e+00 1.000000000000000000e+00 9.903846153846154188e-01 0.000000000000000000e+00 9.935483870967741771e-01 0.000000000000000000e+00 9.872611464968152895e-01 0.000000000000000000e+00 
7.532484014518558979e-04 3.707796335220336914e-02 0.000000000000000000e+00 1.000000000000000000e+00 9.903846153846154188e-01 0.000000000000000000e+00 9.935483870967741771e-01 0.000000000000000000e+00 9.872611464968152895e-01 0.000000000000000000e+00 
7.289302884601056576e-04 3.719373419880867004e-02 0.000000000000000000e+00 1.000000000000000000e+00 9.903846153846154188e-01 0.000000000000000000e+00 9.935483870967741771e-01 0.000000000000000000e+00 9.872611464968152895e-01 0.000000000000000000e+00 
6.982505437918007374e-04 3.728107362985610962e-02 0.000000000000000000e+00 1.000000000000000000e+00 9.903846153846154188e-01 0.000000000000000000e+00 9.935483870967741771e-01 0.000000000000000000e+00 9.872611464968152895e-01 0.000000000000000000e+00 
6.972196861170232296e-04 3.736602142453193665e-02 0.000000000000000000e+00 1.000000000000000000e+00 9.903846153846154188e-01 0.000000000000000000e+00 9.935483870967741771e-01 0.000000000000000000e+00 9.872611464968152895e-01 0.000000000000000000e+00 
6.868605269119143486e-04 3.748254477977752686e-02 0.000000000000000000e+00 1.000000000000000000e+00 9.903846153846154188e-01 0.000000000000000000e+00 9.935483870967741771e-01 0.000000000000000000e+00 9.872611464968152895e-01 0.000000000000000000e+00 
6.696908967569470406e-04 3.758699074387550354e-02 0.000000000000000000e+00 1.000000000000000000e+00 9.903846153846154188e-01 0.000000000000000000e+00 9.935483870967741771e-01 0.000000000000000000e+00 9.872611464968152895e-01 0.000000000000000000e+00 
6.660473300144076347e-04 3.767964988946914673e-02 0.000000000000000000e+00 1.000000000000000000e+00 9.903846153846154188e-01 0.000000000000000000e+00 9.935483870967741771e-01 0.000000000000000000e+00 9.872611464968152895e-01 0.000000000000000000e+00 
6.521377363242208958e-04 3.780579566955566406e-02 0.000000000000000000e+00 1.000000000000000000e+00 9.903846153846154188e-01 0.000000000000000000e+00 9.935483870967741771e-01 0.000000000000000000e+00 9.872611464968152895e-01 0.000000000000000000e+00 
6.408803164958953857e-04 3.786719217896461487e-02 0.000000000000000000e+00 1.000000000000000000e+00 9.903846153846154188e-01 0.000000000000000000e+00 9.935483870967741771e-01 0.000000000000000000e+00 9.872611464968152895e-01 0.000000000000000000e+00 
6.295220227912068367e-04 3.795450180768966675e-02 0.000000000000000000e+00 1.000000000000000000e+00 9.903846153846154188e-01 0.000000000000000000e+00 9.935483870967741771e-01 0.000000000000000000e+00 9.872611464968152895e-01 0.000000000000000000e+00 
6.281601381488144398e-04 3.810836002230644226e-02 0.000000000000000000e+00 1.000000000000000000e+00 9.903846153846154188e-01 0.000000000000000000e+00 9.935483870967741771e-01 0.000000000000000000e+00 9.872611464968152895e-01 0.000000000000000000e+00 
6.050303927622735500e-04 3.823563456535339355e-02 0.000000000000000000e+00 1.000000000000000000e+00 9.903846153846154188e-01 0.000000000000000000e+00 9.935483870967741771e-01 0.000000000000000000e+00 9.872611464968152895e-01 0.000000000000000000e+00 
5.928194732405245304e-04 3.833749517798423767e-02 0.000000000000000000e+00 1.000000000000000000e+00 9.903846153846154188e-01 0.000000000000000000e+00 9.935483870967741771e-01 0.000000000000000000e+00 9.872611464968152895e-01 0.000000000000000000e+00 
5.868724547326564789e-04 3.839964047074317932e-02 0.000000000000000000e+00 1.000000000000000000e+00 9.903846153846154188e-01 0.000000000000000000e+00 9.935483870967741771e-01 0.000000000000000000e+00 9.872611464968152895e-01 0.000000000000000000e+00 
5.872768233530223370e-04 3.851058706641197205e-02 0.000000000000000000e+00 1.000000000000000000e+00 9.903846153846154188e-01 0.000000000000000000e+00 9.935483870967741771e-01 0.000000000000000000e+00 9.872611464968152895e-01 0.000000000000000000e+00 
5.584845202974975109e-04 3.863010555505752563e-02 0.000000000000000000e+00 1.000000000000000000e+00 9.903846153846154188e-01 0.000000000000000000e+00 9.935483870967741771e-01 0.000000000000000000e+00 9.872611464968152895e-01 0.000000000000000000e+00 
5.587124614976346493e-04 3.875847160816192627e-02 0.000000000000000000e+00 1.000000000000000000e+00 9.903846153846154188e-01 0.000000000000000000e+00 9.935483870967741771e-01 0.000000000000000000e+00 9.872611464968152895e-01 0.000000000000000000e+00 
5.432511679828166962e-04 3.880130499601364136e-02 0.000000000000000000e+00 1.000000000000000000e+00 9.903846153846154188e-01 0.000000000000000000e+00 9.935483870967741771e-01 0.000000000000000000e+00 9.872611464968152895e-01 0.000000000000000000e+00 
5.487536545842885971e-04 3.890564665198326111e-02 0.000000000000000000e+00 1.000000000000000000e+00 9.903846153846154188e-01 0.000000000000000000e+00 9.935483870967741771e-01 0.000000000000000000e+00 9.872611464968152895e-01 0.000000000000000000e+00 
5.290578701533377171e-04 3.907183557748794556e-02 0.000000000000000000e+00 1.000000000000000000e+00 9.903846153846154188e-01 0.000000000000000000e+00 9.935483870967741771e-01 0.000000000000000000e+00 9.872611464968152895e-01 0.000000000000000000e+00 
5.250299582257866859e-04 3.920140862464904785e-02 0.000000000000000000e+00 1.000000000000000000e+00 9.903846153846154188e-01 0.000000000000000000e+00 9.935483870967741771e-01 0.000000000000000000e+00 9.872611464968152895e-01 0.000000000000000000e+00 
5.091120256111025810e-04 3.927107527852058411e-02 0.000000000000000000e+00 1.000000000000000000e+00 9.903846153846154188e-01 0.000000000000000000e+00 9.935483870967741771e-01 0.000000000000000000e+00 9.872611464968152895e-01 0.000000000000000000e+00 
5.111744976602494717e-04 3.938119485974311829e-02 0.000000000000000000e+00 1.000000000000000000e+00 9.903846153846154188e-01 0.000000000000000000e+00 9.935483870967741771e-01 0.000000000000000000e+00 9.872611464968152895e-01 0.000000000000000000e+00 
4.933243617415428162e-04 3.948187828063964844e-02 0.000000000000000000e+00 1.000000000000000000e+00 9.903846153846154188e-01 0.000000000000000000e+00 9.935483870967741771e-01 0.000000000000000000e+00 9.872611464968152895e-01 0.000000000000000000e+00 
4.861686029471457005e-04 3.957737237215042114e-02 0.000000000000000000e+00 1.000000000000000000e+00 9.903846153846154188e-01 0.000000000000000000e+00 9.935483870967741771e-01 0.000000000000000000e+00 9.872611464968152895e-01 0.000000000000000000e+00 
4.738823627121746540e-04 3.962058946490287781e-02 0.000000000000000000e+00 1.000000000000000000e+00 9.903846153846154188e-01 0.000000000000000000e+00 9.935483870967741771e-01 0.000000000000000000e+00 9.872611464968152895e-01 0.000000000000000000e+00 
4.718605778180062771e-04 3.967919945716857910e-02 0.000000000000000000e+00 1.000000000000000000e+00 9.903846153846154188e-01 0.000000000000000000e+00 9.935483870967741771e-01 0.000000000000000000e+00 9.872611464968152895e-01 0.000000000000000000e+00 
4.685228632297366858e-04 3.979699313640594482e-02 0.000000000000000000e+00 1.000000000000000000e+00 9.919871794871795156e-01 0.000000000000000000e+00 9.967637540453074818e-01 0.000000000000000000e+00 9.873015873015873467e-01 0.000000000000000000e+00 
4.576997889671474695e-04 3.994939848780632019e-02 0.000000000000000000e+00 1.000000000000000000e+00 9.919871794871795156e-01 0.000000000000000000e+00 9.967637540453074818e-01 0.000000000000000000e+00 9.873015873015873467e-01 0.000000000000000000e+00 
4.616179212462157011e-04 4.004860296845436096e-02 0.000000000000000000e+00 1.000000000000000000e+00 9.919871794871795156e-01 0.000000000000000000e+00 9.967637540453074818e-01 0.000000000000000000e+00 9.873015873015873467e-01 0.000000000000000000e+00 
4.490948922466486692e-04 4.017046093940734863e-02 0.000000000000000000e+00 1.000000000000000000e+00 9.919871794871795156e-01 0.000000000000000000e+00 9.967637540453074818e-01 0.000000000000000000e+00 9.873015873015873467e-01 0.000000000000000000e+00 
4.380635218694806099e-04 4.025248438119888306e-02 0.000000000000000000e+00 1.000000000000000000e+00 9.919871794871795156e-01 0.000000000000000000e+00 9.967637540453074818e-01 0.000000000000000000e+00 9.873015873015873467e-01 0.000000000000000000e+00 
4.249686026014387608e-04 4.038747772574424744e-02 0.000000000000000000e+00 1.000000000000000000e+00 9.919871794871795156e-01 0.000000000000000000e+00 9.967637540453074818e-01 0.000000000000000000e+00 9.873015873015873467e-01 0.000000000000000000e+00 
4.300895088817924261e-04 4.047452658414840698e-02 0.000000000000000000e+00 1.000000000000000000e+00 9.919871794871795156e-01 0.000000000000000000e+00 9.967637540453074818e-01 0.000000000000000000e+00 9.873015873015873467e-01 0.000000000000000000e+00 
4.220130213070660830e-04 4.056764394044876099e-02 0.000000000000000000e+00 1.000000000000000000e+00 9.919871794871795156e-01 0.000000000000000000e+00 9.967637540453074818e-01 0.000000000000000000e+00 9.873015873015873467e-01 0.000000000000000000e+00 
4.087128036189824343e-04 4.072197154164314270e-02 0.000000000000000000e+00 1.000000000000000000e+00 9.919871794871795156e-01 0.000000000000000000e+00 9.967637540453074818e-01 0.000000000000000000e+00 9.873015873015873467e-01 0.000000000000000000e+00 
4.002796777058392763e-04 4.082708060741424561e-02 0.000000000000000000e+00 1.000000000000000000e+00 9.919871794871795156e-01 0.000000000000000000e+00 9.967637540453074818e-01 0.000000000000000000e+00 9.873015873015873467e-01 0.000000000000000000e+00 
3.967349184677004814e-04 4.091148450970649719e-02 0.000000000000000000e+00 1.000000000000000000e+00 9.919871794871795156e-01 0.000000000000000000e+00 9.967637540453074818e-01 0.000000000000000000e+00 9.873015873015873467e-01 0.000000000000000000e+00 
3.910144150722771883e-04 4.102389141917228699e-02 0.000000000000000000e+00 1.000000000000000000e+00 9.919871794871795156e-01 0.000000000000000000e+00 9.967637540453074818e-01 0.000000000000000000e+00 9.873015873015873467e-01 0.000000000000000000e+00 
3.929722297471016645e-04 4.117416962981224060e-02 0.000000000000000000e+00 1.000000000000000000e+00 9.919871794871795156e-01 0.000000000000000000e+00 9.967637540453074818e-01 0.000000000000000000e+00 9.873015873015873467e-01 0.000000000000000000e+00 
3.839530982077121735e-04 4.127977415919303894e-02 0.000000000000000000e+00 1.000000000000000000e+00 9.919871794871795156e-01 0.000000000000000000e+00 9.967637540453074818e-01 0.000000000000000000e+00 9.873015873015873467e-01 0.000000000000000000e+00 
3.783197607845067978e-04 4.137719795107841492e-02 0.000000000000000000e+00 1.000000000000000000e+00 9.919871794871795156e-01 0.000000000000000000e+00 9.967637540453074818e-01 0.000000000000000000e+00 9.873015873015873467e-01 0.000000000000000000e+00 
3.688710567075759172e-04 4.146942496299743652e-02 0.000000000000000000e+00 1.000000000000000000e+00 9.919871794871795156e-01 0.000000000000000000e+00 9.967637540453074818e-01 0.000000000000000000e+00 9.873015873015873467e-01 0.000000000000000000e+00 
3.640210488811135292e-04 4.159962013363838196e-02 0.000000000000000000e+00 1.000000000000000000e+00 9.919871794871795156e-01 0.000000000000000000e+00 9.967637540453074818e-01 0.000000000000000000e+00 9.873015873015873467e-01 0.000000000000000000e+00 
3.654324391391128302e-04 4.170057922601699829e-02 0.000000000000000000e+00 1.000000000000000000e+00 9.919871794871795156e-01 0.000000000000000000e+00 9.967637540453074818e-01 0.000000000000000000e+00 9.873015873015873467e-01 0.000000000000000000e+00 
3.561737248674035072e-04 4.177308082580566406e-02 0.000000000000000000e+00 1.000000000000000000e+00 9.919871794871795156e-01 0.000000000000000000e+00 9.967637540453074818e-01 0.000000000000000000e+00 9.873015873015873467e-01 0.000000000000000000e+00 
3.581302880775183439e-04 4.187662526965141296e-02 0.000000000000000000e+00 1.000000000000000000e+00 9.919871794871795156e-01 0.000000000000000000e+00 9.967637540453074818e-01 0.000000000000000000e+00 9.873015873015873467e-01 0.000000000000000000e+00 
3.392313374206423759e-04 4.197667166590690613e-02 0.000000000000000000e+00 1.000000000000000000e+00 9.919871794871795156e-01 0.000000000000000000e+00 9.967637540453074818e-01 0.000000000000000000e+00 9.873015873015873467e-01 0.000000000000000000e+00 
3.364718868397176266e-04 4.205143451690673828e-02 0.000000000000000000e+00 1.000000000000000000e+00 9.919871794871795156e-01 0.000000000000000000e+00 9.967637540453074818e-01 0.000000000000000000e+00 9.873015873015873467e-01 0.000000000000000000e+00 
3.326926962472498417e-04 4.220433533191680908e-02 0.000000000000000000e+00 1.000000000000000000e+00 9.919871794871795156e-01 0.000000000000000000e+00 9.967637540453074818e-01 0.000000000000000000e+00 9.873015873015873467e-01 0.000000000000000000e+00 
3.323763667140156031e-04 4.230543226003646851e-02 0.000000000000000000e+00 1.000000000000000000e+00 9.919871794871795156e-01 0.000000000000000000e+00 9.967637540453074818e-01 0.000000000000000000e+00 9.873015873015873467e-01 0.000000000000000000e+00 
3.227017004974186420e-04 4.236884415149688721e-02 0.000000000000000000e+00 1.000000000000000000e+00 9.919871794871795156e-01 0.000000000000000000e+00 9.967637540453074818e-01 0.000000000000000000e+00 9.873015873015873467e-01 0.000000000000000000e+00 
3.177828330080956221e-04 4.244813695549964905e-02 0.000000000000000000e+00 1.000000000000000000e+00 9.919871794871795156e-01 0.000000000000000000e+00 9.967637540453074818e-01 0.000000000000000000e+00 9.873015873015873467e-01 0.000000000000000000e+00 
3.102918271906673908e-04 4.255417361855506897e-02 0.000000000000000000e+00 1.000000000000000000e+00 9.919871794871795156e-01 0.000000000000000000e+00 9.967637540453074818e-01 0.000000000000000000e+00 9.873015873015873467e-01 0.000000000000000000e+00 
3.088439116254448891e-04 4.267547279596328735e-02 0.000000000000000000e+00 1.000000000000000000e+00 9.919871794871795156e-01 0.000000000000000000e+00 9.967637540453074818e-01 0.000000000000000000e+00 9.873015873015873467e-01 0.000000000000000000e+00 
3.056123096030205488e-04 4.270306602120399475e-02 0.000000000000000000e+00 1.000000000000000000e+00 9.919871794871795156e-01 0.000000000000000000e+00 9.967637540453074818e-01 0.000000000000000000e+00 9.873015873015873467e-01 0.000000000000000000e+00 
3.062849573325365782e-04 4.280708357691764832e-02 0.000000000000000000e+00 1.000000000000000000e+00 9.919871794871795156e-01 0.000000000000000000e+00 9.967637540453074818e-01 0.000000000000000000e+00 9.873015873015873467e-01 0.000000000000000000e+00 
2.993126108776777983e-04 4.295865446329116821e-02 0.000000000000000000e+00 1.000000000000000000e+00 9.919871794871795156e-01 0.000000000000000000e+00 9.967637540453074818e-01 0.000000000000000000e+00 9.873015873015873467e-01 0.000000000000000000e+00 
2.927520254161208868e-04 4.303313419222831726e-02 0.000000000000000000e+00 1.000000000000000000e+00 9.919871794871795156e-01 0.000000000000000000e+00 9.967637540453074818e-01 0.000000000000000000e+00 9.873015873015873467e-01 0.000000000000000000e+00 
2.870649623218923807e-04 4.314192011952400208e-02 0.000000000000000000e+00 1.000000000000000000e+00 9.919871794871795156e-01 0.000000000000000000e+00 9.967637540453074818e-01 0.000000000000000000e+00 9.873015873015873467e-01 0.000000000000000000e+00 
2.841525129042565823e-04 4.324901476502418518e-02 0.000000000000000000e+00 1.000000000000000000e+00 9.919871794871795156e-01 0.000000000000000000e+00 9.967637540453074818e-01 0.000000000000000000e+00 9.873015873015873467e-01 0.000000000000000000e+00 
2.819802903104573488e-04 4.335394874215126038e-02 0.000000000000000000e+00 1.000000000000000000e+00 9.919871794871795156e-01 0.000000000000000000e+00 9.967637540453074818e-01 0.000000000000000000e+00 9.873015873015873467e-01 0.000000000000000000e+00 
2.758615300990641117e-04 4.349867627024650574e-02 0.000000000000000000e+00 1.000000000000000000e+00 9.919871794871795156e-01 0.000000000000000000e+00 9.967637540453074818e-01 0.000000000000000000e+00 9.873015873015873467e-01 0.000000000000000000e+00 
2.728069084696471691e-04 4.361939430236816406e-02 0.000000000000000000e+00 1.000000000000000000e+00 9.919871794871795156e-01 0.000000000000000000e+00 9.967637540453074818e-01 0.000000000000000000e+00 9.873015873015873467e-01 0.000000000000000000e+00 
2.664166386239230633e-04 4.365039244294166565e-02 0.000000000000000000e+00 1.000000000000000000e+00 9.919871794871795156e-01 0.000000000000000000e+00 9.967637540453074818e-01 0.000000000000000000e+00 9.873015873015873467e-01 0.000000000000000000e+00 
2.649677335284650326e-04 4.372397065162658691e-02 0.000000000000000000e+00 1.000000000000000000e+00 9.919871794871795156e-01 0.000000000000000000e+00 9.967637540453074818e-01 0.000000000000000000e+00 9.873015873015873467e-01 0.000000000000000000e+00 
2.626720233820378780e-04 4.381971061229705811e-02 0.000000000000000000e+00 1.000000000000000000e+00 9.919871794871795156e-01 0.000000000000000000e+00 9.967637540453074818e-01 0.000000000000000000e+00 9.873015873015873467e-01 0.000000000000000000e+00 
2.582179149612784386e-04 4.391514509916305542e-02 0.000000000000000000e+00 1.000000000000000000e+00 9.919871794871795156e-01 0.000000000000000000e+00 9.967637540453074818e-01 0.000000000000000000e+00 9.873015873015873467e-01 0.000000000000000000e+00 
2.555491228122264147e-04 4.402451217174530029e-02 0.000000000000000000e+00 1.000000000000000000e+00 9.919871794871795156e-01 0.000000000000000000e+00 9.967637540453074818e-01 0.000000000000000000e+00 9.873015873015873467e-01 0.000000000000000000e+00 
2.539852866902947426e-04 4.417803883552551270e-02 0.000000000000000000e+00 1.000000000000000000e+00 9.919871794871795156e-01 0.000000000000000000e+00 9.967637540453074818e-01 0.000000000000000000e+00 9.873015873015873467e-01 0.000000000000000000e+00 
2.472521737217903137e-04 4.429467394948005676e-02 0.000000000000000000e+00 1.000000000000000000e+00 9.919871794871795156e-01 0.000000000000000000e+00 9.967637540453074818e-01 0.000000000000000000e+00 9.873015873015873467e-01 0.000000000000000000e+00 
2.458765229675918818e-04 4.438252747058868408e-02 0.000000000000000000e+00 1.000000000000000000e+00 9.919871794871795156e-01 0.000000000000000000e+00 9.967637540453074818e-01 0.000000000000000000e+00 9.873015873015873467e-01 0.000000000000000000e+00 
2.362933155382052064e-04 4.448198899626731873e-02 0.000000000000000000e+00 1.000000000000000000e+00 9.919871794871795156e-01 0.000000000000000000e+00 9.967637540453074818e-01 0.000000000000000000e+00 9.873015873015873467e-01 0.000000000000000000e+00 
2.389111323282122612e-04 4.456371068954467773e-02 0.000000000000000000e+00 1.000000000000000000e+00 9.919871794871795156e-01 0.000000000000000000e+00 9.967637540453074818e-01 0.000000000000000000e+00 9.873015873015873467e-01 0.000000000000000000e+00 
2.340713108424097300e-04 4.462284967303276062e-02 0.000000000000000000e+00 1.000000000000000000e+00 9.919871794871795156e-01 0.000000000000000000e+00 9.967637540453074818e-01 0.000000000000000000e+00 9.873015873015873467e-01 0.000000000000000000e+00 
2.309255069121718407e-04 4.473113641142845154e-02 0.000000000000000000e+00 1.000000000000000000e+00 9.919871794871795156e-01 0.000000000000000000e+00 9.967637540453074818e-01 0.000000000000000000e+00 9.873015873015873467e-01 0.000000000000000000e+00 
2.275293809361755848e-04 4.486687108874320984e-02 0.000000000000000000e+00 1.000000000000000000e+00 9.919871794871795156e-01 0.000000000000000000e+00 9.967637540453074818e-01 0.000000000000000000e+00 9.873015873015873467e-01 0.000000000000000000e+00 
2.296572638442739844e-04 4.499067738652229309e-02 0.000000000000000000e+00 1.000000000000000000e+00 9.919871794871795156e-01 0.000000000000000000e+00 9.967637540453074818e-01 0.000000000000000000e+00 9.873015873015873467e-01 0.000000000000000000e+00 
2.198900619987398386e-04 4.509480670094490051e-02 0.000000000000000000e+00 1.000000000000000000e+00 9.919871794871795156e-01 0.000000000000000000e+00 9.967637540453074818e-01 0.000000000000000000e+00 9.873015873015873467e-01 0.000000000000000000e+00 
2.223049814347177744e-04 4.520625993609428406e-02 0.000000000000000000e+00 1.000000000000000000e+00 9.919871794871795156e-01 0.000000000000000000e+00 9.967637540453074818e-01 0.000000000000000000e+00 9.873015873015873467e-01 0.000000000000000000e+00 
2.179252624046057463e-04 4.530695825815200806e-02 0.000000000000000000e+00 1.000000000000000000e+00 9.919871794871795156e-01 0.000000000000000000e+00 9.967637540453074818e-01 0.000000000000000000e+00 9.873015873015873467e-01 0.000000000000000000e+00 
2.122840960510075092e-04 4.536925256252288818e-02 0.000000000000000000e+00 1.000000000000000000e+00 9.919871794871795156e-01 0.000000000000000000e+00 9.967637540453074818e-01 0.000000000000000000e+00 9.873015873015873467e-01 0.000000000000000000e+00 
2.124108286807313561e-04 4.546421766281127930e-02 0.000000000000000000e+00 1.000000000000000000e+00 9.919871794871795156e-01 0.000000000000000000e+00 9.967637540453074818e-01 0.000000000000000000e+00 9.873015873015873467e-01 0.000000000000000000e+00 
2.068027679342776537e-04 4.550606384873390198e-02 0.000000000000000000e+00 1.000000000000000000e+00 9.919871794871795156e-01 0.000000000000000000e+00 9.967637540453074818e-01 0.000000000000000000e+00 9.873015873015873467e-01 0.000000000000000000e+00 
2.038664679275825620e-04 4.558188095688819885e-02 0.000000000000000000e+00 1.000000000000000000e+00 9.919871794871795156e-01 0.000000000000000000e+00 9.967637540453074818e-01 0.000000000000000000e+00 9.873015873015873467e-01 0.000000000000000000e+00 
1.995339407585561275e-04 4.571816697716712952e-02 0.000000000000000000e+00 1.000000000000000000e+00 9.919871794871795156e-01 0.000000000000000000e+00 9.967637540453074818e-01 0.000000000000000000e+00 9.873015873015873467e-01 0.000000000000000000e+00 
2.001852553803473711e-04 4.583468288183212280e-02 0.000000000000000000e+00 1.000000000000000000e+00 9.919871794871795156e-01 0.000000000000000000e+00 9.967637540453074818e-01 0.000000000000000000e+00 9.873015873015873467e-01 0.000000000000000000e+00 
1.952288585016503930e-04 4.590646922588348389e-02 0.000000000000000000e+00 1.000000000000000000e+00 9.919871794871795156e-01 0.000000000000000000e+00 9.967637540453074818e-01 0.000000000000000000e+00 9.873015873015873467e-01 0.000000000000000000e+00 
1.954685722012072802e-04 4.601918533444404602e-02 0.000000000000000000e+00 1.000000000000000000e+00 9.919871794871795156e-01 0.000000000000000000e+00 9.967637540453074818e-01 0.000000000000000000e+00 9.873015873015873467e-01 0.000000000000000000e+00 
1.893428416224196553e-04 4.615715146064758301e-02 0.000000000000000000e+00 1.000000000000000000e+00 9.919871794871795156e-01 0.000000000000000000e+00 9.967637540453074818e-01 0.000000000000000000e+00 9.873015873015873467e-01 0.000000000000000000e+00 
1.912827719934284687e-04 4.624492302536964417e-02 0.000000000000000000e+00 1.000000000000000000e+00 9.919871794871795156e-01 0.000000000000000000e+00 9.967637540453074818e-01 0.000000000000000000e+00 9.873015873015873467e-01 0.000000000000000000e+00 
1.875372399808838964e-04 4.637819901108741760e-02 0.000000000000000000e+00 1.000000000000000000e+00 9.919871794871795156e-01 0.000000000000000000e+00 9.967637540453074818e-01 0.000000000000000000e+00 9.873015873015873467e-01 0.000000000000000000e+00 
1.821944752009585500e-04 4.649644345045089722e-02 0.000000000000000000e+00 1.000000000000000000e+00 9.919871794871795156e-01 0.000000000000000000e+00 9.967637540453074818e-01 0.000000000000000000e+00 9.873015873015873467e-01 0.000000000000000000e+00 
1.802697806851938367e-04 4.658075422048568726e-02 0.000000000000000000e+00 1.000000000000000000e+00 9.919871794871795156e-01 0.000000000000000000e+00 9.967637540453074818e-01 0.000000000000000000e+00 9.873015873015873467e-01 0.000000000000000000e+00 
1.796115830074995756e-04 4.664441198110580444e-02 0.000000000000000000e+00 1.000000000000000000e+00 9.919871794871795156e-01 0.000000000000000000e+00 9.967637540453074818e-01 0.000000000000000000e+00 9.873015873015873467e-01 0.000000000000000000e+00 
1.769426598912104964e-04 4.671131819486618042e-02 0.000000000000000000e+00 1.000000000000000000e+00 9.919871794871795156e-01 0.000000000000000000e+00 9.967637540453074818e-01 0.000000000000000000e+00 9.873015873015873467e-01 0.000000000000000000e+00 
1.742404128890484571e-04 4.677484557032585144e-02 0.000000000000000000e+00 1.000000000000000000e+00 9.919871794871795156e-01 0.000000000000000000e+00 9.967637540453074818e-01 0.000000000000000000e+00 9.873015873015873467e-01 0.000000000000000000e+00 
1.720805739751085639e-04 4.688005149364471436e-02 0.000000000000000000e+00 1.000000000000000000e+00 9.919871794871795156e-01 0.000000000000000000e+00 9.967637540453074818e-01 0.000000000000000000e+00 9.873015873015873467e-01 0.000000000000000000e+00 
1.719303982099518180e-04 4.696457087993621826e-02 0.000000000000000000e+00 1.000000000000000000e+00 9.919871794871795156e-01 0.000000000000000000e+00 9.967637540453074818e-01 0.000000000000000000e+00 9.873015873015873467e-01 0.000000000000000000e+00 
1.677871186984702945e-04 4.704757407307624817e-02 0.000000000000000000e+00 1.000000000000000000e+00 9.919871794871795156e-01 0.000000000000000000e+00 9.967637540453074818e-01 0.000000000000000000e+00 9.873015873015873467e-01 0.000000000000000000e+00 
1.672172802500426769e-04 4.714804515242576599e-02 0.000000000000000000e+00 1.000000000000000000e+00 9.919871794871795156e-01 0.000000000000000000e+00 9.967637540453074818e-01 0.000000000000000000e+00 9.873015873015873467e-01 0.000000000000000000e+00 
1.635211956454440951e-04 4.729755595326423645e-02 0.000000000000000000e+00 1.000000000000000000e+00 9.919871794871795156e-01 0.000000000000000000e+00 9.967637540453074818e-01 0.000000000000000000e+00 9.873015873015873467e-01 0.000000000000000000e+00 
1.598065719008445740e-04 4.739646986126899719e-02 0.000000000000000000e+00 1.000000000000000000e+00 9.919871794871795156e-01 0.000000000000000000e+00 9.967637540453074818e-01 0.000000000000000000e+00 9.873015873015873467e-01 0.000000000000000000e+00 
1.586762518854811788e-04 4.750459641218185425e-02 0.000000000000000000e+00 1.000000000000000000e+00 9.919871794871795156e-01 0.000000000000000000e+00 9.967637540453074818e-01 0.000000000000000000e+00 9.873015873015873467e-01 0.000000000000000000e+00 
1.574680063640698791e-04 4.760485514998435974e-02 0.000000000000000000e+00 1.000000000000000000e+00 9.919871794871795156e-01 0.000000000000000000e+00 9.967637540453074818e-01 0.000000000000000000e+00 9.873015873015873467e-01 0.000000000000000000e+00 
1.538761134725064039e-04 4.766856506466865540e-02 0.000000000000000000e+00 1.000000000000000000e+00 9.919871794871795156e-01 0.000000000000000000e+00 9.967637540453074818e-01 0.000000000000000000e+00 9.873015873015873467e-01 0.000000000000000000e+00 
1.520648220321163535e-04 4.774377122521400452e-02 0.000000000000000000e+00 1.000000000000000000e+00 9.919871794871795156e-01 0.000000000000000000e+00 9.967637540453074818e-01 0.000000000000000000e+00 9.873015873015873467e-01 0.000000000000000000e+00 
1.512760791229084134e-04 4.781529307365417480e-02 0.000000000000000000e+00 1.000000000000000000e+00 9.919871794871795156e-01 0.000000000000000000e+00 9.967637540453074818e-01 0.000000000000000000e+00 9.873015873015873467e-01 0.000000000000000000e+00 
1.497856865171343088e-04 4.793823882937431335e-02 0.000000000000000000e+00 1.000000000000000000e+00 9.919871794871795156e-01 0.000000000000000000e+00 9.967637540453074818e-01 0.000000000000000000e+00 9.873015873015873467e-01 0.000000000000000000e+00 
1.482552033849060535e-04 4.807299375534057617e-02 0.000000000000000000e+00 1.000000000000000000e+00 9.919871794871795156e-01 0.000000000000000000e+00 9.967637540453074818e-01 0.000000000000000000e+00 9.873015873015873467e-01 0.000000000000000000e+00 
1.452286087442189455e-04 4.814862832427024841e-02 0.000000000000000000e+00 1.000000000000000000e+00 9.919871794871795156e-01 0.000000000000000000e+00 9.967637540453074818e-01 0.000000000000000000e+00 9.873015873015873467e-01 0.000000000000000000e+00 
1.431088749086484313e-04 4.829076677560806274e-02 0.000000000000000000e+00 1.000000000000000000e+00 9.919871794871795156e-01 0.000000000000000000e+00 9.967637540453074818e-01 0.000000000000000000e+00 9.873015873015873467e-01 0.000000000000000000e+00 
1.402233319822698832e-04 4.836357012391090393e-02 0.000000000000000000e+00 1.000000000000000000e+00 9.919871794871795156e-01 0.000000000000000000e+00 9.967637540453074818e-01 0.000000000000000000e+00 9.873015873015873467e-01 0.000000000000000000e+00 
1.410901168128475547e-04 4.845294356346130371e-02 0.000000000000000000e+00 1.000000000000000000e+00 9.919871794871795156e-01 0.000000000000000000e+00 9.967637540453074818e-01 0.000000000000000000e+00 9.873015873015873467e-01 0.000000000000000000e+00 
