4.871217310428619385e-01 5.686652846634387970e-03 -2.660631253093015403e-05 8.063981658779084682e-05 
5.119287371635437012e-01 5.463283974677324295e-03 -8.397792407777160406e-05 7.675192318856716156e-05 
4.636861681938171387e-01 1.447307132184505463e-02 8.428984438069164753e-04 5.458060768432915211e-04 
5.371710062026977539e-01 1.761998422443866730e-02 2.617618010845035315e-04 6.817315588705241680e-04 
4.168168306350708008e-01 2.608729340136051178e-02 2.682647202163934708e-03 1.897906418889760971e-03 
5.568757057189941406e-01 3.501939773559570312e-02 3.599144692998379469e-04 2.519994042813777924e-03 
4.427394568920135498e-01 3.426319360733032227e-02 2.369756344705820084e-03 2.813846338540315628e-03 
6.275094747543334961e-01 3.830734267830848694e-02 -2.315857913345098495e-03 3.234020667150616646e-03 
3.572475612163543701e-01 3.791231662034988403e-02 4.940276965498924255e-03 3.907413687556982040e-03 
5.891503691673278809e-01 4.921283945441246033e-02 -2.358730882406234741e-03 5.004995502531528473e-03 
3.413133919239044189e-01 4.068802297115325928e-02 5.984850693494081497e-03 4.635041579604148865e-03 
6.089292168617248535e-01 5.288117751479148865e-02 -3.524134634062647820e-03 5.817613098770380020e-03 
2.988518476486206055e-01 4.366837814450263977e-02 8.414363488554954529e-03 5.901752039790153503e-03 
6.071155071258544922e-01 6.166639551520347595e-02 -5.028726067394018173e-03 7.646324578672647476e-03 
3.896630108356475830e-01 5.256979539990425110e-02 5.693334154784679413e-03 6.306970492005348206e-03 
7.096620202064514160e-01 4.819028079509735107e-02 -8.298129774630069733e-03 6.338764913380146027e-03 
2.830219566822052002e-01 4.647507518529891968e-02 9.632847271859645844e-03 6.747306324541568756e-03 
6.329712867736816406e-01 6.345341354608535767e-02 -7.649909239262342453e-03 8.595085702836513519e-03 
3.149729371070861816e-01 5.250007286667823792e-02 9.831150993704795837e-03 7.673809770494699478e-03 
6.850185394287109375e-01 6.054963544011116028e-02 -1.007933635264635086e-02 8.848887868225574493e-03 
3.531630635261535645e-01 6.065884977579116821e-02 9.696118533611297607e-03 8.828260004520416260e-03 
7.371112704277038574e-01 5.515774339437484741e-02 -1.236636564135551453e-02 8.964026346802711487e-03 
2.746167182922363281e-01 4.897979646921157837e-02 1.094888243824243546e-02 7.713878992944955826e-03 
6.654253005981445312e-01 6.512093544006347656e-02 -1.027115620672702789e-02 9.662698023021221161e-03 
3.117103874683380127e-01 5.860230699181556702e-02 1.171931531280279160e-02 9.310146793723106384e-03 
7.192773818969726562e-01 6.068093329668045044e-02 -1.322866324335336685e-02 1.010236050933599472e-02 
2.618046402931213379e-01 5.153831467032432556e-02 1.273164246231317520e-02 8.946793153882026672e-03 
6.780041456222534180e-01 6.910651922225952148e-02 -1.234911382198333740e-02 1.108936034142971039e-02 
3.118020594120025635e-01 6.103419512510299683e-02 1.252487581223249435e-02 1.004055608063936234e-02 
7.362565398216247559e-01 6.021615862846374512e-02 -1.437793485820293427e-02 1.059220358729362488e-02 
2.365545034408569336e-01 4.541449621319770813e-02 1.196241285651922226e-02 7.934858091175556183e-03 
6.542561650276184082e-01 7.064552605152130127e-02 -1.081787329167127609e-02 1.085764262825250626e-02 
2.835521697998046875e-01 5.609310045838356018e-02 1.284073572605848312e-02 9.491424076259136200e-03 
7.156477570533752441e-01 6.311101466417312622e-02 -1.394982635974884033e-02 1.079722866415977478e-02 
2.919214963912963867e-01 5.968445539474487305e-02 1.325469743460416794e-02 1.015828456729650497e-02 
7.313126921653747559e-01 6.138986721634864807e-02 -1.490324083715677261e-02 1.104167755693197250e-02 
2.978172004222869873e-01 5.926337465643882751e-02 1.290268916636705399e-02 9.963117539882659912e-03 
7.395856380462646484e-01 5.997272208333015442e-02 -1.473360136151313782e-02 1.077009551227092743e-02 
2.751139700412750244e-01 5.683298408985137939e-02 1.391644682735204697e-02 1.012346893548965454e-02 
7.264085412025451660e-01 6.413783878087997437e-02 -1.531932782381772995e-02 1.157089415937662125e-02 
2.728577554225921631e-01 5.577253550291061401e-02 1.365497894585132599e-02 9.888195432722568512e-03 
7.262879610061645508e-01 6.358044594526290894e-02 -1.508343778550624847e-02 1.138825155794620514e-02 
2.592761814594268799e-01 5.210486426949501038e-02 1.310994662344455719e-02 9.169101715087890625e-03 
7.105655074119567871e-01 6.472644954919815063e-02 -1.419816445559263229e-02 1.117297634482383728e-02 
3.451051414012908936e-01 6.808891892433166504e-02 1.218946650624275208e-02 1.098465174436569214e-02 
7.966884374618530273e-01 4.948358982801437378e-02 -1.517243962734937668e-02 9.982702322304248810e-03 
2.850780487060546875e-01 6.246213987469673157e-02 1.522601582109928131e-02 1.147149316966533661e-02 
7.591580152511596680e-01 6.114650145173072815e-02 -1.731863804161548615e-02 1.229793671518564224e-02 
2.926457524299621582e-01 6.428214907646179199e-02 1.517004240304231644e-02 1.171133015304803848e-02 
7.704326510429382324e-01 5.897956714034080505e-02 -1.743270270526409149e-02 1.217254716902971268e-02 
2.615076005458831787e-01 5.773485824465751648e-02 1.558921858668327332e-02 1.113616209477186203e-02 
7.442552447319030762e-01 6.531676650047302246e-02 -1.748864911496639252e-02 1.284705381840467453e-02 
2.553153932094573975e-01 5.575472488999366760e-02 1.530516333878040314e-02 1.076695136725902557e-02 
7.389709353446960449e-01 6.557593494653701782e-02 -1.712673716247081757e-02 1.267348602414131165e-02 
2.879743874073028564e-01 6.585588306188583374e-02 1.631787978112697601e-02 1.246832776814699173e-02 
7.796862721443176270e-01 5.912256240844726562e-02 -1.854281872510910034e-02 1.286268047988414764e-02 
2.824706137180328369e-01 6.554945558309555054e-02 1.686212606728076935e-02 1.275110710412263870e-02 
7.794688344001770020e-01 6.041986495256423950e-02 -1.894300617277622223e-02 1.322047319263219833e-02 
2.721783220767974854e-01 6.198640912771224976e-02 1.619909517467021942e-02 1.194201689213514328e-02 
7.678287029266357422e-01 6.106605380773544312e-02 -1.824688352644443512e-02 1.286914665251970291e-02 
