8.921600580215454102e-01 8.956451416015625000e-01 8.929678201675415039e-01 8.929695487022399902e-01 8.965488076210021973e-01 8.954616189002990723e-01 8.921332955360412598e-01 8.934158086776733398e-01 8.986280560493469238e-01 8.910880684852600098e-01 8.971919417381286621e-01 8.941015601158142090e-01 9.018157720565795898e-01 8.976844549179077148e-01 9.046362638473510742e-01 9.071825742721557617e-01 8.973762392997741699e-01 9.071307182312011719e-01 9.063697457313537598e-01 9.011002779006958008e-01 9.058749675750732422e-01 9.056999087333679199e-01 0.000000000000000000e+00 0.000000000000000000e+00 
2.110506175085902214e-03 2.764218254014849663e-03 2.930361311882734299e-03 3.120265668258070946e-03 2.890275558456778526e-03 2.773479791358113289e-03 2.832127036526799202e-03 3.204154316335916519e-03 2.686331514269113541e-03 3.002985613420605659e-03 3.294891677796840668e-03 3.135638311505317688e-03 3.184637520462274551e-03 3.149264724925160408e-03 3.090181853622198105e-03 2.991944784298539162e-03 3.342080628499388695e-03 2.932664705440402031e-03 3.152414457872509956e-03 3.108293516561388969e-03 3.041867865249514580e-03 2.195515902712941170e-03 0.000000000000000000e+00 0.000000000000000000e+00 
4.557149708271026611e-01 4.499531686305999756e-01 4.718999564647674561e-01 4.864293634891510010e-01 4.770869612693786621e-01 4.637443423271179199e-01 4.574329555034637451e-01 4.812891185283660889e-01 5.182130336761474609e-01 4.803836047649383545e-01 5.355702638626098633e-01 4.996697008609771729e-01 5.583947300910949707e-01 5.525766611099243164e-01 6.234963536262512207e-01 6.403965353965759277e-01 5.897884964942932129e-01 6.729015707969665527e-01 6.707431077957153320e-01 6.566252112388610840e-01 7.065037488937377930e-01 7.036945819854736328e-01 0.000000000000000000e+00 0.000000000000000000e+00 
1.435062382370233536e-02 1.926927641034126282e-02 2.026307955384254456e-02 2.045986428856849670e-02 2.030058950185775757e-02 1.906875707209110260e-02 2.012488804757595062e-02 2.115599066019058228e-02 2.079408988356590271e-02 2.101101167500019073e-02 2.188338525593280792e-02 2.007132023572921753e-02 2.092613093554973602e-02 2.107412368059158325e-02 1.984733156859874725e-02 2.021138742566108704e-02 2.134240046143531799e-02 1.864657551050186157e-02 1.868086680769920349e-02 2.024775743484497070e-02 1.907739043235778809e-02 1.293972413986921310e-02 0.000000000000000000e+00 0.000000000000000000e+00 
3.179029822349548340e-01 3.030900955200195312e-01 3.446865379810333252e-01 3.580874800682067871e-01 3.412164151668548584e-01 3.368443548679351807e-01 3.373697698116302490e-01 3.622461259365081787e-01 4.024799466133117676e-01 3.663257658481597900e-01 4.421815276145935059e-01 3.944846987724304199e-01 4.773764014244079590e-01 4.783084094524383545e-01 5.782989263534545898e-01 6.295090913772583008e-01 5.747317671775817871e-01 6.744026541709899902e-01 6.929184794425964355e-01 6.803122162818908691e-01 7.379187941551208496e-01 7.507410049438476562e-01 0.000000000000000000e+00 0.000000000000000000e+00 
1.833082735538482666e-02 2.484375052154064178e-02 2.610590122640132904e-02 2.676793001592159271e-02 2.712012268602848053e-02 2.472039312124252319e-02 2.698320150375366211e-02 2.779579721391201019e-02 2.742267958819866180e-02 2.773593738675117493e-02 2.914586290717124939e-02 2.764226682484149933e-02 2.875797450542449951e-02 2.892058901488780975e-02 2.789359167218208313e-02 2.672614529728889465e-02 2.861730009317398071e-02 2.556165307760238647e-02 2.492746897041797638e-02 2.619308419525623322e-02 2.393356524407863617e-02 1.571474969387054443e-02 0.000000000000000000e+00 0.000000000000000000e+00 
3.331291973590850830e-01 3.169824779033660889e-01 3.636818528175354004e-01 3.757297694683074951e-01 3.562802672386169434e-01 3.631211221218109131e-01 3.589520454406738281e-01 3.770482838153839111e-01 4.379108250141143799e-01 3.888306319713592529e-01 4.666675031185150146e-01 4.297055006027221680e-01 5.148550868034362793e-01 5.190225243568420410e-01 6.332108974456787109e-01 6.942698359489440918e-01 6.341097950935363770e-01 7.332807779312133789e-01 7.574843764305114746e-01 7.472884654998779297e-01 8.023824691772460938e-01 8.189663290977478027e-01 0.000000000000000000e+00 0.000000000000000000e+00 
2.112680859863758087e-02 2.892398647964000702e-02 2.974417805671691895e-02 3.047724440693855286e-02 3.078081458806991577e-02 2.891975082457065582e-02 3.086753934621810913e-02 3.146281838417053223e-02 3.078459389507770538e-02 3.120073489844799042e-02 3.256196901202201843e-02 3.114305436611175537e-02 3.227035701274871826e-02 3.195462748408317566e-02 3.002589754760265350e-02 2.843142300844192505e-02 3.078688681125640869e-02 2.717682532966136932e-02 2.565256878733634949e-02 2.644940651953220367e-02 2.377634868025779724e-02 1.540497597306966782e-02 0.000000000000000000e+00 0.000000000000000000e+00 
2.906895577907562256e-01 2.735273540019989014e-01 3.105619847774505615e-01 3.312484025955200195e-01 3.149853646755218506e-01 3.040749430656433105e-01 3.195132613182067871e-01 3.398556709289550781e-01 3.823265433311462402e-01 3.481321632862091064e-01 4.293800294399261475e-01 3.825738430023193359e-01 4.739093184471130371e-01 4.744563400745391846e-01 6.000195741653442383e-01 6.646806597709655762e-01 6.046283841133117676e-01 7.182912826538085938e-01 7.429857254028320312e-01 7.287619113922119141e-01 7.985616922378540039e-01 8.140620589256286621e-01 0.000000000000000000e+00 0.000000000000000000e+00 
2.095677703619003296e-02 2.868051640689373016e-02 2.925086952745914459e-02 3.066391311585903168e-02 3.070488385856151581e-02 2.813751250505447388e-02 3.083671070635318756e-02 3.212459757924079895e-02 3.135259449481964111e-02 3.188010305166244507e-02 3.377147763967514038e-02 3.179993852972984314e-02 3.341287747025489807e-02 3.328881412744522095e-02 3.269026428461074829e-02 3.075802698731422424e-02 3.279699757695198059e-02 2.973568812012672424e-02 2.806757949292659760e-02 2.942900918424129486e-02 2.584263496100902557e-02 1.710331439971923828e-02 0.000000000000000000e+00 0.000000000000000000e+00 
3.139769136905670166e-01 2.969754636287689209e-01 3.403796553611755371e-01 3.595866858959197998e-01 3.418002426624298096e-01 3.380520939826965332e-01 3.469332456588745117e-01 3.587870597839355469e-01 4.190193712711334229e-01 3.780648708343505859e-01 4.569016396999359131e-01 4.182256460189819336e-01 5.088884830474853516e-01 5.105097293853759766e-01 6.380775570869445801e-01 7.076500058174133301e-01 6.471743583679199219e-01 7.514570951461791992e-01 7.818018794059753418e-01 7.701460719108581543e-01 8.341271877288818359e-01 8.470114469528198242e-01 0.000000000000000000e+00 0.000000000000000000e+00 
2.238499931991100311e-02 3.077832609415054321e-02 3.120906651020050049e-02 3.259136527776718140e-02 3.253025189042091370e-02 3.046976402401924133e-02 3.288167342543601990e-02 3.358968719840049744e-02 3.300093486905097961e-02 3.327943384647369385e-02 3.491679579019546509e-02 3.339669108390808105e-02 3.474207594990730286e-02 3.426782786846160889e-02 3.284121677279472351e-02 3.059097193181514740e-02 3.284244239330291748e-02 2.953274920582771301e-02 2.709398232400417328e-02 2.813069336116313934e-02 2.452493831515312195e-02 1.633898355066776276e-02 0.000000000000000000e+00 0.000000000000000000e+00 
2.986534237861633301e-01 2.844175696372985840e-01 3.217041194438934326e-01 3.452248573303222656e-01 3.283430933952331543e-01 3.185087740421295166e-01 3.359486460685729980e-01 3.470630049705505371e-01 3.991321027278900146e-01 3.678815662860870361e-01 4.480605125427246094e-01 4.054274857044219971e-01 4.999397099018096924e-01 4.967412650585174561e-01 6.307606101036071777e-01 7.045823335647583008e-01 6.438294649124145508e-01 7.523244619369506836e-01 7.864733934402465820e-01 7.733945846557617188e-01 8.411640524864196777e-01 8.517761230468750000e-01 0.000000000000000000e+00 0.000000000000000000e+00 
2.241195365786552429e-02 3.095188550651073456e-02 3.108556009829044342e-02 3.282456845045089722e-02 3.256835043430328369e-02 3.049384430050849915e-02 3.305719047784805298e-02 3.388671949505805969e-02 3.329531475901603699e-02 3.375855088233947754e-02 3.545773774385452271e-02 3.387042507529258728e-02 3.526232764124870300e-02 3.477008268237113953e-02 3.376267477869987488e-02 3.141085430979728699e-02 3.351988643407821655e-02 3.021964989602565765e-02 2.750653587281703949e-02 2.870017848908901215e-02 2.463428489863872528e-02 1.669841818511486053e-02 0.000000000000000000e+00 0.000000000000000000e+00 
3.079052269458770752e-01 2.945211827754974365e-01 3.384417891502380371e-01 3.577113151550292969e-01 3.414900004863739014e-01 3.345262110233306885e-01 3.488266170024871826e-01 3.557952046394348145e-01 4.168071150779724121e-01 3.846576511859893799e-01 4.614523351192474365e-01 4.230034053325653076e-01 5.159040093421936035e-01 5.121978521347045898e-01 6.487888693809509277e-01 7.240371704101562500e-01 6.643873453140258789e-01 7.672337293624877930e-01 8.061813712120056152e-01 7.936242818832397461e-01 8.583929538726806641e-01 8.656970262527465820e-01 0.000000000000000000e+00 0.000000000000000000e+00 
2.299742773175239563e-02 3.188002109527587891e-02 3.218277171254158020e-02 3.371745347976684570e-02 3.349809721112251282e-02 3.158967569470405579e-02 3.391518443822860718e-02 3.446060419082641602e-02 3.413855284452438354e-02 3.453224897384643555e-02 3.609122708439826965e-02 3.460438922047615051e-02 3.581704199314117432e-02 3.510562330484390259e-02 3.379898890852928162e-02 3.110824152827262878e-02 3.352504596114158630e-02 2.994166873395442963e-02 2.694272808730602264e-02 2.806824631989002228e-02 2.384836971759796143e-02 1.626285724341869354e-02 0.000000000000000000e+00 0.000000000000000000e+00 
2.994574904441833496e-01 2.870540022850036621e-01 3.282141983509063721e-01 3.500657677650451660e-01 3.336646556854248047e-01 3.234540522098541260e-01 3.426886200904846191e-01 3.492842912673950195e-01 4.066689908504486084e-01 3.800358474254608154e-01 4.569100141525268555e-01 4.169597029685974121e-01 5.098593235015869141e-01 5.050867795944213867e-01 6.449897885322570801e-01 7.218992710113525391e-01 6.623125076293945312e-01 7.674433588981628418e-01 8.078222274780273438e-01 7.947906851768493652e-01 8.626385927200317383e-01 8.676943778991699219e-01 0.000000000000000000e+00 0.000000000000000000e+00 
2.299734205007553101e-02 3.193309530615806580e-02 3.217409178614616394e-02 3.383584693074226379e-02 3.353054821491241455e-02 3.169183805584907532e-02 3.402115404605865479e-02 3.463158011436462402e-02 3.426717966794967651e-02 3.475255519151687622e-02 3.641788288950920105e-02 3.484281152486801147e-02 3.611597791314125061e-02 3.538054227828979492e-02 3.425345569849014282e-02 3.158434107899665833e-02 3.394984081387519836e-02 3.024916350841522217e-02 2.723272517323493958e-02 2.829607389867305756e-02 2.376033924520015717e-02 1.637004129588603973e-02 0.000000000000000000e+00 0.000000000000000000e+00 
2.924432456493377686e-01 2.809373438358306885e-01 3.194799721240997314e-01 3.436168134212493896e-01 3.271218240261077881e-01 3.150668144226074219e-01 3.375661969184875488e-01 3.438239097595214844e-01 3.975674211978912354e-01 3.773035407066345215e-01 4.536400735378265381e-01 4.123441278934478760e-01 5.054121017456054688e-01 5.000014901161193848e-01 6.423822045326232910e-01 7.212691307067871094e-01 6.606089472770690918e-01 7.683075070381164551e-01 8.101980686187744141e-01 7.970066666603088379e-01 8.670914769172668457e-01 8.700154423713684082e-01 0.000000000000000000e+00 0.000000000000000000e+00 
2.296546101570129395e-02 3.195903077721595764e-02 3.215248510241508484e-02 3.388281911611557007e-02 3.353562951087951660e-02 3.186742216348648071e-02 3.407987207174301147e-02 3.474203124642372131e-02 3.434351086616516113e-02 3.493888303637504578e-02 3.668744117021560669e-02 3.501110523939132690e-02 3.634578734636306763e-02 3.564081713557243347e-02 3.459305688738822937e-02 3.191035985946655273e-02 3.429857268929481506e-02 3.041970729827880859e-02 2.742036990821361542e-02 2.842382900416851044e-02 2.358825318515300751e-02 1.641988754272460938e-02 0.000000000000000000e+00 0.000000000000000000e+00 
3.043303787708282471e-01 2.921395897865295410e-01 3.387732505798339844e-01 3.574677407741546631e-01 3.414593636989593506e-01 3.342121541500091553e-01 3.516345918178558350e-01 3.540285527706146240e-01 4.177059233188629150e-01 3.954190611839294434e-01 4.653687477111816406e-01 4.313197433948516846e-01 5.215913653373718262e-01 5.212832689285278320e-01 6.595019698143005371e-01 7.392108440399169922e-01 6.774685978889465332e-01 7.815767526626586914e-01 8.242834210395812988e-01 8.148795962333679199e-01 8.801957964897155762e-01 8.814546465873718262e-01 0.000000000000000000e+00 0.000000000000000000e+00 
2.345861122012138367e-02 3.270772472023963928e-02 3.316594287753105164e-02 3.458244353532791138e-02 3.433373570442199707e-02 3.283168002963066101e-02 3.472685441374778748e-02 3.510601446032524109e-02 3.497731313109397888e-02 3.560178726911544800e-02 3.702521324157714844e-02 3.555446118116378784e-02 3.658889979124069214e-02 3.574749827384948730e-02 3.437182679772377014e-02 3.131188452243804932e-02 3.384612500667572021e-02 2.985670790076255798e-02 2.697501890361309052e-02 2.763096615672111511e-02 2.277717366814613342e-02 1.575938239693641663e-02 0.000000000000000000e+00 0.000000000000000000e+00 
3.021512627601623535e-01 2.903029024600982666e-01 3.371779024600982666e-01 3.560944497585296631e-01 3.403921425342559814e-01 3.325993418693542480e-01 3.514344096183776855e-01 3.524968028068542480e-01 4.159219563007354736e-01 3.962799608707427979e-01 4.645865857601165771e-01 4.318161904811859131e-01 5.221319198608398438e-01 5.219450592994689941e-01 6.613623499870300293e-01 7.418584823608398438e-01 6.787593364715576172e-01 7.837874293327331543e-01 8.271319866180419922e-01 8.184466361999511719e-01 8.839617967605590820e-01 8.837582468986511230e-01 0.000000000000000000e+00 0.000000000000000000e+00 
2.352160774171352386e-02 3.284527361392974854e-02 3.332784399390220642e-02 3.473614901304244995e-02 3.449892252683639526e-02 3.312216699123382568e-02 3.487806394696235657e-02 3.521943092346191406e-02 3.511562198400497437e-02 3.583944216370582581e-02 3.719495609402656555e-02 3.575832024216651917e-02 3.674964979290962219e-02 3.596848994493484497e-02 3.449691832065582275e-02 3.140943497419357300e-02 3.390090167522430420e-02 2.988862060010433197e-02 2.703156508505344391e-02 2.756182104349136353e-02 2.263717353343963623e-02 1.571547985076904297e-02 0.000000000000000000e+00 0.000000000000000000e+00 
3.042057752609252930e-01 2.921890318393707275e-01 3.412395417690277100e-01 3.590853214263916016e-01 3.434508442878723145e-01 3.363124132156372070e-01 3.549439311027526855e-01 3.548111915588378906e-01 4.206246137619018555e-01 4.010950624942779541e-01 4.672155678272247314e-01 4.367109537124633789e-01 5.267602801322937012e-01 5.287542343139648438e-01 6.668476462364196777e-01 7.476840019226074219e-01 6.843536496162414551e-01 7.886670827865600586e-01 8.318613767623901367e-01 8.255748152732849121e-01 8.890902400016784668e-01 8.886532783508300781e-01 0.000000000000000000e+00 0.000000000000000000e+00 
2.367608621716499329e-02 3.311464190483093262e-02 3.368502855300903320e-02 3.498310595750808716e-02 3.479816764593124390e-02 3.348259255290031433e-02 3.510424122214317322e-02 3.536759316921234131e-02 3.535515442490577698e-02 3.615466505289077759e-02 3.737428784370422363e-02 3.601310029625892639e-02 3.687911480665206909e-02 3.614290431141853333e-02 3.448457270860671997e-02 3.134858980774879456e-02 3.373854607343673706e-02 2.975683100521564484e-02 2.694212459027767181e-02 2.728508412837982178e-02 2.240091003477573395e-02 1.544359978288412094e-02 0.000000000000000000e+00 0.000000000000000000e+00 
2.962728738784790039e-01 2.855193912982940674e-01 3.307399749755859375e-01 3.512535989284515381e-01 3.364204466342926025e-01 3.269934058189392090e-01 3.484962284564971924e-01 3.480966389179229736e-01 4.095750749111175537e-01 3.951686322689056396e-01 4.619593620300292969e-01 4.293533265590667725e-01 5.203430652618408203e-01 5.206380486488342285e-01 6.619673967361450195e-01 7.438765764236450195e-01 6.781804561614990234e-01 7.861500978469848633e-01 8.300855755805969238e-01 8.236950635910034180e-01 8.889213204383850098e-01 8.871449232101440430e-01 0.000000000000000000e+00 0.000000000000000000e+00 
2.355369552969932556e-02 3.297996148467063904e-02 3.341726958751678467e-02 3.486517816781997681e-02 3.464999422430992126e-02 3.348980471491813660e-02 3.503661975264549255e-02 3.536620363593101501e-02 3.526220098137855530e-02 3.614275157451629639e-02 3.748180717229843140e-02 3.602735698223114014e-02 3.698688000440597534e-02 3.632298856973648071e-02 3.475623577833175659e-02 3.170024603605270386e-02 3.411363065242767334e-02 2.998670749366283417e-02 2.719928137958049774e-02 2.747182361781597137e-02 2.252200245857238770e-02 1.565312966704368591e-02 0.000000000000000000e+00 0.000000000000000000e+00 
3.014591932296752930e-01 2.902379631996154785e-01 3.394428789615631104e-01 3.576176762580871582e-01 3.428190052509307861e-01 3.349912762641906738e-01 3.558312952518463135e-01 3.532361984252929688e-01 4.192390441894531250e-01 4.024220407009124756e-01 4.667221009731292725e-01 4.378463029861450195e-01 5.285561084747314453e-01 5.312558412551879883e-01 6.709518432617187500e-01 7.516155242919921875e-01 6.868569850921630859e-01 7.927018404006958008e-01 8.356471657752990723e-01 8.320611715316772461e-01 8.938578963279724121e-01 8.927975893020629883e-01 0.000000000000000000e+00 0.000000000000000000e+00 
2.377718128263950348e-02 3.333767130970954895e-02 3.392840549349784851e-02 3.519516438245773315e-02 3.506918251514434814e-02 3.387489169836044312e-02 3.534846007823944092e-02 3.551711514592170715e-02 3.557552397251129150e-02 3.651049733161926270e-02 3.762337937951087952e-02 3.629754483699798584e-02 3.709838539361953735e-02 3.644989058375358582e-02 3.459348902106285095e-02 3.152516111731529236e-02 3.374423459172248840e-02 2.975329384207725525e-02 2.701303921639919281e-02 2.711388655006885529e-02 2.223034389317035675e-02 1.528312638401985168e-02 0.000000000000000000e+00 0.000000000000000000e+00 
2.956904768943786621e-01 2.851522266864776611e-01 3.319716453552246094e-01 3.518822491168975830e-01 3.379774689674377441e-01 3.286535143852233887e-01 3.511223196983337402e-01 3.481188118457794189e-01 4.112385511398315430e-01 3.982796669006347656e-01 4.628504216670989990e-01 4.324920773506164551e-01 5.243015289306640625e-01 5.258393883705139160e-01 6.682035923004150391e-01 7.489411830902099609e-01 6.823644638061523438e-01 7.908737659454345703e-01 8.344820737838745117e-01 8.307118415832519531e-01 8.936890959739685059e-01 8.915841579437255859e-01 0.000000000000000000e+00 0.000000000000000000e+00 
2.370737306773662567e-02 3.324593976140022278e-02 3.375963866710662842e-02 3.511415421962738037e-02 3.497784584760665894e-02 3.392159566283226013e-02 3.530557826161384583e-02 3.552419692277908325e-02 3.553178533911705017e-02 3.652183338999748230e-02 3.771242871880531311e-02 3.633390367031097412e-02 3.717841953039169312e-02 3.659589961171150208e-02 3.477748855948448181e-02 3.177791461348533630e-02 3.403313085436820984e-02 2.992267720401287079e-02 2.722298353910446167e-02 2.723929286003112793e-02 2.231622673571109772e-02 1.544957887381315231e-02 0.000000000000000000e+00 0.000000000000000000e+00 
2.926822304725646973e-01 2.826676964759826660e-01 3.281547725200653076e-01 3.493592441082000732e-01 3.357055783271789551e-01 3.258570730686187744e-01 3.491849303245544434e-01 3.457446694374084473e-01 4.075119793415069580e-01 3.967185020446777344e-01 4.611698985099792480e-01 4.304868280887603760e-01 5.226548910140991211e-01 5.241972804069519043e-01 6.677148342132568359e-01 7.482779026031494141e-01 6.808868050575256348e-01 7.906992435455322266e-01 8.345350623130798340e-01 8.314024806022644043e-01 8.942300081253051758e-01 8.917747139930725098e-01 0.000000000000000000e+00 0.000000000000000000e+00 
2.369797416031360626e-02 3.325029090046882629e-02 3.371519595384597778e-02 3.511723875999450684e-02 3.498094901442527771e-02 3.401507437229156494e-02 3.532979637384414673e-02 3.556231409311294556e-02 3.558050096035003662e-02 3.658595308661460876e-02 3.780290856957435608e-02 3.641058877110481262e-02 3.724713623523712158e-02 3.671445325016975403e-02 3.489219769835472107e-02 3.191525861620903015e-02 3.417601063847541809e-02 2.999747917056083679e-02 2.732230164110660553e-02 2.725785039365291595e-02 2.234096452593803406e-02 1.549507863819599152e-02 0.000000000000000000e+00 0.000000000000000000e+00 
2.867362797260284424e-01 2.775102555751800537e-01 3.195589482784271240e-01 3.428980410099029541e-01 3.300982713699340820e-01 3.196700513362884521e-01 3.437297642230987549e-01 3.406471610069274902e-01 3.987174034118652344e-01 3.920858204364776611e-01 4.574942886829376221e-01 4.246272444725036621e-01 5.173888206481933594e-01 5.181405544281005859e-01 6.638908386230468750e-01 7.451494932174682617e-01 6.760036349296569824e-01 7.884774804115295410e-01 8.330807685852050781e-01 8.295918107032775879e-01 8.937747478485107422e-01 8.905270099639892578e-01 0.000000000000000000e+00 0.000000000000000000e+00 
2.360220439732074738e-02 3.312744945287704468e-02 3.347021713852882385e-02 3.497373685240745544e-02 3.481347858905792236e-02 3.402777388691902161e-02 3.523216769099235535e-02 3.556324541568756104e-02 3.552872315049171448e-02 3.653574362397193909e-02 3.787520527839660645e-02 3.642482310533523560e-02 3.729258477687835693e-02 3.683234378695487976e-02 3.508164733648300171e-02 3.214247897267341614e-02 3.450062870979309082e-02 3.016804903745651245e-02 2.750258520245552063e-02 2.738714776933193207e-02 2.244368940591812134e-02 1.565517857670783997e-02 0.000000000000000000e+00 0.000000000000000000e+00 
2.870832979679107666e-01 2.776985168457031250e-01 3.205565810203552246e-01 3.435034751892089844e-01 3.311528861522674561e-01 3.204503059387207031e-01 3.450857400894165039e-01 3.413262367248535156e-01 4.001638591289520264e-01 3.935368955135345459e-01 4.582082331180572510e-01 4.262319207191467285e-01 5.190754532814025879e-01 5.205603241920471191e-01 6.666364669799804688e-01 7.471678256988525391e-01 6.780604124069213867e-01 7.906594872474670410e-01 8.348249793052673340e-01 8.331335783004760742e-01 8.956030607223510742e-01 8.928388953208923340e-01 0.000000000000000000e+00 0.000000000000000000e+00 
2.367128431797027588e-02 3.323750570416450500e-02 3.362004831433296204e-02 3.506888449192047119e-02 3.494271263480186462e-02 3.418420255184173584e-02 3.535010293126106262e-02 3.563698008656501770e-02 3.564798086881637573e-02 3.667343035340309143e-02 3.796996548771858215e-02 3.654260188341140747e-02 3.736199438571929932e-02 3.692492842674255371e-02 3.509750589728355408e-02 3.215538337826728821e-02 3.446537256240844727e-02 3.011826239526271820e-02 2.747840806841850281e-02 2.726985141634941101e-02 2.233523875474929810e-02 1.551880780607461929e-02 0.000000000000000000e+00 0.000000000000000000e+00 
2.877762317657470703e-01 2.785758376121520996e-01 3.216889798641204834e-01 3.445463478565216064e-01 3.325887322425842285e-01 3.216944336891174316e-01 3.469947874546051025e-01 3.424263894557952881e-01 4.022098481655120850e-01 3.951519429683685303e-01 4.593285918235778809e-01 4.283453226089477539e-01 5.212180018424987793e-01 5.234757661819458008e-01 6.695984601974487305e-01 7.497444748878479004e-01 6.809744238853454590e-01 7.932420372962951660e-01 8.367947340011596680e-01 8.369352817535400391e-01 8.978087306022644043e-01 8.956251740455627441e-01 0.000000000000000000e+00 0.000000000000000000e+00 
2.374430187046527863e-02 3.337335959076881409e-02 3.376746922731399536e-02 3.517375513911247253e-02 3.508701920509338379e-02 3.434005007147789001e-02 3.547125682234764099e-02 3.571815043687820435e-02 3.576901927590370178e-02 3.681112080812454224e-02 3.806890174746513367e-02 3.666425496339797974e-02 3.743099421262741089e-02 3.701441362500190735e-02 3.511587902903556824e-02 3.212795779109001160e-02 3.436971828341484070e-02 3.005548939108848572e-02 2.741304598748683929e-02 2.716643549501895905e-02 2.217249758541584015e-02 1.533912308514118195e-02 0.000000000000000000e+00 0.000000000000000000e+00 
2.806059122085571289e-01 2.721579968929290771e-01 3.109385669231414795e-01 3.362717926502227783e-01 3.251377642154693604e-01 3.143064677715301514e-01 3.394606113433837891e-01 3.361445665359497070e-01 3.908783495426177979e-01 3.889699280261993408e-01 4.547297060489654541e-01 4.204516410827636719e-01 5.136807560920715332e-01 5.149381160736083984e-01 6.637972593307495117e-01 7.449519634246826172e-01 6.740816235542297363e-01 7.891700863838195801e-01 8.340539932250976562e-01 8.329084515571594238e-01 8.960648775100708008e-01 8.928654789924621582e-01 0.000000000000000000e+00 0.000000000000000000e+00 
2.358913794159889221e-02 3.315988928079605103e-02 3.340581431984901428e-02 3.498397395014762878e-02 3.480049967765808105e-02 3.426355868577957153e-02 3.529405966401100159e-02 3.569464012980461121e-02 3.567233681678771973e-02 3.667482733726501465e-02 3.809430077672004700e-02 3.663224354386329651e-02 3.744599968194961548e-02 3.712198883295059204e-02 3.532254323363304138e-02 3.240574896335601807e-02 3.480826690793037415e-02 3.030829131603240967e-02 2.766422741115093231e-02 2.737947553396224976e-02 2.238053455948829651e-02 1.560799777507781982e-02 0.000000000000000000e+00 0.000000000000000000e+00 
2.828322052955627441e-01 2.742877900600433350e-01 3.147397935390472412e-01 3.390913307666778564e-01 3.283334672451019287e-01 3.172335922718048096e-01 3.428841233253479004e-01 3.383283019065856934e-01 3.957618176937103271e-01 3.921408653259277344e-01 4.567614793777465820e-01 4.242160618305206299e-01 5.177079439163208008e-01 5.199381709098815918e-01 6.680203080177307129e-01 7.484945058822631836e-01 6.784919500350952148e-01 7.925654649734497070e-01 8.364771604537963867e-01 8.374223113059997559e-01 8.985053896903991699e-01 8.961527943611145020e-01 0.000000000000000000e+00 0.000000000000000000e+00 
2.370138093829154968e-02 3.333489224314689636e-02 3.366302326321601868e-02 3.514506667852401733e-02 3.500415012240409851e-02 3.444015607237815857e-02 3.545605018734931946e-02 3.577322885394096375e-02 3.581443056464195251e-02 3.685198724269866943e-02 3.818955644965171814e-02 3.676466643810272217e-02 3.751448914408683777e-02 3.720130771398544312e-02 3.530694916844367981e-02 3.231907635927200317e-02 3.462138399481773376e-02 3.019571118056774139e-02 2.755508199334144592e-02 2.723247930407524109e-02 2.216975390911102295e-02 1.538053341209888458e-02 0.000000000000000000e+00 0.000000000000000000e+00 
2.915981709957122803e-01 2.820965349674224854e-01 3.278233408927917480e-01 3.497015237808227539e-01 3.381494879722595215e-01 3.270854353904724121e-01 3.539697825908660889e-01 3.468469083309173584e-01 4.115946292877197266e-01 4.011122286319732666e-01 4.629051983356475830e-01 4.359119236469268799e-01 5.292029380798339844e-01 5.336455106735229492e-01 6.782099008560180664e-01 7.573609352111816406e-01 6.914421916007995605e-01 8.004559874534606934e-01 8.424729704856872559e-01 8.463084101676940918e-01 9.036904573440551758e-01 9.039523601531982422e-01 0.000000000000000000e+00 0.000000000000000000e+00 
2.398947626352310181e-02 3.375869989395141602e-02 3.430074825882911682e-02 3.552062064409255981e-02 3.552823886275291443e-02 3.473959118127822876e-02 3.585744276642799377e-02 3.593148663640022278e-02 3.614012897014617920e-02 3.719905018806457520e-02 3.830990195274353027e-02 3.697196394205093384e-02 3.761574253439903259e-02 3.724138438701629639e-02 3.514202311635017395e-02 3.198150172829627991e-02 3.397938609123229980e-02 2.988099493086338043e-02 2.712027542293071747e-02 2.695532143115997314e-02 2.162134461104869843e-02 1.477305777370929718e-02 0.000000000000000000e+00 0.000000000000000000e+00 
