4.913435280323028564e-01 8.917088962334673852e-06 -5.705114158871538166e-10 2.429274559290206525e-10 
4.913592934608459473e-01 8.328913281729910523e-06 -2.221790806888890302e-10 2.086874839601904341e-10 
5.218246579170227051e-01 1.068082929123193026e-05 -2.133356546973885770e-10 3.577486362704718204e-10 
5.219141840934753418e-01 9.982320989365689456e-06 8.370174553462561562e-10 3.008299165330186042e-10 
5.202383995056152344e-01 2.150822183466516435e-05 -8.490451897102957446e-09 1.477194921939428696e-09 
5.203954577445983887e-01 2.027326627285219729e-05 -3.166603868010042788e-09 1.237257407638026052e-09 
5.020025968551635742e-01 3.684309558593668044e-05 -3.145913751723128371e-08 4.337342929261467361e-09 
5.023280382156372070e-01 3.498732985462993383e-05 -1.353176504181874407e-08 3.669489156976624145e-09 
5.185395479202270508e-01 5.804646934848278761e-05 -6.971374943987029837e-08 1.100752733407261985e-08 
5.189809203147888184e-01 5.586630868492648005e-05 -3.277769522469498042e-08 9.487591157153474342e-09 
4.869121015071868896e-01 1.484914973843842745e-04 -3.928136891317990376e-07 7.073869312534952769e-08 
4.875389337539672852e-01 1.455234014429152012e-04 -2.288153240215251571e-07 6.310374089935066877e-08 
5.320525169372558594e-01 1.967351563507691026e-04 -5.152975290911854245e-07 1.251284516001760494e-07 
5.328983068466186523e-01 1.907007099362090230e-04 -2.406539465482637752e-07 1.103119728895762819e-07 
4.918348193168640137e-01 3.309749590698629618e-04 -1.073512407856469508e-06 3.384470232958847191e-07 
4.930070042610168457e-01 3.229367139283567667e-04 -6.052608796380809508e-07 3.127026104721153388e-07 
4.937736690044403076e-01 6.320374086499214172e-04 -1.187274392577819526e-06 1.212100414704764262e-06 
4.957033693790435791e-01 6.139118340797722340e-04 -1.849633832762265229e-07 1.128356871049618348e-06 
5.014847517013549805e-01 8.997524855658411980e-04 -1.434726755178417079e-06 2.448360874041100033e-06 
5.041385293006896973e-01 8.752583526074886322e-04 2.889978816256189020e-07 2.313117420271737501e-06 
5.175495147705078125e-01 1.170183881185948849e-03 -1.954086656041909009e-06 4.092053586646215990e-06 
5.212057828903198242e-01 1.143147237598896027e-03 5.912120855100511108e-07 3.837800250039435923e-06 
5.099850296974182129e-01 1.901433570310473442e-03 -9.682327828386405599e-09 1.069710378942545503e-05 
5.150974392890930176e-01 1.856183167546987534e-03 2.437036982883000746e-06 9.959612725651822984e-06 
5.006788969039916992e-01 1.944989897310733795e-03 4.079574409843189642e-06 1.127068480855086818e-05 
5.065266489982604980e-01 1.914368011057376862e-03 7.823501618986483663e-06 1.062900992110371590e-05 
4.643577337265014648e-01 2.185323508456349373e-03 1.304405486735049635e-05 1.417607381881680340e-05 
4.714578092098236084e-01 2.197523601353168488e-03 1.725824404275044799e-05 1.421096112608211115e-05 
4.670933485031127930e-01 2.703218953683972359e-03 2.134298847522586584e-05 2.143690653610974550e-05 
4.758235216140747070e-01 2.730785636231303215e-03 2.628377478686161339e-05 2.183152173529379070e-05 
5.104306936264038086e-01 4.703814163804054260e-03 3.919106893590651453e-05 6.078083970351144671e-05 
5.222781896591186523e-01 4.739815834909677505e-03 3.157695755362510681e-05 6.089017551857978106e-05 
5.152871608734130859e-01 3.555925795808434486e-03 2.259636858070734888e-06 3.557674426701851189e-05 
5.276013016700744629e-01 3.589666448533535004e-03 5.437432719190837815e-06 3.620641655288636684e-05 
5.304560661315917969e-01 4.343482200056314468e-03 -1.554433583805803210e-05 5.229668749962002039e-05 
5.452325940132141113e-01 4.380850121378898621e-03 -1.554223672428634018e-05 5.261247497401200235e-05 
4.672276973724365234e-01 6.325506605207920074e-03 1.200160040752962232e-04 1.099282089853659272e-04 
4.855149984359741211e-01 6.593309342861175537e-03 1.004673540592193604e-04 1.171142357634380460e-04 
5.079507231712341309e-01 5.849611945450305939e-03 1.334402804786805063e-05 9.182473877444863319e-05 
5.276635289192199707e-01 6.008574273437261581e-03 1.839765332078968640e-06 9.640577627578750253e-05 
4.962004423141479492e-01 5.420912988483905792e-03 1.176179648609831929e-05 7.878254837123677135e-05 
5.164258480072021484e-01 5.630219820886850357e-03 2.892597876780200750e-06 8.505294681526720524e-05 
4.932565689086914062e-01 6.915247999131679535e-03 3.116691004834137857e-05 1.251259673153981566e-04 
5.173764824867248535e-01 7.251396309584379196e-03 2.278791043863748200e-06 1.365857315249741077e-04 
5.047337412834167480e-01 8.662457577884197235e-03 4.114782495889812708e-05 1.937682682182639837e-04 
5.327425599098205566e-01 8.896380662918090820e-03 -3.244743857067078352e-05 2.015451027546077967e-04 
4.663439989089965820e-01 1.020413078367710114e-02 1.868180115707218647e-04 2.636764838825911283e-04 
4.971726536750793457e-01 1.100670639425516129e-02 9.980714821722358465e-05 2.975222305394709110e-04 
5.050840377807617188e-01 9.559175930917263031e-03 -2.404695260338485241e-05 2.333813026780262589e-04 
5.369428396224975586e-01 9.648250415921211243e-03 -1.161764594144187868e-04 2.394637704128399491e-04 
4.548269808292388916e-01 1.117888651788234711e-02 2.219211164629086852e-04 3.090283425990492105e-04 
4.898851513862609863e-01 1.214121095836162567e-02 9.745432180352509022e-05 3.546599473338574171e-04 
5.294996500015258789e-01 1.034245081245899200e-02 -1.123098918469622731e-04 2.672021219041198492e-04 
5.642071366310119629e-01 1.023804955184459686e-02 -2.406823186902329326e-04 2.708372485358268023e-04 
4.388935863971710205e-01 1.168679166585206985e-02 2.842331305146217346e-04 3.386621538084000349e-04 
4.770708084106445312e-01 1.276816800236701965e-02 1.118069776566699147e-04 3.871110675390809774e-04 
4.887785017490386963e-01 1.280364952981472015e-02 6.338104140013456345e-05 3.925694909412413836e-04 
5.291166305541992188e-01 1.331518217921257019e-02 -1.549375301692634821e-04 4.227825265843421221e-04 
4.659816920757293701e-01 1.254663243889808655e-02 1.503911189502105117e-04 3.784052387345582247e-04 
5.071045160293579102e-01 1.309262495487928391e-02 -7.499409548472613096e-05 4.088446148671209812e-04 
4.884830415248870850e-01 1.407864782959222794e-02 7.845877553336322308e-05 4.629510222002863884e-04 
5.321668982505798340e-01 1.439232192933559418e-02 -2.204289048677310348e-04 4.887196118943393230e-04 
4.833103418350219727e-01 1.407250016927719116e-02 1.187771194963715971e-04 4.612617776729166508e-04 
5.284593701362609863e-01 1.442257966846227646e-02 -1.872642460511997342e-04 4.879572370555251837e-04 
4.906308650970458984e-01 1.342992670834064484e-02 4.865791197516955435e-05 4.283310263417661190e-04 
5.355296730995178223e-01 1.347550284117460251e-02 -2.378857461735606194e-04 4.373343253973871469e-04 
4.595925509929656982e-01 1.548189576715230942e-02 2.869316085707396269e-04 5.503278807736933231e-04 
5.088260173797607422e-01 1.622262224555015564e-02 -1.120901579270139337e-04 5.943467840552330017e-04 
4.872469604015350342e-01 1.624216698110103607e-02 1.415371370967477560e-04 6.008140044286847115e-04 
5.379107594490051270e-01 1.623860187828540802e-02 -3.446306218393146992e-04 6.106910877861082554e-04 
5.034787654876708984e-01 1.625434122979640961e-02 2.521448914194479585e-05 6.027148338034749031e-04 
5.544481873512268066e-01 1.593333855271339417e-02 -4.475621390156447887e-04 5.995437386445701122e-04 
4.796418845653533936e-01 1.633218862116336823e-02 1.302306336583569646e-04 6.106561631895601749e-04 
5.325085520744323730e-01 1.631773635745048523e-02 -3.737640508916229010e-04 6.206215475685894489e-04 
4.617617726325988770e-01 1.839148253202438354e-02 3.374570223968476057e-04 7.651573978364467621e-04 
5.169835686683654785e-01 1.876471005380153656e-02 -3.176007594447582960e-04 7.915783789940178394e-04 
4.392438530921936035e-01 1.756574213504791260e-02 4.918412305414676666e-04 7.104166434146463871e-04 
4.954404830932617188e-01 1.838793978095054626e-02 -1.413838035659864545e-04 7.525109685957431793e-04 
4.773317873477935791e-01 1.906157284975051880e-02 1.775939163053408265e-04 8.099589613266289234e-04 
5.349689722061157227e-01 1.902436092495918274e-02 -5.170645308680832386e-04 8.191345841623842716e-04 
5.596831440925598145e-01 1.682683266699314117e-02 -5.174677353352308273e-04 6.735629867762327194e-04 
6.141002178192138672e-01 1.511500030755996704e-02 -9.545233915559947491e-04 6.188926054164767265e-04 
4.680911600589752197e-01 1.965605840086936951e-02 3.191469586454331875e-04 8.659926825203001499e-04 
5.290738940238952637e-01 1.974067650735378265e-02 -5.137087428011000156e-04 8.772343280725181103e-04 
4.990504682064056396e-01 1.859288662672042847e-02 -6.184318772284314036e-05 7.778431754559278488e-04 
5.582281947135925293e-01 1.792337000370025635e-02 -7.535335025750100613e-04 7.679775008000433445e-04 
4.700940549373626709e-01 2.017417177557945251e-02 2.570789656601846218e-04 9.033090318553149700e-04 
5.324178338050842285e-01 1.999892108142375946e-02 -6.007478223182260990e-04 9.063036995939910412e-04 
4.626375734806060791e-01 2.030623704195022583e-02 3.550938272383064032e-04 9.250507573597133160e-04 
5.262469649314880371e-01 2.048234827816486359e-02 -5.508430767804384232e-04 9.438194101676344872e-04 
4.505670964717864990e-01 2.017074637115001678e-02 5.145330214872956276e-04 9.234283352270722389e-04 
5.146340727806091309e-01 2.047247625887393951e-02 -4.217759415041655302e-04 9.394911467097699642e-04 
4.659524857997894287e-01 2.089135162532329559e-02 3.311432665213942528e-04 9.697687346488237381e-04 
5.308773517608642578e-01 2.080015651881694794e-02 -6.401892751455307007e-04 9.799479739740490913e-04 
5.304166674613952637e-01 2.057469263672828674e-02 -4.065749235451221466e-04 9.475030237808823586e-04 
5.939999222755432129e-01 1.886062510311603546e-02 -1.196764060296118259e-03 9.017277625389397144e-04 
4.599911272525787354e-01 2.181209996342658997e-02 4.588233132380992174e-04 1.049696467816829681e-03 
5.277132987976074219e-01 2.187062986195087433e-02 -6.422760197892785072e-04 1.069611636921763420e-03 
4.731363356113433838e-01 2.276352979242801666e-02 3.181277716066688299e-04 1.128473435528576374e-03 
5.415113568305969238e-01 2.237687073647975922e-02 -7.624081335961818695e-04 1.128738513216376305e-03 
4.645138978958129883e-01 2.246662788093090057e-02 4.212094936519861221e-04 1.107284217141568661e-03 
5.334364175796508789e-01 2.226757630705833435e-02 -7.153805345296859741e-04 1.115158433094620705e-03 
4.987179040908813477e-01 2.377363853156566620e-02 -1.393542788719059899e-05 1.224486273713409901e-03 
5.682591199874877930e-01 2.251634746789932251e-02 -1.155603211373090744e-03 1.190496492199599743e-03 
4.637100100517272949e-01 2.204607985913753510e-02 3.839531273115426302e-04 1.070567988790571690e-03 
5.321654677391052246e-01 2.195204049348831177e-02 -6.481916061602532864e-04 1.086821197532117367e-03 
4.401731789112091064e-01 2.384472079575061798e-02 8.539750706404447556e-04 1.259633572772145271e-03 
5.125945210456848145e-01 2.426810376346111298e-02 -4.674043739214539528e-04 1.282306853681802750e-03 
4.471772015094757080e-01 2.429724670946598053e-02 7.406659424304962158e-04 1.295792520977556705e-03 
5.210167765617370605e-01 2.485406026244163513e-02 -5.989120109006762505e-04 1.346947276033461094e-03 
4.932785928249359131e-01 2.453077211976051331e-02 3.579137774067930877e-05 1.295137335546314716e-03 
5.665324926376342773e-01 2.316789515316486359e-02 -1.259589102119207382e-03 1.262803212739527225e-03 
4.634283483028411865e-01 2.493507415056228638e-02 5.415410269051790237e-04 1.349014113657176495e-03 
5.383844375610351562e-01 2.478417567908763885e-02 -8.234633132815361023e-04 1.360036665573716164e-03 
4.931862950325012207e-01 2.562996745109558105e-02 7.806806388543918729e-05 1.400052802637219429e-03 
5.684896707534790039e-01 2.431362308561801910e-02 -1.367349410429596901e-03 1.377168577164411545e-03 
4.778751432895660400e-01 2.655964344739913940e-02 4.166703729424625635e-04 1.494169584475457668e-03 
5.554971098899841309e-01 2.588531188666820526e-02 -1.177455880679190159e-03 1.497894641943275928e-03 
4.624486267566680908e-01 2.624417282640933990e-02 6.241002120077610016e-04 1.481029321439564228e-03 
5.401276350021362305e-01 2.613299712538719177e-02 -9.273759205825626850e-04 1.498529338277876377e-03 
5.021601319313049316e-01 2.680347673594951630e-02 -1.064031312125734985e-04 1.540095545351505280e-03 
5.792421102523803711e-01 2.484114281833171844e-02 -1.523920567706227303e-03 1.465291716158390045e-03 
4.656631946563720703e-01 2.775825187563896179e-02 6.542342598550021648e-04 1.622524927370250225e-03 
5.461011528968811035e-01 2.737668715417385101e-02 -1.072649494744837284e-03 1.632624771445989609e-03 
4.767754673957824707e-01 2.731944806873798370e-02 3.866888873744755983e-04 1.580156269483268261e-03 
5.578309297561645508e-01 2.647198550403118134e-02 -1.312791951932013035e-03 1.576178474351763725e-03 
4.730741381645202637e-01 2.715685963630676270e-02 4.202256677672266960e-04 1.567448023706674576e-03 
5.539636611938476562e-01 2.641504444181919098e-02 -1.258688163943588734e-03 1.568623003549873829e-03 
4.354321956634521484e-01 2.733209915459156036e-02 1.190000097267329693e-03 1.647987519390881062e-03 
5.182282328605651855e-01 2.797999978065490723e-02 -6.004878669045865536e-04 1.670345198363065720e-03 
4.755575060844421387e-01 2.722481451928615570e-02 4.340049054007977247e-04 1.568652340210974216e-03 
5.578186511993408203e-01 2.644846960902214050e-02 -1.263226033188402653e-03 1.561599085107445717e-03 
4.566882848739624023e-01 2.956300228834152222e-02 9.068681392818689346e-04 1.856888993643224239e-03 
5.443083047866821289e-01 2.942619472742080688e-02 -1.203843625262379646e-03 1.872122520580887794e-03 
4.726186990737915039e-01 2.892855741083621979e-02 5.423907423391938210e-04 1.760182320140302181e-03 
5.581321716308593750e-01 2.812936529517173767e-02 -1.391972298733890057e-03 1.757174730300903320e-03 
5.261500477790832520e-01 2.922443300485610962e-02 -6.163308280520141125e-04 1.799701363779604435e-03 
6.099528670310974121e-01 2.630007266998291016e-02 -2.298878971487283707e-03 1.731502357870340347e-03 
4.266232848167419434e-01 2.740800380706787109e-02 1.299899304285645485e-03 1.673579448834061623e-03 
5.116698145866394043e-01 2.879381552338600159e-02 -5.286809755489230156e-04 1.754113822244107723e-03 
4.269989728927612305e-01 2.822999283671379089e-02 1.384740346111357212e-03 1.766985980793833733e-03 
5.146444439888000488e-01 2.929573692381381989e-02 -5.987010081298649311e-04 1.820000936277210712e-03 
4.022356271743774414e-01 2.793995290994644165e-02 1.882423879578709602e-03 1.808074535802006721e-03 
4.903311729431152344e-01 3.023148700594902039e-02 -4.158230149187147617e-05 1.903026481159031391e-03 
4.780892431735992432e-01 3.111566416919231415e-02 4.392720002215355635e-04 2.007611328735947609e-03 
5.693924427032470703e-01 2.986985817551612854e-02 -1.820466946810483932e-03 2.004977315664291382e-03 
5.146637558937072754e-01 3.130120784044265747e-02 -3.401688300073146820e-04 2.021071501076221466e-03 
6.039652228355407715e-01 2.856952138245105743e-02 -2.403997816145420074e-03 1.968194032087922096e-03 
4.733580350875854492e-01 3.215880319476127625e-02 5.445392453111708164e-04 2.119624288752675056e-03 
5.656032562255859375e-01 3.067435324192047119e-02 -1.865522819571197033e-03 2.097826916724443436e-03 
4.459327459335327148e-01 3.063202649354934692e-02 1.160942949354648590e-03 2.004225505515933037e-03 
5.376847386360168457e-01 3.101578168570995331e-02 -1.158123835921287537e-03 2.042512875050306320e-03 
4.786572158336639404e-01 3.118165954947471619e-02 4.396736912894994020e-04 2.011795761063694954e-03 
5.705247521400451660e-01 2.970460429787635803e-02 -1.811535446904599667e-03 1.986607909202575684e-03 
4.571063816547393799e-01 3.189852461218833923e-02 1.014244742691516876e-03 2.137061441317200661e-03 
5.514008998870849609e-01 3.171736374497413635e-02 -1.493454328738152981e-03 2.159244613721966743e-03 
4.713692963123321533e-01 3.340600430965423584e-02 6.559243774972856045e-04 2.269049640744924545e-03 
5.671206116676330566e-01 3.231373056769371033e-02 -1.956621650606393814e-03 2.283039968460798264e-03 
4.307129979133605957e-01 3.102501295506954193e-02 1.668386859819293022e-03 2.114312956109642982e-03 
5.247834920883178711e-01 3.226612880825996399e-02 -7.322735036723315716e-04 2.178045222535729408e-03 
4.645772576332092285e-01 3.240191563963890076e-02 8.505013538524508476e-04 2.175905741751194000e-03 
5.602169036865234375e-01 3.169025480747222900e-02 -1.715272781439125538e-03 2.184604760259389877e-03 
4.375928044319152832e-01 3.185641765594482422e-02 1.449806499294936657e-03 2.169716404750943184e-03 
5.333618521690368652e-01 3.245153650641441345e-02 -1.137781771831214428e-03 2.205729484558105469e-03 
4.281117320060729980e-01 3.210974484682083130e-02 1.693326863460242748e-03 2.226478885859251022e-03 
5.246720910072326660e-01 3.338478878140449524e-02 -9.006970212794840336e-04 2.295330865308642387e-03 
4.449510276317596436e-01 3.320409357547760010e-02 1.485010958276689053e-03 2.329946961253881454e-03 
5.434013605117797852e-01 3.381000086665153503e-02 -1.362898852676153183e-03 2.389088738709688187e-03 
4.593924880027770996e-01 3.267803043127059937e-02 1.030769897624850273e-03 2.227391581982374191e-03 
5.564502477645874023e-01 3.236313536763191223e-02 -1.644451636821031570e-03 2.256787149235606194e-03 
4.454472661018371582e-01 3.380431979894638062e-02 1.509616966359317303e-03 2.406456042081117630e-03 
5.452366471290588379e-01 3.415300697088241577e-02 -1.382844871841371059e-03 2.439064905047416687e-03 
4.410951435565948486e-01 3.392875939607620239e-02 1.603633165359497070e-03 2.432663459330797195e-03 
5.421227216720581055e-01 3.456373512744903564e-02 -1.424441230483353138e-03 2.491020597517490387e-03 
4.464279711246490479e-01 3.522080928087234497e-02 1.579923904500901699e-03 2.586533548310399055e-03 
5.481343865394592285e-01 3.550095111131668091e-02 -1.579184550791978836e-03 2.610857598483562469e-03 
4.629336595535278320e-01 3.457388654351234436e-02 1.203428138978779316e-03 2.477742498740553856e-03 
5.647919774055480957e-01 3.427949547767639160e-02 -1.885293633677065372e-03 2.522815251722931862e-03 
4.158291518688201904e-01 3.356347605586051941e-02 2.364445943385362625e-03 2.481583971530199051e-03 
5.182822942733764648e-01 3.566090762615203857e-02 -6.725259590893983841e-04 2.575001446530222893e-03 
4.646468460559844971e-01 3.583953529596328735e-02 1.095246989279985428e-03 2.602572552859783173e-03 
5.679454803466796875e-01 3.490471839904785156e-02 -2.085302490741014481e-03 2.610521158203482628e-03 
4.378527402877807617e-01 3.575111925601959229e-02 1.883358112536370754e-03 2.675852738320827484e-03 
5.417834520339965820e-01 3.658303618431091309e-02 -1.419347478076815605e-03 2.736072055995464325e-03 
4.745949506759643555e-01 3.637506440281867981e-02 8.757100440561771393e-04 2.671139314770698547e-03 
5.783351659774780273e-01 3.512750566005706787e-02 -2.430879045277833939e-03 2.687083091586828232e-03 
4.480982124805450439e-01 3.570410236716270447e-02 1.664926181547343731e-03 2.638171659782528877e-03 
5.519214272499084473e-01 3.614936396479606628e-02 -1.647054799832403660e-03 2.693256130442023277e-03 
4.458544254302978516e-01 3.590333834290504456e-02 1.599085982888936996e-03 2.657688688486814499e-03 
5.498140454292297363e-01 3.621631488204002380e-02 -1.777513418346643448e-03 2.718626754358410835e-03 
4.287811815738677979e-01 3.615564852952957153e-02 2.076721983030438423e-03 2.735426649451255798e-03 
5.339536070823669434e-01 3.731055557727813721e-02 -1.346333418041467667e-03 2.818967914208769798e-03 
4.436984360218048096e-01 3.634450584650039673e-02 1.747860107570886612e-03 2.728538820520043373e-03 
5.484567284584045410e-01 3.687684237957000732e-02 -1.678350497968494892e-03 2.793243387714028358e-03 
4.260324239730834961e-01 3.614645078778266907e-02 2.302569337189197540e-03 2.779119182378053665e-03 
5.321697592735290527e-01 3.801653161644935608e-02 -1.247462467290461063e-03 2.889505587518215179e-03 
4.802814722061157227e-01 3.929816558957099915e-02 7.373783155344426632e-04 3.018964314833283424e-03 
5.867572426795959473e-01 3.705637529492378235e-02 -2.940098289400339127e-03 2.996142022311687469e-03 
4.389315545558929443e-01 3.675696998834609985e-02 1.949655474163591862e-03 2.795837353914976120e-03 
5.448858737945556641e-01 3.760823607444763184e-02 -1.519775949418544769e-03 2.863474655896425247e-03 
4.435801506042480469e-01 3.821860253810882568e-02 1.963000278919935226e-03 2.994955051690340042e-03 
5.515528321266174316e-01 3.879831358790397644e-02 -1.871816348284482956e-03 3.049174789339303970e-03 
4.404032528400421143e-01 3.613175079226493835e-02 1.901734503917396069e-03 2.711079781875014305e-03 
5.463017225265502930e-01 3.697628527879714966e-02 -1.508571906015276909e-03 2.780050039291381836e-03 
4.315948486328125000e-01 3.750596195459365845e-02 2.308805938810110092e-03 2.936396514996886253e-03 
5.388676524162292480e-01 3.894313797354698181e-02 -1.373744686134159565e-03 3.005077596753835678e-03 
4.357782006263732910e-01 3.763037919998168945e-02 2.307659713551402092e-03 2.955418080091476440e-03 
5.439750552177429199e-01 3.936569765210151672e-02 -1.536728814244270325e-03 3.064021235331892967e-03 
4.346979558467864990e-01 3.791857883334159851e-02 2.279558684676885605e-03 2.974545583128929138e-03 
5.435334444046020508e-01 3.927236422896385193e-02 -1.501519931480288506e-03 3.072670195251703262e-03 
4.342494904994964600e-01 3.748606517910957336e-02 2.287240233272314072e-03 2.934041665866971016e-03 
5.423400402069091797e-01 3.874283283948898315e-02 -1.429226947948336601e-03 2.996995346620678902e-03 
4.337354600429534912e-01 3.800004348158836365e-02 2.376482822000980377e-03 3.005803795531392097e-03 
5.437301397323608398e-01 3.938480466604232788e-02 -1.529645989648997784e-03 3.094407962635159492e-03 
4.548300802707672119e-01 3.942190855741500854e-02 1.737164449878036976e-03 3.107214346528053284e-03 
5.660500526428222656e-01 3.927523270249366760e-02 -2.421528100967407227e-03 3.177004633471369743e-03 
4.215784668922424316e-01 3.787819668650627136e-02 2.787540201097726822e-03 3.060349496081471443e-03 
5.315671563148498535e-01 4.007821902632713318e-02 -9.904489852488040924e-04 3.148605348542332649e-03 
4.578243494033813477e-01 4.046332091093063354e-02 1.638037152588367462e-03 3.260672558099031448e-03 
5.686207413673400879e-01 3.999859839677810669e-02 -2.515820553526282310e-03 3.289406187832355499e-03 
4.492034316062927246e-01 4.020024091005325317e-02 2.012919867411255836e-03 3.235604846850037575e-03 
5.602701306343078613e-01 4.038443416357040405e-02 -2.187054371461272240e-03 3.291041590273380280e-03 
4.335475862026214600e-01 4.021923243999481201e-02 2.589550800621509552e-03 3.329774131998419762e-03 
5.459407567977905273e-01 4.146410524845123291e-02 -1.733682001940906048e-03 3.387244185432791710e-03 
4.657246768474578857e-01 4.119699075818061829e-02 1.552386209368705750e-03 3.316702554002404213e-03 
5.778478384017944336e-01 4.035595059394836426e-02 -2.852038014680147171e-03 3.361859126016497612e-03 
4.498366415500640869e-01 4.086616635322570801e-02 2.141343895345926285e-03 3.329662838950753212e-03 
5.625792741775512695e-01 4.112879931926727295e-02 -2.196206012740731239e-03 3.373618703335523605e-03 
4.299046099185943604e-01 3.966804593801498413e-02 2.734418027102947235e-03 3.269511973485350609e-03 
5.425759553909301758e-01 4.129933565855026245e-02 -1.591489301063120365e-03 3.337306436151266098e-03 
4.251876473426818848e-01 3.936978057026863098e-02 2.895195968449115753e-03 3.242095932364463806e-03 
5.373932123184204102e-01 4.143197089433670044e-02 -1.366577809676527977e-03 3.323802491649985313e-03 
4.384368658065795898e-01 3.962945193052291870e-02 2.464489080011844635e-03 3.237928962334990501e-03 
5.514387488365173340e-01 4.057633131742477417e-02 -1.835241680964827538e-03 3.268463537096977234e-03 
4.404981136322021484e-01 3.999736532568931580e-02 2.369885798543691635e-03 3.249354660511016846e-03 
5.537431836128234863e-01 4.087227210402488708e-02 -1.829138142056763172e-03 3.314243163913488388e-03 
4.240241944789886475e-01 4.039240628480911255e-02 3.051568986847996712e-03 3.375770989805459976e-03 
5.373818278312683105e-01 4.192950576543807983e-02 -1.519218785688281059e-03 3.416229970753192902e-03 
4.424332380294799805e-01 4.147546365857124329e-02 2.514342777431011200e-03 3.472794778645038605e-03 
5.581640005111694336e-01 4.175969213247299194e-02 -2.223838586360216141e-03 3.473856719210743904e-03 
4.041721224784851074e-01 3.951377794146537781e-02 3.613149514421820641e-03 3.388453274965286255e-03 
5.186446905136108398e-01 4.298847541213035583e-02 -6.842154543846845627e-04 3.502385923638939857e-03 
4.347922205924987793e-01 4.008347541093826294e-02 2.538707572966814041e-03 3.277165815234184265e-03 
5.469727516174316406e-01 4.086191579699516296e-02 -1.830107416026294231e-03 3.295991104096174240e-03 
4.193825721740722656e-01 4.118115082383155823e-02 3.185222856700420380e-03 3.526074811816215515e-03 
5.353210568428039551e-01 4.347925633192062378e-02 -1.392835285514593124e-03 3.618516260758042336e-03 
4.311889410018920898e-01 4.250974580645561218e-02 2.884100424125790596e-03 3.657364752143621445e-03 
5.470597147941589355e-01 4.365735501050949097e-02 -1.957001863047480583e-03 3.703576978296041489e-03 
4.168339371681213379e-01 4.155379533767700195e-02 3.373331390321254730e-03 3.607281250879168510e-03 
5.333251357078552246e-01 4.384865239262580872e-02 -1.486622728407382965e-03 3.681800328195095062e-03 
4.375145435333251953e-01 4.223606362938880920e-02 2.500633476302027702e-03 3.576610703021287918e-03 
5.543426871299743652e-01 4.279235005378723145e-02 -2.171168103814125061e-03 3.627971513196825981e-03 
4.587053656578063965e-01 4.276513680815696716e-02 1.826442312449216843e-03 3.585331374779343605e-03 
5.750261545181274414e-01 4.141134768724441528e-02 -2.972982125356793404e-03 3.554353024810552597e-03 
4.086617231369018555e-01 4.218444228172302246e-02 3.755457233637571335e-03 3.746856003999710083e-03 
5.269781351089477539e-01 4.466415196657180786e-02 -1.216704375110566616e-03 3.790889168158173561e-03 
4.479132890701293945e-01 4.410189017653465271e-02 2.433456713333725929e-03 3.827869892120361328e-03 
5.650042295455932617e-01 4.402403905987739563e-02 -2.628704300150275230e-03 3.841673489660024643e-03 
4.308806955814361572e-01 4.201748967170715332e-02 2.879622159525752068e-03 3.581909462809562683e-03 
5.476511716842651367e-01 4.309038445353507996e-02 -1.902707968838512897e-03 3.615542082116007805e-03 
4.665621221065521240e-01 4.486126080155372620e-02 1.686365460045635700e-03 3.851871006190776825e-03 
5.843716263771057129e-01 4.276434704661369324e-02 -3.426091978326439857e-03 3.799869446083903313e-03 
4.608040750026702881e-01 4.395862296223640442e-02 2.023650798946619034e-03 3.741005901247262955e-03 
5.788843631744384766e-01 4.235735535621643066e-02 -3.093936480581760406e-03 3.693272126838564873e-03 
4.230641126632690430e-01 4.339163005352020264e-02 3.519678022712469101e-03 3.847756423056125641e-03 
5.427156090736389160e-01 4.521243274211883545e-02 -1.833841670304536819e-03 3.880049334838986397e-03 
4.521667957305908203e-01 4.497478529810905457e-02 2.387968823313713074e-03 3.907727077603340149e-03 
5.709066390991210938e-01 4.415791109204292297e-02 -2.987386425957083702e-03 3.902436466887593269e-03 
4.447118639945983887e-01 4.428878799080848694e-02 2.661689417436718941e-03 3.857097122818231583e-03 
5.634928941726684570e-01 4.408996924757957458e-02 -2.606593072414398193e-03 3.822878934442996979e-03 
4.147918820381164551e-01 4.370976984500885010e-02 3.923825919628143311e-03 3.977154847234487534e-03 
5.354728698730468750e-01 4.609870910644531250e-02 -1.514879171736538410e-03 3.986651077866554260e-03 
4.459996521472930908e-01 4.424828663468360901e-02 2.632153220474720001e-03 3.839757759124040604e-03 
5.647048950195312500e-01 4.401588067412376404e-02 -2.619791775941848755e-03 3.803052939474582672e-03 
4.504301249980926514e-01 4.679924622178077698e-02 2.655664691701531410e-03 4.209542181342840195e-03 
5.734289884567260742e-01 4.595928639173507690e-02 -3.219292964786291122e-03 4.165265709161758423e-03 
4.340362250804901123e-01 4.539239406585693359e-02 3.308458253741264343e-03 4.093187861144542694e-03 
5.565223693847656250e-01 4.614911600947380066e-02 -2.399794291704893112e-03 4.077451303601264954e-03 
4.514153003692626953e-01 4.571554064750671387e-02 2.435545437037944794e-03 4.036289639770984650e-03 
5.727220773696899414e-01 4.473406821489334106e-02 -3.153600497171282768e-03 3.999077249318361282e-03 
4.437270164489746094e-01 4.540162906050682068e-02 2.644141903147101402e-03 4.010836593806743622e-03 
5.638055801391601562e-01 4.525474458932876587e-02 -2.827275777235627174e-03 4.023330286145210266e-03 
4.475573301315307617e-01 4.516597092151641846e-02 2.568522002547979355e-03 3.974426537752151489e-03 
5.673270821571350098e-01 4.487600550055503845e-02 -2.926359884440898895e-03 3.960599191486835480e-03 
4.336478114128112793e-01 4.473212733864784241e-02 3.128687152639031410e-03 3.974566236138343811e-03 
5.554523468017578125e-01 4.558420553803443909e-02 -2.373852767050266266e-03 4.011894576251506805e-03 
4.315871000289916992e-01 4.574986174702644348e-02 3.438219660893082619e-03 4.161206539720296860e-03 
5.544950962066650391e-01 4.651800170540809631e-02 -2.414657035842537880e-03 4.141584038734436035e-03 
4.334759712219238281e-01 4.474992305040359497e-02 3.095190972089767456e-03 3.979265224188566208e-03 
5.540962219238281250e-01 4.533790051937103271e-02 -2.307905815541744232e-03 3.957969136536121368e-03 
4.554888308048248291e-01 4.619367048144340515e-02 2.322745043784379959e-03 4.069541580975055695e-03 
5.782548785209655762e-01 4.440207034349441528e-02 -3.333179047331213951e-03 3.999799489974975586e-03 
4.127978980541229248e-01 4.512372985482215881e-02 4.035272635519504547e-03 4.168821964412927628e-03 
5.352214574813842773e-01 4.698791354894638062e-02 -1.703115063719451427e-03 4.132628906518220901e-03 
4.353218078613281250e-01 4.766403138637542725e-02 3.318847855553030968e-03 4.418930504471063614e-03 
5.602743625640869141e-01 4.770992323756217957e-02 -2.841714769601821899e-03 4.382192157208919525e-03 
4.529454410076141357e-01 4.690818861126899719e-02 2.432459732517600060e-03 4.198887385427951813e-03 
5.761286020278930664e-01 4.555400088429450989e-02 -3.371451050043106079e-03 4.149144981056451797e-03 
4.284616708755493164e-01 4.593950137495994568e-02 3.402929985895752907e-03 4.187217913568019867e-03 
5.513225197792053223e-01 4.660004004836082458e-02 -2.386187901720404625e-03 4.148241132497787476e-03 
4.444997012615203857e-01 4.640512540936470032e-02 2.869661897420883179e-03 4.189615137875080109e-03 
5.670602321624755859e-01 4.592731595039367676e-02 -2.959776902571320534e-03 4.125856328755617142e-03 
4.228464066982269287e-01 4.661416634917259216e-02 3.818252589553594589e-03 4.341577645391225815e-03 
5.477349758148193359e-01 4.780118167400360107e-02 -2.215963089838624001e-03 4.312172997742891312e-03 
4.583921134471893311e-01 4.733889549970626831e-02 2.314951270818710327e-03 4.243837203830480576e-03 
5.825343728065490723e-01 4.537680000066757202e-02 -3.644265234470367432e-03 4.151489119976758957e-03 
4.644675850868225098e-01 4.855485260486602783e-02 2.103518694639205933e-03 4.413623828440904617e-03 
5.891045928001403809e-01 4.607143625617027283e-02 -3.929854836314916611e-03 4.308924078941345215e-03 
4.138618409633636475e-01 4.791075363755226135e-02 4.610518924891948700e-03 4.673310555517673492e-03 
5.391196608543395996e-01 5.029788985848426819e-02 -1.931753591634333134e-03 4.641226027160882950e-03 
4.288410842418670654e-01 4.753288254141807556e-02 3.738216357305645943e-03 4.456472117453813553e-03 
5.537021756172180176e-01 4.841243103146553040e-02 -2.488828962668776512e-03 4.411587025970220566e-03 
4.337925910949707031e-01 4.716217890381813049e-02 3.553646150976419449e-03 4.350655246526002884e-03 
5.581863522529602051e-01 4.753590375185012817e-02 -2.526231110095977783e-03 4.297471605241298676e-03 
4.340738952159881592e-01 4.864250868558883667e-02 3.483689855784177780e-03 4.585641901940107346e-03 
5.603289008140563965e-01 4.885472729802131653e-02 -3.002136247232556343e-03 4.553901497274637222e-03 
4.500040113925933838e-01 4.932873696088790894e-02 2.864589449018239975e-03 4.595613107085227966e-03 
5.744820833206176758e-01 4.829113185405731201e-02 -3.580760443583130836e-03 4.534716717898845673e-03 
5.032556056976318359e-01 4.857098683714866638e-02 4.300035361666232347e-04 4.298520274460315704e-03 
6.237546205520629883e-01 4.321799427270889282e-02 -4.955839831382036209e-03 4.155612550675868988e-03 
4.186453223228454590e-01 4.831854626536369324e-02 4.352128133177757263e-03 4.660025238990783691e-03 
5.453128218650817871e-01 5.013108253479003906e-02 -2.241920214146375656e-03 4.635100252926349640e-03 
4.436593651771545410e-01 4.839079454541206360e-02 3.215884789824485779e-03 4.497958812862634659e-03 
5.684895515441894531e-01 4.797259345650672913e-02 -3.102901624515652657e-03 4.420824348926544189e-03 
4.534557461738586426e-01 4.947395622730255127e-02 2.782287308946251869e-03 4.586631432175636292e-03 
5.797432065010070801e-01 4.809025302529335022e-02 -3.687855321913957596e-03 4.518759902566671371e-03 
4.618326425552368164e-01 4.940892755985260010e-02 2.266465686261653900e-03 4.534984938800334930e-03 
5.870733261108398438e-01 4.700466245412826538e-02 -3.990292083472013474e-03 4.444769117981195450e-03 
4.721040725708007812e-01 4.991353675723075867e-02 1.890516839921474457e-03 4.579918924719095230e-03 
5.982829928398132324e-01 4.674541950225830078e-02 -4.424029029905796051e-03 4.480716772377490997e-03 
4.014819562435150146e-01 4.882366210222244263e-02 5.109613761305809021e-03 4.874104633927345276e-03 
5.286260247230529785e-01 5.197501927614212036e-02 -1.572108594700694084e-03 4.847287666052579880e-03 
4.041110575199127197e-01 4.794916883111000061e-02 4.870890639722347260e-03 4.691278096288442612e-03 
5.292191505432128906e-01 5.105976015329360962e-02 -1.420976244844496250e-03 4.712212830781936646e-03 
4.594723582267761230e-01 5.149877071380615234e-02 2.556047867983579636e-03 4.864593036472797394e-03 
5.869929790496826172e-01 4.901042953133583069e-02 -4.248633980751037598e-03 4.778158385306596756e-03 
4.549008607864379883e-01 4.963931068778038025e-02 2.727475250139832497e-03 4.595557693392038345e-03 
5.804822444915771484e-01 4.787821322679519653e-02 -3.681816393509507179e-03 4.501073155552148819e-03 
4.383483529090881348e-01 5.081479623913764954e-02 3.540375968441367149e-03 4.870561882853507996e-03 
5.661161541938781738e-01 5.026042088866233826e-02 -3.373975167050957680e-03 4.788389895111322403e-03 
4.720781147480010986e-01 5.072424188256263733e-02 1.890936866402626038e-03 4.711581859737634659e-03 
5.976961851119995117e-01 4.764048755168914795e-02 -4.505096934735774994e-03 4.625831265002489090e-03 
4.310295581817626953e-01 5.122441425919532776e-02 4.241448361426591873e-03 5.029359366744756699e-03 
5.599036216735839844e-01 5.180204287171363831e-02 -2.927570138126611710e-03 4.948254209011793137e-03 
4.386095702648162842e-01 5.135924741625785828e-02 3.647517180070281029e-03 4.980318248271942139e-03 
5.670751333236694336e-01 5.109126120805740356e-02 -3.348513506352901459e-03 4.908004775643348694e-03 
4.427580535411834717e-01 5.105742067098617554e-02 3.481400199234485626e-03 4.886960610747337341e-03 
5.697517395019531250e-01 5.042245984077453613e-02 -3.450400661677122116e-03 4.801322706043720245e-03 
4.504809379577636719e-01 4.998508840799331665e-02 2.853517187759280205e-03 4.680968821048736572e-03 
5.771389603614807129e-01 4.867327585816383362e-02 -3.658013418316841125e-03 4.611484240740537643e-03 
4.549400806427001953e-01 5.165582895278930664e-02 2.744458615779876709e-03 4.919297061860561371e-03 
5.826936960220336914e-01 4.990766569972038269e-02 -4.103628452867269516e-03 4.845194518566131592e-03 
4.063419103622436523e-01 5.158092454075813293e-02 5.360612645745277405e-03 5.314226262271404266e-03 
5.371082425117492676e-01 5.416099727153778076e-02 -2.198487520217895508e-03 5.253190174698829651e-03 
4.444603621959686279e-01 5.140268430113792419e-02 3.414100036025047302e-03 4.959964659065008163e-03 
5.730266571044921875e-01 5.072796717286109924e-02 -3.671090118587017059e-03 4.898536950349807739e-03 
4.206671118736267090e-01 4.926492646336555481e-02 4.237353336066007614e-03 4.781459923833608627e-03 
5.485698580741882324e-01 5.068399384617805481e-02 -2.509053563699126244e-03 4.747743718326091766e-03 
4.601360261440277100e-01 5.520071461796760559e-02 2.768203150480985641e-03 5.505594424903392792e-03 
5.919684171676635742e-01 5.260320380330085754e-02 -4.887739662081003189e-03 5.419854540377855301e-03 
4.498835504055023193e-01 5.206375569105148315e-02 2.946821274235844612e-03 5.011616740375757217e-03 
5.790221095085144043e-01 5.016563087701797485e-02 -4.014983307570219040e-03 4.922073800116777420e-03 
4.317822754383087158e-01 5.231095105409622192e-02 4.020755179226398468e-03 5.178339313715696335e-03 
5.616971850395202637e-01 5.249062180519104004e-02 -3.273607697337865829e-03 5.109820514917373657e-03 
4.649305939674377441e-01 5.379597470164299011e-02 2.402262995019555092e-03 5.229813046753406525e-03 
5.948936939239501953e-01 5.054809525609016418e-02 -4.819188266992568970e-03 5.121194291859865189e-03 
4.525838196277618408e-01 5.333716422319412231e-02 2.890940755605697632e-03 5.217819940298795700e-03 
5.828667283058166504e-01 5.127232521772384644e-02 -4.371019545942544937e-03 5.140056367963552475e-03 
4.393109381198883057e-01 5.175614356994628906e-02 3.588492982089519501e-03 5.042354576289653778e-03 
5.702507495880126953e-01 5.108259245753288269e-02 -3.641006536781787872e-03 4.955475684255361557e-03 
4.373494386672973633e-01 5.202989652752876282e-02 3.640662180259823799e-03 5.085968412458896637e-03 
5.674420595169067383e-01 5.142173171043395996e-02 -3.511400194838643074e-03 4.990527871996164322e-03 
4.527973532676696777e-01 5.217254534363746643e-02 2.939855447039008141e-03 5.018790718168020248e-03 
5.833050608634948730e-01 5.005938932299613953e-02 -4.191455896943807602e-03 4.902652464807033539e-03 
4.460226595401763916e-01 5.269403010606765747e-02 3.149236785247921944e-03 5.158018786460161209e-03 
5.760921239852905273e-01 5.145578086376190186e-02 -4.013196565210819244e-03 5.085117649286985397e-03 
4.148534834384918213e-01 5.259849131107330322e-02 4.963204264640808105e-03 5.386276636272668839e-03 
5.464740395545959473e-01 5.445969849824905396e-02 -2.652825322002172470e-03 5.336472764611244202e-03 
4.229930341243743896e-01 5.203092843294143677e-02 4.393012262880802155e-03 5.212272983044385910e-03 
5.544469356536865234e-01 5.280811339616775513e-02 -2.973247785121202469e-03 5.123042035847902298e-03 
4.414755403995513916e-01 5.081370100378990173e-02 3.345589619129896164e-03 4.881437867879867554e-03 
5.699930191040039062e-01 5.005940049886703491e-02 -3.385622519999742508e-03 4.763444419950246811e-03 
4.467675089836120605e-01 5.389527231454849243e-02 3.414175473153591156e-03 5.341849755495786667e-03 
5.784730315208435059e-01 5.233835801482200623e-02 -4.132076632231473923e-03 5.218836478888988495e-03 
4.509822130203247070e-01 5.302958562970161438e-02 2.992643974721431732e-03 5.169342271983623505e-03 
5.797724127769470215e-01 5.147789046168327332e-02 -4.253065679222345352e-03 5.106532480567693710e-03 
4.156085550785064697e-01 4.999548196792602539e-02 4.525487776845693588e-03 4.932975862175226212e-03 
5.448293089866638184e-01 5.140625312924385071e-02 -2.371197333559393883e-03 4.855640698224306107e-03 
4.220453500747680664e-01 5.222039669752120972e-02 4.482994787395000458e-03 5.252496339380741119e-03 
5.548581480979919434e-01 5.298066511750221252e-02 -2.995753893628716469e-03 5.155165214091539383e-03 
4.417840540409088135e-01 5.257479473948478699e-02 3.509941045194864273e-03 5.148678086698055267e-03 
5.728315114974975586e-01 5.149846151471138000e-02 -3.788563422858715057e-03 5.039429757744073868e-03 
4.334404170513153076e-01 5.282382667064666748e-02 3.791267983615398407e-03 5.241956561803817749e-03 
5.649275779724121094e-01 5.271983519196510315e-02 -3.644542535766959190e-03 5.210557952523231506e-03 
4.611451625823974609e-01 5.478043854236602783e-02 2.740205498412251472e-03 5.410932004451751709e-03 
5.935503244400024414e-01 5.190285667777061462e-02 -4.876470658928155899e-03 5.288383923470973969e-03 
4.504877328872680664e-01 5.313300341367721558e-02 2.938052173703908920e-03 5.182360764592885971e-03 
5.820675492286682129e-01 5.104162171483039856e-02 -4.377585370093584061e-03 5.109808407723903656e-03 
4.357962608337402344e-01 5.467437952756881714e-02 3.906221361830830574e-03 5.527201574295759201e-03 
5.691941976547241211e-01 5.408451706171035767e-02 -3.977143671363592148e-03 5.442015361040830612e-03 
5.165317058563232422e-01 5.476495996117591858e-02 -5.849918816238641739e-04 5.310009233653545380e-03 
6.455494761466979980e-01 4.619188606739044189e-02 -6.644207984209060669e-03 5.017167888581752777e-03 
4.508801698684692383e-01 5.458235368132591248e-02 3.220961662009358406e-03 5.423001479357481003e-03 
5.822446942329406738e-01 5.261959880590438843e-02 -4.372517112642526627e-03 5.307103041559457779e-03 
4.611363708972930908e-01 5.448357015848159790e-02 2.643951913341879845e-03 5.354359280318021774e-03 
5.934653878211975098e-01 5.157208815217018127e-02 -4.923379048705101013e-03 5.251778755336999893e-03 
4.309400022029876709e-01 5.604347586631774902e-02 4.210067912936210632e-03 5.794289521872997284e-03 
5.666478276252746582e-01 5.529268458485603333e-02 -4.167473874986171722e-03 5.686917807906866074e-03 
4.172421395778656006e-01 5.360054597258567810e-02 4.848713055253028870e-03 5.496483761817216873e-03 
5.513083338737487793e-01 5.459733307361602783e-02 -3.130888566374778748e-03 5.408859811723232269e-03 
4.009789824485778809e-01 5.478863790631294250e-02 5.998787935823202133e-03 5.951774306595325470e-03 
5.378895401954650879e-01 5.790047720074653625e-02 -2.469611121341586113e-03 5.892398301512002945e-03 
4.035549163818359375e-01 5.163661018013954163e-02 5.321952514350414276e-03 5.327988415956497192e-03 
5.350762605667114258e-01 5.406840890645980835e-02 -2.110236557200551033e-03 5.234293639659881592e-03 
4.539614021778106689e-01 5.634748190641403198e-02 2.990850247442722321e-03 5.674625746905803680e-03 
5.893540382385253906e-01 5.326347798109054565e-02 -5.157392472028732300e-03 5.538902711123228073e-03 
3.936565518379211426e-01 5.341799929738044739e-02 6.148571614176034927e-03 5.798925179988145828e-03 
5.293813943862915039e-01 5.728757753968238831e-02 -2.023591892793774605e-03 5.743461195379495621e-03 
4.559235274791717529e-01 5.586881935596466064e-02 2.764684380963444710e-03 5.605049896985292435e-03 
5.918594002723693848e-01 5.270721763372421265e-02 -5.108390469104051590e-03 5.488094408065080643e-03 
4.377496242523193359e-01 5.545214936137199402e-02 3.729837015271186829e-03 5.667753983289003372e-03 
5.746775865554809570e-01 5.436581000685691833e-02 -4.390609916299581528e-03 5.590790882706642151e-03 
4.123459458351135254e-01 5.484502017498016357e-02 5.260590929538011551e-03 5.795090459287166595e-03 
5.484457015991210938e-01 5.660922825336456299e-02 -2.949677640572190285e-03 5.725965369492769241e-03 
4.291093647480010986e-01 5.608537048101425171e-02 4.358246456831693649e-03 5.806110333651304245e-03 
5.642176270484924316e-01 5.597854405641555786e-02 -3.933977335691452026e-03 5.715064704418182373e-03 
4.207403957843780518e-01 5.340112745761871338e-02 4.724828060716390610e-03 5.491755437105894089e-03 
5.543130636215209961e-01 5.429026484489440918e-02 -3.096575848758220673e-03 5.373731721192598343e-03 
4.052191078662872314e-01 5.382213369011878967e-02 5.740626715123653412e-03 5.753668956458568573e-03 
5.400566458702087402e-01 5.663622543215751648e-02 -2.319900318980216980e-03 5.668558180332183838e-03 
4.299570620059967041e-01 5.694155395030975342e-02 4.770130384713411331e-03 6.034059915691614151e-03 
5.663224458694458008e-01 5.679570883512496948e-02 -3.924275282770395279e-03 5.878672003746032715e-03 
4.461636245250701904e-01 5.771264806389808655e-02 3.789137583225965500e-03 6.002851761877536774e-03 
5.825877189636230469e-01 5.561603605747222900e-02 -4.690024536103010178e-03 5.831839982420206070e-03 
4.578857123851776123e-01 5.873423814773559570e-02 3.076268825680017471e-03 6.103612016886472702e-03 
5.946748256683349609e-01 5.510018393397331238e-02 -5.518720019608736038e-03 5.938236601650714874e-03 
4.492429196834564209e-01 5.784948170185089111e-02 3.454777412116527557e-03 5.991903133690357208e-03 
5.861772894859313965e-01 5.537472665309906006e-02 -5.174514371901750565e-03 5.892840679734945297e-03 
4.379191100597381592e-01 5.803563445806503296e-02 4.187310114502906799e-03 6.160499062389135361e-03 
5.768781900405883789e-01 5.691874027252197266e-02 -4.698961041867733002e-03 6.033431272953748703e-03 
3.854266405105590820e-01 5.397449061274528503e-02 6.771642249077558517e-03 6.041455082595348358e-03 
5.220392346382141113e-01 5.908507481217384338e-02 -1.620539114810526371e-03 6.014315877109766006e-03 
4.257442057132720947e-01 5.384333804249763489e-02 4.547812044620513916e-03 5.531345028430223465e-03 
5.601989030838012695e-01 5.447388812899589539e-02 -3.383031580597162247e-03 5.449311342090368271e-03 
4.340817928314208984e-01 5.612000077962875366e-02 4.243808798491954803e-03 5.822143983095884323e-03 
5.707828402519226074e-01 5.570231378078460693e-02 -4.096653312444686890e-03 5.729466676712036133e-03 
4.301836788654327393e-01 5.865455418825149536e-02 4.878715611994266510e-03 6.345345638692378998e-03 
5.713659524917602539e-01 5.834336951375007629e-02 -4.617104306817054749e-03 6.253199651837348938e-03 
4.195717573165893555e-01 5.742633715271949768e-02 5.458543542772531509e-03 6.264890078455209732e-03 
5.600935816764831543e-01 5.891727656126022339e-02 -3.718130989000201225e-03 6.205508951097726822e-03 
4.037841260433197021e-01 5.426861345767974854e-02 5.837976001203060150e-03 5.853128153830766678e-03 
5.418468713760375977e-01 5.758904293179512024e-02 -2.615861129015684128e-03 5.839594174176454544e-03 
4.615753889083862305e-01 5.741782858967781067e-02 2.749681007117033005e-03 5.870667286217212677e-03 
5.977250337600708008e-01 5.406240373849868774e-02 -5.528009030967950821e-03 5.783006548881530762e-03 
3.864886462688446045e-01 5.275325849652290344e-02 6.631828844547271729e-03 5.863051861524581909e-03 
5.232413411140441895e-01 5.821269378066062927e-02 -1.533972215838730335e-03 5.917306058108806610e-03 
4.206973314285278320e-01 5.488666892051696777e-02 5.068850703537464142e-03 5.789637565612792969e-03 
5.573700070381164551e-01 5.619858577847480774e-02 -3.364749951288104057e-03 5.741590633988380432e-03 
4.564551711082458496e-01 5.767795816063880920e-02 3.294220892712473869e-03 5.960062146186828613e-03 
5.938918590545654297e-01 5.494739115238189697e-02 -5.420817062258720398e-03 5.870866589248180389e-03 
4.133740365505218506e-01 5.769592896103858948e-02 5.804376211017370224e-03 6.383134983479976654e-03 
5.551837682723999023e-01 6.009101122617721558e-02 -3.722980152815580368e-03 6.403399631381034851e-03 
4.110675752162933350e-01 5.587247386574745178e-02 5.875067785382270813e-03 6.109135691076517105e-03 
5.493163466453552246e-01 5.838071927428245544e-02 -2.928171306848526001e-03 6.007547490298748016e-03 
4.514825642108917236e-01 5.754635855555534363e-02 3.668071702122688293e-03 5.985421128571033478e-03 
5.906678438186645508e-01 5.566155165433883667e-02 -5.223231390118598938e-03 5.925764795392751694e-03 
4.402431249618530273e-01 5.873258784413337708e-02 4.238385707139968872e-03 6.276041269302368164e-03 
5.808468461036682129e-01 5.750509351491928101e-02 -5.065841600298881531e-03 6.201088894158601761e-03 
4.191294610500335693e-01 5.682269483804702759e-02 5.292638670653104782e-03 6.164425052702426910e-03 
5.585777163505554199e-01 5.839788168668746948e-02 -3.786850254982709885e-03 6.151847075670957565e-03 
4.156894087791442871e-01 5.765776708722114563e-02 5.598777905106544495e-03 6.346977315843105316e-03 
5.570926666259765625e-01 5.917165055871009827e-02 -3.760727588087320328e-03 6.308172829449176788e-03 
4.368870258331298828e-01 5.568969622254371643e-02 4.152511712163686752e-03 5.780887324362993240e-03 
5.738328695297241211e-01 5.554791912436485291e-02 -4.348474554717540741e-03 5.776056088507175446e-03 
4.086176455020904541e-01 5.687779188156127930e-02 5.902935285121202469e-03 6.271914113312959671e-03 
5.486534833908081055e-01 5.974376946687698364e-02 -3.277351148426532745e-03 6.312367971986532211e-03 
4.241507947444915771e-01 6.005295366048812866e-02 5.526247434318065643e-03 6.682059261947870255e-03 
5.667989253997802734e-01 6.092960014939308167e-02 -4.585315939038991928e-03 6.654509343206882477e-03 
4.404174983501434326e-01 6.040005385875701904e-02 4.770260769873857498e-03 6.586241535842418671e-03 
5.813106894493103027e-01 5.951029434800148010e-02 -5.232892930507659912e-03 6.524886004626750946e-03 
4.007216393947601318e-01 5.744023621082305908e-02 6.551060825586318970e-03 6.496761459857225418e-03 
5.412994623184204102e-01 6.088168919086456299e-02 -2.909220056608319283e-03 6.450059358030557632e-03 
4.171297252178192139e-01 5.644684657454490662e-02 5.442838184535503387e-03 6.108483765274286270e-03 
5.552842020988464355e-01 5.771465972065925598e-02 -3.511830698698759079e-03 6.025465670973062515e-03 
4.344678819179534912e-01 5.770507454872131348e-02 4.418130032718181610e-03 6.145489402115345001e-03 
5.730513334274291992e-01 5.695370212197303772e-02 -4.526043776422739029e-03 6.062681786715984344e-03 
3.779635131359100342e-01 5.441711097955703735e-02 7.223068736493587494e-03 6.236917804926633835e-03 
5.158996582031250000e-01 5.993125960230827332e-02 -1.326930592767894268e-03 6.209559272974729538e-03 
4.725027680397033691e-01 5.900898948311805725e-02 2.234759973362088203e-03 6.106613669544458389e-03 
6.109188199043273926e-01 5.440008640289306641e-02 -6.335358135402202606e-03 6.030178163200616837e-03 
4.419014155864715576e-01 5.916148796677589417e-02 4.102163482457399368e-03 6.310654804110527039e-03 
5.830938816070556641e-01 5.773318931460380554e-02 -5.211278796195983887e-03 6.301363464444875717e-03 
4.434704780578613281e-01 5.965128913521766663e-02 3.999843262135982513e-03 6.374889984726905823e-03 
5.848994255065917969e-01 5.779463052749633789e-02 -5.501048639416694641e-03 6.346312351524829865e-03 
4.592067897319793701e-01 5.950813367962837219e-02 3.115990897640585899e-03 6.258374080061912537e-03 
5.993710756301879883e-01 5.613716691732406616e-02 -6.138111464679241180e-03 6.229077931493520737e-03 
4.462043046951293945e-01 5.885445326566696167e-02 3.904447890818119049e-03 6.240477319806814194e-03 
5.855470299720764160e-01 5.710497125983238220e-02 -5.312062799930572510e-03 6.200179923325777054e-03 
4.160341918468475342e-01 6.045999377965927124e-02 6.039881613105535507e-03 6.914075929671525955e-03 
5.604106783866882324e-01 6.151312589645385742e-02 -4.345119465142488480e-03 6.771899294108152390e-03 
4.273289740085601807e-01 5.966014042496681213e-02 5.220335908234119415e-03 6.553443148732185364e-03 
5.702753663063049316e-01 5.950895324349403381e-02 -4.714988637715578079e-03 6.467683240771293640e-03 
4.276085793972015381e-01 6.132385879755020142e-02 5.426411516964435577e-03 6.884509697556495667e-03 
5.717343688011169434e-01 6.109593808650970459e-02 -5.064524710178375244e-03 6.802158430218696594e-03 
4.488869607448577881e-01 6.445633620023727417e-02 4.112404771149158478e-03 7.217545062303543091e-03 
5.952781438827514648e-01 6.102247163653373718e-02 -6.725807674229145050e-03 7.130790967494249344e-03 
4.086575806140899658e-01 5.908198282122612000e-02 6.426059640944004059e-03 6.741966586560010910e-03 
5.515469312667846680e-01 6.155535951256752014e-02 -3.517277305945754051e-03 6.649567279964685440e-03 
4.414882957935333252e-01 6.199231371283531189e-02 4.423076752573251724e-03 6.869370117783546448e-03 
5.867466330528259277e-01 6.040106341242790222e-02 -5.856721196323633194e-03 6.829814054071903229e-03 
4.142619073390960693e-01 5.840947106480598450e-02 5.895151291042566299e-03 6.535910069942474365e-03 
5.566350221633911133e-01 6.016118079423904419e-02 -3.812690731137990952e-03 6.448847241699695587e-03 
4.410269558429718018e-01 5.844470113515853882e-02 4.157761111855506897e-03 6.259427405893802643e-03 
5.798668861389160156e-01 5.793062970042228699e-02 -5.035329144448041916e-03 6.215366069227457047e-03 
4.202669560909271240e-01 6.078300252556800842e-02 5.758044309914112091e-03 6.881494540721178055e-03 
5.651652216911315918e-01 6.151234731078147888e-02 -4.576834850013256073e-03 6.765864323824644089e-03 
4.190317988395690918e-01 5.923609063029289246e-02 5.707991775125265121e-03 6.616868078708648682e-03 
5.612903833389282227e-01 6.065013259649276733e-02 -4.121061414480209351e-03 6.565322168171405792e-03 
4.631865322589874268e-01 5.946404114365577698e-02 2.862612251192331314e-03 6.226414348930120468e-03 
6.023804545402526855e-01 5.561324208974838257e-02 -6.003725808113813400e-03 6.121589336544275284e-03 
4.584342837333679199e-01 6.473296135663986206e-02 3.781072329729795456e-03 7.249506656080484390e-03 
6.025877594947814941e-01 6.130694225430488586e-02 -6.959406193345785141e-03 7.153261918574571609e-03 
4.017980396747589111e-01 5.726150795817375183e-02 6.523114163428544998e-03 6.515771616250276566e-03 
5.427169799804687500e-01 6.099894642829895020e-02 -2.976829186081886292e-03 6.475250236690044403e-03 
4.297139942646026611e-01 5.849899351596832275e-02 4.930446855723857880e-03 6.359932478517293930e-03 
5.703652501106262207e-01 5.902249366044998169e-02 -4.371250979602336884e-03 6.304584443569183350e-03 
4.636518061161041260e-01 6.227927654981613159e-02 3.196598496288061142e-03 6.733952555805444717e-03 
6.056219339370727539e-01 5.805711075663566589e-02 -6.427517160773277283e-03 6.582264788448810577e-03 
4.025249183177947998e-01 6.015720590949058533e-02 7.031236775219440460e-03 7.069514598697423935e-03 
5.457849502563476562e-01 6.336860358715057373e-02 -3.201160812750458717e-03 6.941087543964385986e-03 
4.316523373126983643e-01 5.977708846330642700e-02 5.081937182694673538e-03 6.601254921406507492e-03 
5.740450024604797363e-01 6.010576710104942322e-02 -4.759694449603557587e-03 6.521772593259811401e-03 
3.985016345977783203e-01 5.910839512944221497e-02 7.039858959615230560e-03 6.900371052324771881e-03 
5.410286188125610352e-01 6.265357136726379395e-02 -2.962633734568953514e-03 6.760602816939353943e-03 
4.314435124397277832e-01 6.058611348271369934e-02 5.179131403565406799e-03 6.727047264575958252e-03 
5.749809741973876953e-01 6.038800626993179321e-02 -4.975259304046630859e-03 6.643063854426145554e-03 
4.194191098213195801e-01 6.168003380298614502e-02 6.051579024642705917e-03 7.048852741718292236e-03 
5.630878210067749023e-01 6.256919354200363159e-02 -4.411388654261827469e-03 6.893592420965433121e-03 
3.827606737613677979e-01 5.968895927071571350e-02 8.200181648135185242e-03 7.273564580827951431e-03 
5.282045006752014160e-01 6.577663123607635498e-02 -2.298735082149505615e-03 7.257618475705385208e-03 
4.370735883712768555e-01 6.217927858233451843e-02 4.822232760488986969e-03 6.924636196345090866e-03 
5.818050503730773926e-01 6.113084033131599426e-02 -5.539337638765573502e-03 6.854497827589511871e-03 
3.947780430316925049e-01 5.843292921781539917e-02 7.126656360924243927e-03 6.809717509895563126e-03 
5.378207564353942871e-01 6.259246170520782471e-02 -2.708495128899812698e-03 6.748206913471221924e-03 
4.678599238395690918e-01 6.392021477222442627e-02 3.095830790698528290e-03 6.999426055699586868e-03 
6.115694642066955566e-01 5.924008414149284363e-02 -7.089701946824789047e-03 6.907355971634387970e-03 
4.352722764015197754e-01 6.382283568382263184e-02 5.177718587219715118e-03 7.285565137863159180e-03 
5.803031921386718750e-01 6.324128061532974243e-02 -5.585051141679286957e-03 7.223323918879032135e-03 
4.076635241508483887e-01 6.138249114155769348e-02 6.879541091620922089e-03 7.231383118778467178e-03 
5.526586771011352539e-01 6.426293402910232544e-02 -3.788086818531155586e-03 7.167824544012546539e-03 
4.352195560932159424e-01 6.105330586433410645e-02 4.820857662707567215e-03 6.759827956557273865e-03 
5.768902897834777832e-01 6.031572818756103516e-02 -5.057988222688436508e-03 6.667531561106443405e-03 
4.314942955970764160e-01 6.192143633961677551e-02 5.117128137499094009e-03 6.946344394236803055e-03 
5.758541226387023926e-01 6.157311424612998962e-02 -5.135521292686462402e-03 6.896401289850473404e-03 
4.092968702316284180e-01 5.970760807394981384e-02 6.539944559335708618e-03 6.875461433082818985e-03 
5.521788001060485840e-01 6.286403536796569824e-02 -3.621830372139811516e-03 6.834150291979312897e-03 
4.586015641689300537e-01 6.478776782751083374e-02 3.623837837949395180e-03 7.241628598421812057e-03 
6.026067137718200684e-01 6.145019456744194031e-02 -7.023833692073822021e-03 7.255258969962596893e-03 
4.282681941986083984e-01 6.311012804508209229e-02 5.756457336246967316e-03 7.278969511389732361e-03 
5.739624500274658203e-01 6.341826915740966797e-02 -5.204509943723678589e-03 7.210102397948503494e-03 
4.214109480381011963e-01 6.112624332308769226e-02 6.061517167836427689e-03 6.961900740861892700e-03 
5.642724037170410156e-01 6.237697228789329529e-02 -4.345525056123733521e-03 6.882372312247753143e-03 
4.168506264686584473e-01 5.855697393417358398e-02 6.059894338250160217e-03 6.579643115401268005e-03 
5.565426349639892578e-01 6.075979396700859070e-02 -3.601466305553913116e-03 6.506942212581634521e-03 
4.100345671176910400e-01 5.959472805261611938e-02 6.503147073090076447e-03 6.830290425568819046e-03 
5.521101355552673340e-01 6.275614351034164429e-02 -3.557751188054680824e-03 6.853057071566581726e-03 
4.406141340732574463e-01 6.059197336435317993e-02 4.542193841189146042e-03 6.625510752201080322e-03 
5.818241238594055176e-01 5.942814424633979797e-02 -5.176431965082883835e-03 6.555035244673490524e-03 
4.169479012489318848e-01 6.114265695214271545e-02 6.112498696893453598e-03 7.015261333435773849e-03 
5.619289875030517578e-01 6.314182281494140625e-02 -4.447520244866609573e-03 7.047714665532112122e-03 
4.218811690807342529e-01 6.072283163666725159e-02 5.751994438469409943e-03 6.869281176477670670e-03 
5.645144581794738770e-01 6.190248578786849976e-02 -4.417565651237964630e-03 6.857374217361211777e-03 
4.479621946811676025e-01 6.566543132066726685e-02 4.322873428463935852e-03 7.474501151591539383e-03 
5.937466621398925781e-01 6.330611556768417358e-02 -6.797529291361570358e-03 7.522155530750751495e-03 
4.757385551929473877e-01 6.612046808004379272e-02 2.465074416249990463e-03 7.349764462560415268e-03 
6.207457184791564941e-01 6.035031378269195557e-02 -7.997529581189155579e-03 7.368498016148805618e-03 
4.101148545742034912e-01 6.147889047861099243e-02 7.013176102191209793e-03 7.246742956340312958e-03 
5.553287863731384277e-01 6.450832635164260864e-02 -3.831652924418449402e-03 7.194246631115674973e-03 
4.206863343715667725e-01 6.309732049703598022e-02 6.397026591002941132e-03 7.343384902924299240e-03 
5.645847320556640625e-01 6.461010128259658813e-02 -4.525717813521623611e-03 7.277747616171836853e-03 
3.935267627239227295e-01 5.772143229842185974e-02 7.330002263188362122e-03 6.761375349014997482e-03 
5.347953438758850098e-01 6.271601468324661255e-02 -2.374671865254640579e-03 6.695829331874847412e-03 
4.230204224586486816e-01 6.350237131118774414e-02 6.132078822702169418e-03 7.383432704955339432e-03 
5.676525235176086426e-01 6.437778472900390625e-02 -4.801134113222360611e-03 7.317077834159135818e-03 
4.032026529312133789e-01 5.934724211692810059e-02 7.041671313345432281e-03 6.975369993597269058e-03 
5.466600656509399414e-01 6.299582868814468384e-02 -2.990913111716508865e-03 6.857967469841241837e-03 
4.258117079734802246e-01 6.324818730354309082e-02 5.997912026941776276e-03 7.342491298913955688e-03 
5.719503164291381836e-01 6.451597809791564941e-02 -5.134958308190107346e-03 7.389471400529146194e-03 
4.213692843914031982e-01 6.446143984794616699e-02 6.312653888016939163e-03 7.618743926286697388e-03 
5.672994852066040039e-01 6.571791321039199829e-02 -4.965974949300289154e-03 7.592468056827783585e-03 
4.085855484008789062e-01 6.159238144755363464e-02 6.834228523075580597e-03 7.240935228765010834e-03 
5.522240996360778809e-01 6.506408005952835083e-02 -3.684851573780179024e-03 7.273055613040924072e-03 
4.242765605449676514e-01 6.318075209856033325e-02 5.916713736951351166e-03 7.288722321391105652e-03 
5.672735571861267090e-01 6.430698931217193604e-02 -4.701336845755577087e-03 7.287778891623020172e-03 
4.132634401321411133e-01 6.301253288984298706e-02 6.802459713071584702e-03 7.466064300388097763e-03 
5.586286187171936035e-01 6.604260951280593872e-02 -4.330632742494344711e-03 7.543646264821290970e-03 
4.466760456562042236e-01 6.236633285880088806e-02 4.405942279845476151e-03 6.866817828267812729e-03 
5.882982015609741211e-01 6.081672012805938721e-02 -5.664894357323646545e-03 6.877392996102571487e-03 
4.058288037776947021e-01 6.053432449698448181e-02 6.821276154369115829e-03 7.081993389874696732e-03 
5.489024519920349121e-01 6.388841569423675537e-02 -3.471496980637311935e-03 7.066913880407810211e-03 
4.697838425636291504e-01 4.104496038053184748e-04 1.289154397454694845e-06 5.596575078925525304e-07 
4.705110490322113037e-01 4.517353081610053778e-04 1.820662646423443221e-06 6.213144843059126288e-07 
4.916836619377136230e-01 2.214771666331216693e-04 1.686913293497127597e-07 1.649228096312072012e-07 
4.920113980770111084e-01 2.426640276098623872e-04 3.493157407774560852e-07 1.769816719843220199e-07 
4.896554350852966309e-01 1.412738929502665997e-04 -6.789890960590128088e-08 6.722335399445000803e-08 
4.899622201919555664e-01 1.540996308904141188e-04 2.736856608009929914e-08 7.153295200623688288e-08 
4.909762442111968994e-01 1.140307722380384803e-04 -9.247371224319067551e-08 4.369827877326315502e-08 
4.912065565586090088e-01 1.238529657712206244e-04 -2.378357066845637746e-08 4.636693873294461810e-08 
4.686150252819061279e-01 1.141138636739924550e-04 -1.491316368174011586e-07 4.372439832422969630e-08 
4.689247310161590576e-01 1.221460552187636495e-04 -7.367355436826983350e-08 4.536057929271919420e-08 
5.006775259971618652e-01 1.410372206009924412e-04 -1.615603224536243943e-07 6.648666328601393616e-08 
5.010126829147338867e-01 1.510206784587353468e-04 -1.248219660965332878e-07 6.909763783369271550e-08 
4.949874281883239746e-01 1.398883032379671931e-04 -1.943376162216736702e-07 6.594999746312169009e-08 
4.953968822956085205e-01 1.509129942860454321e-04 -1.862903644678226556e-07 6.824030407415193622e-08 
5.350324511528015137e-01 2.540655259508639574e-04 -2.744514802088815486e-07 2.165595986980406451e-07 
5.357615351676940918e-01 2.683804486878216267e-04 -1.634222854818290216e-07 2.129152818497459521e-07 
4.915603995323181152e-01 2.319534833077341318e-04 -5.328029146767221391e-07 1.800427043008312467e-07 
4.922025501728057861e-01 2.423342084512114525e-04 -4.608567394370766124e-07 1.761439136771514313e-07 
4.978602230548858643e-01 2.211176324635744095e-04 -8.137179747791378759e-07 1.698352463108676602e-07 
4.986172318458557129e-01 2.245085779577493668e-04 -7.845414984331000596e-07 1.544964334243559279e-07 
5.005256533622741699e-01 3.543425118550658226e-04 -1.194922333525028080e-06 4.144690137763973325e-07 
5.014997124671936035e-01 3.658063942566514015e-04 -1.031495003189775161e-06 3.959399350605963264e-07 
5.333467125892639160e-01 4.661039274651557207e-04 -1.877119530035997741e-06 7.160691097851668019e-07 
5.345245599746704102e-01 4.884475492872297764e-04 -1.441641757082834374e-06 7.056278832351381425e-07 
4.695911705493927002e-01 5.290540866553783417e-04 -2.495958142390009016e-06 9.012234158944920637e-07 
4.709262549877166748e-01 5.369970458559691906e-04 -2.630375547596486285e-06 8.502835271428921260e-07 
5.126928687095642090e-01 7.448016549460589886e-04 -3.186803951393812895e-06 1.713029405436827801e-06 
5.141843557357788086e-01 7.538498030044138432e-04 -1.888622591650346294e-06 1.621319029254664201e-06 
5.110675096511840820e-01 8.392708841711282730e-04 -7.847164852137211710e-06 2.250228817501920275e-06 
5.127801299095153809e-01 8.517053211107850075e-04 -7.364868906734045595e-06 2.198871015934855677e-06 
5.084416270256042480e-01 1.251419074833393097e-03 -8.920428626879584044e-06 4.731055014417506754e-06 
5.109448432922363281e-01 1.257012831047177315e-03 -5.190053798287408426e-06 4.418257958604954183e-06 
4.810279607772827148e-01 1.528447377495467663e-03 -1.089166653400752693e-05 6.929733899596612900e-06 
4.837320446968078613e-01 1.529780565761029720e-03 -6.497953108919318765e-06 6.533115538331912830e-06 
5.075790286064147949e-01 1.966738840565085411e-03 -2.850646524166222662e-05 1.176123623736202717e-05 
5.109332799911499023e-01 1.933149877004325390e-03 -2.146701990568544716e-05 1.049579168466152623e-05 
4.969925880432128906e-01 2.486963523551821709e-03 -3.365810334798879921e-05 1.816859185055363923e-05 
5.007077455520629883e-01 2.430127700790762901e-03 -2.626139576022978872e-05 1.604754288564436138e-05 
4.749724268913269043e-01 2.850244054570794106e-03 -3.530464164214208722e-05 2.341688559681642801e-05 
4.790962040424346924e-01 2.851435448974370956e-03 -2.439020681777037680e-05 2.156166556233074516e-05 
5.150341987609863281e-01 2.955849515274167061e-03 -6.963390478631481528e-05 2.655116259120404720e-05 
5.191515088081359863e-01 2.847690368071198463e-03 -5.834946568938903511e-05 2.335310637135989964e-05 
5.072205662727355957e-01 3.692499361932277679e-03 -8.866733696777373552e-05 4.156858267378993332e-05 
5.118874907493591309e-01 3.589138155803084373e-03 -7.305168401217088103e-05 3.637991903815418482e-05 
5.049692392349243164e-01 4.160262644290924072e-03 -6.241639493964612484e-05 4.900098792859353125e-05 
5.105482935905456543e-01 4.030864685773849487e-03 -4.451188578968867660e-05 4.275873288861475885e-05 
4.823648035526275635e-01 4.869064316153526306e-03 -7.950385770527645946e-05 6.569123070221394300e-05 
4.886872768402099609e-01 4.701528698205947876e-03 -7.256787648657336831e-05 5.847324064234271646e-05 
4.719298183917999268e-01 5.050032865256071091e-03 -1.314211403951048851e-04 7.438750617438927293e-05 
4.779928922653198242e-01 4.950357135385274887e-03 -1.312229433096945286e-04 6.804004806326702237e-05 
4.933466911315917969e-01 5.599008873105049133e-03 -7.425419607898220420e-05 8.560372225474566221e-05 
5.007404088973999023e-01 5.394859705120325089e-03 -6.629044946748763323e-05 7.580305100418627262e-05 
5.241086483001708984e-01 6.233780644834041595e-03 -1.739975996315479279e-04 1.110101293306797743e-04 
5.319966673851013184e-01 5.977544467896223068e-03 -1.683623704593628645e-04 9.865608444670215249e-05 
4.793421924114227295e-01 6.552294362336397171e-03 -1.552121393615379930e-04 1.196512966998852789e-04 
4.872086346149444580e-01 6.360861938446760178e-03 -1.737558195600286126e-04 1.101764937629923224e-04 
5.082463026046752930e-01 6.674343254417181015e-03 -2.356769982725381851e-04 1.290533400606364012e-04 
5.165905356407165527e-01 6.384793203324079514e-03 -2.521621063351631165e-04 1.184642824227921665e-04 
5.159071683883666992e-01 7.092838175594806671e-03 -2.633188269101083279e-04 1.451935968361794949e-04 
5.248767137527465820e-01 6.789564155042171478e-03 -2.868763695005327463e-04 1.350207894574850798e-04 
4.650196433067321777e-01 7.985305041074752808e-03 -1.890249259304255247e-04 1.706729381112381816e-04 
4.745381176471710205e-01 7.680331822484731674e-03 -2.221409667981788516e-04 1.551883469801396132e-04 
4.977370798587799072e-01 6.875698454678058624e-03 -6.836242391727864742e-05 1.259454584214836359e-04 
5.085583925247192383e-01 6.549474317580461502e-03 -9.040525765158236027e-05 1.099942091968841851e-04 
4.780400693416595459e-01 8.847224526107311249e-03 -2.248017117381095886e-04 2.073035866487771273e-04 
4.893663227558135986e-01 8.517158217728137970e-03 -2.798106288537383080e-04 1.932162122102454305e-04 
4.650518000125885010e-01 8.522507734596729279e-03 -7.906946120783686638e-05 1.859568583313375711e-04 
4.769297540187835693e-01 8.100998587906360626e-03 -1.364311174256727099e-04 1.633392384974285960e-04 
4.664846062660217285e-01 9.731281548738479614e-03 -1.179156024591065943e-04 2.408754371572285891e-04 
4.788161218166351318e-01 9.324045851826667786e-03 -2.044491557171568274e-04 2.196795103373005986e-04 
4.988822937011718750e-01 9.890108369290828705e-03 -2.947888278868049383e-04 2.579466381575912237e-04 
5.118094682693481445e-01 9.360672906041145325e-03 -3.594560257624834776e-04 2.346406108699738979e-04 
4.765892922878265381e-01 1.046273577958345413e-02 -2.567414194345474243e-04 2.826213894877582788e-04 
4.895897209644317627e-01 9.994131512939929962e-03 -3.478935104794800282e-04 2.619138977024704218e-04 
4.805325865745544434e-01 1.001484878361225128e-02 -1.206957604154013097e-04 2.515863743610680103e-04 
4.955789148807525635e-01 9.478022344410419464e-03 -2.170693624066188931e-04 2.246866934001445770e-04 
4.913191497325897217e-01 1.034107711166143417e-02 -3.238358185626566410e-04 2.851868921425193548e-04 
5.049009919166564941e-01 9.947175160050392151e-03 -4.151251923758536577e-04 2.659223100636154413e-04 
4.866963326930999756e-01 1.167865376919507980e-02 -2.310481795575469732e-04 3.413052472751587629e-04 
5.030148625373840332e-01 1.112076919525861740e-02 -3.683215472847223282e-04 3.130203986074775457e-04 
5.095763206481933594e-01 1.180532760918140411e-02 -4.026539099868386984e-04 3.636427281890064478e-04 
5.257480740547180176e-01 1.119366940110921860e-02 -5.295387818478047848e-04 3.376585082150995731e-04 
4.779007434844970703e-01 1.238894276320934296e-02 -1.963733520824462175e-04 3.789369948208332062e-04 
4.946566820144653320e-01 1.180508174002170563e-02 -3.829722700174897909e-04 3.528762899804860353e-04 
4.644737541675567627e-01 1.191535871475934982e-02 -1.162535481853410602e-04 3.503756015561521053e-04 
4.808313250541687012e-01 1.139227300882339478e-02 -2.918159880209714174e-04 3.239368379581719637e-04 
4.892025887966156006e-01 1.159693207591772079e-02 -3.939685120712965727e-04 3.524734638631343842e-04 
5.044292807579040527e-01 1.110892463475465775e-02 -5.206272471696138382e-04 3.312748740427196026e-04 
4.753601551055908203e-01 1.272436324506998062e-02 -2.426870487397536635e-04 3.979939210694283247e-04 
4.926558732986450195e-01 1.216468308120965958e-02 -4.230164340697228909e-04 3.732744662556797266e-04 
4.914316833019256592e-01 1.281914301216602325e-02 -1.752350362949073315e-04 4.028438124805688858e-04 
5.105714797973632812e-01 1.199361775070428848e-02 -3.512332914397120476e-04 3.592388238757848740e-04 
4.780144393444061279e-01 1.292037125676870346e-02 -1.393872080370783806e-04 4.048541304655373096e-04 
4.977285861968994141e-01 1.206403970718383789e-02 -3.224020474590361118e-04 3.634657768998295069e-04 
5.168004631996154785e-01 1.330474112182855606e-02 -5.334217566996812820e-04 4.557419160846620798e-04 
5.343976616859436035e-01 1.237947028130292892e-02 -6.776644731871783733e-04 4.203912976663559675e-04 
4.870549142360687256e-01 1.429508160799741745e-02 -2.760303905233740807e-04 4.929873393848538399e-04 
5.074787139892578125e-01 1.343691069632768631e-02 -4.993128241039812565e-04 4.494563327170908451e-04 
4.888074100017547607e-01 1.380633655935525894e-02 -3.059415612369775772e-04 4.663532890845090151e-04 
5.090176463127136230e-01 1.290190871804952621e-02 -5.336325266398489475e-04 4.290130746085196733e-04 
4.808294475078582764e-01 1.497336104512214661e-02 -3.356002853251993656e-04 5.431346362456679344e-04 
5.005552172660827637e-01 1.428574416786432266e-02 -6.010718643665313721e-04 5.180035368539392948e-04 
4.804913997650146484e-01 1.486567873507738113e-02 -4.118935321457684040e-04 5.420664674602448940e-04 
4.995575249195098877e-01 1.424259506165981293e-02 -6.399991689249873161e-04 5.150089855305850506e-04 
4.710417985916137695e-01 1.492599211633205414e-02 -3.018666757270693779e-04 5.333767621777951717e-04 
4.901907742023468018e-01 1.435422338545322418e-02 -5.458259838633239269e-04 5.104761221446096897e-04 
4.885733127593994141e-01 1.580618321895599365e-02 -2.892418415285646915e-04 5.928255268372595310e-04 
5.097727775573730469e-01 1.482935156673192978e-02 -5.712748970836400986e-04 5.422449903562664986e-04 
4.782293736934661865e-01 1.581761986017227173e-02 -2.700874465517699718e-04 5.923508433625102043e-04 
4.993246197700500488e-01 1.507995091378688812e-02 -5.694273277185857296e-04 5.555972456932067871e-04 
5.166106820106506348e-01 1.524626463651657104e-02 -6.022581364959478378e-04 5.769060226157307625e-04 
5.390228629112243652e-01 1.405940949916839600e-02 -8.320585475303232670e-04 5.309665575623512268e-04 
5.009904503822326660e-01 1.630777306854724884e-02 -4.466261307243257761e-04 6.315065547823905945e-04 
5.239130258560180664e-01 1.539528090506792068e-02 -7.631556945852935314e-04 5.924394936300814152e-04 
5.019469857215881348e-01 1.653114333748817444e-02 -4.761508316732943058e-04 6.553566781803965569e-04 
5.242342352867126465e-01 1.557020004838705063e-02 -7.833614363335072994e-04 6.091730319894850254e-04 
4.858754575252532959e-01 1.754122599959373474e-02 -2.904927241615951061e-04 7.176165236160159111e-04 
5.090517997741699219e-01 1.669727452099323273e-02 -6.516267312690615654e-04 6.666104309260845184e-04 
4.646695256233215332e-01 1.706411689519882202e-02 -2.032057382166385651e-04 6.740706157870590687e-04 
4.883431196212768555e-01 1.618666201829910278e-02 -5.716771702282130718e-04 6.222868105396628380e-04 
4.509053826332092285e-01 1.709727384150028229e-02 3.074159030802547932e-05 6.719070370309054852e-04 
4.760260879993438721e-01 1.631002500653266907e-02 -3.754530334845185280e-04 6.223305244930088520e-04 
5.116604566574096680e-01 1.814756542444229126e-02 -5.653731059283018112e-04 7.841037004254758358e-04 
5.359101295471191406e-01 1.699409633874893188e-02 -9.128412348218262196e-04 7.267373730428516865e-04 
4.730803966522216797e-01 1.728016138076782227e-02 -2.301092172274366021e-04 6.899107247591018677e-04 
4.994153976440429688e-01 1.620100438594818115e-02 -6.104850908741354942e-04 6.330674514174461365e-04 
4.605558216571807861e-01 1.738061942160129547e-02 -1.095733823603950441e-04 6.949424860067665577e-04 
4.872834384441375732e-01 1.644771918654441833e-02 -5.296824383549392223e-04 6.408509798347949982e-04 
4.903675913810729980e-01 1.829024590551853180e-02 -3.778490063268691301e-04 7.716460968367755413e-04 
5.179163813591003418e-01 1.704015396535396576e-02 -7.977573550306260586e-04 7.089714054018259048e-04 
5.144398808479309082e-01 1.905677653849124908e-02 -6.870951037853956223e-04 8.559745037928223610e-04 
5.393943190574645996e-01 1.778469048440456390e-02 -1.082879607565701008e-03 7.965154945850372314e-04 
4.679582118988037109e-01 2.020786702632904053e-02 -2.504952717572450638e-04 9.124685893766582012e-04 
4.966989755630493164e-01 1.920887455344200134e-02 -8.287596283480525017e-04 8.570330683141946793e-04 
5.126057267189025879e-01 1.893244124948978424e-02 -7.651881314814090729e-04 8.535876986570656300e-04 
5.376950502395629883e-01 1.766756922006607056e-02 -1.137041952461004257e-03 7.942407391965389252e-04 
4.619984328746795654e-01 2.067262120544910431e-02 5.002817943022819236e-06 9.473644895479083061e-04 
4.931756556034088135e-01 1.959314756095409393e-02 -6.105192005634307861e-04 8.789832936599850655e-04 
5.072242021560668945e-01 2.019294537603855133e-02 -5.957948160357773304e-04 9.412269573658704758e-04 
5.359204411506652832e-01 1.881612837314605713e-02 -1.083635143004357815e-03 8.767904946580529213e-04 
4.663936197757720947e-01 2.079983614385128021e-02 -6.143749487819150090e-05 9.605613886378705502e-04 
4.953216314315795898e-01 1.984403841197490692e-02 -6.867892225272953510e-04 8.959315600804984570e-04 
5.050079226493835449e-01 2.039419487118721008e-02 -5.210659583099186420e-04 9.468867210671305656e-04 
5.340759754180908203e-01 1.898102462291717529e-02 -1.032445579767227173e-03 8.798649650998413563e-04 
4.930014908313751221e-01 2.082417532801628113e-02 -4.377788864076137543e-04 9.711625752970576286e-04 
5.237850546836853027e-01 1.953635551035404205e-02 -9.982790797948837280e-04 9.080381714738905430e-04 
4.731393754482269287e-01 2.244803309440612793e-02 -1.801680336939170957e-04 1.094711362384259701e-03 
5.044092535972595215e-01 2.111362852156162262e-02 -8.705901564098894596e-04 1.016752212308347225e-03 
4.915853440761566162e-01 2.151627838611602783e-02 -4.109436704311519861e-04 1.035089953802525997e-03 
5.222527980804443359e-01 2.005185931921005249e-02 -1.011709566228091717e-03 9.549724054522812366e-04 
4.557426571846008301e-01 2.164578065276145935e-02 9.875227988231927156e-05 1.033791573718190193e-03 
4.865048527717590332e-01 2.064441703259944916e-02 -5.830547888763248920e-04 9.575786534696817398e-04 
5.004085302352905273e-01 2.169042266905307770e-02 -4.747254133690148592e-04 1.047501689754426479e-03 
5.315495133399963379e-01 2.021856606006622314e-02 -1.065705553628504276e-03 9.745380957610905170e-04 
4.834043383598327637e-01 2.210379391908645630e-02 -4.323866742197424173e-04 1.077314955182373524e-03 
5.139449834823608398e-01 2.056980505585670471e-02 -1.017088186927139759e-03 9.878706187009811401e-04 
4.722922742366790771e-01 2.250289358198642731e-02 -1.046408433467149734e-04 1.104251132346689701e-03 
5.055702328681945801e-01 2.123175933957099915e-02 -8.288540411740541458e-04 1.021740725263953209e-03 
4.445182085037231445e-01 2.131637185811996460e-02 9.400834824191406369e-05 9.951083920896053314e-04 
4.782367646694183350e-01 2.019241452217102051e-02 -5.974434316158294678e-04 9.196781320497393608e-04 
5.163607001304626465e-01 2.278695255517959595e-02 -9.830025956034660339e-04 1.191723975352942944e-03 
5.485862493515014648e-01 2.102040126919746399e-02 -1.511023379862308502e-03 1.102090463973581791e-03 
4.995467960834503174e-01 2.357956767082214355e-02 -6.490350351668894291e-04 1.229231827892363071e-03 
5.336798429489135742e-01 2.197843790054321289e-02 -1.315047033131122589e-03 1.145660644397139549e-03 
4.765820205211639404e-01 2.243789099156856537e-02 -2.410906454315409064e-04 1.108837779611349106e-03 
5.105216503143310547e-01 2.108570560812950134e-02 -9.126326185651123524e-04 1.030888757668435574e-03 
4.412225484848022461e-01 2.329196035861968994e-02 3.362405404914170504e-04 1.185122295282781124e-03 
4.782486855983734131e-01 2.225392125546932220e-02 -5.222455365583300591e-04 1.099868793971836567e-03 
4.879223406314849854e-01 2.489643543958663940e-02 -3.501422179397195578e-04 1.338033238425850868e-03 
5.251962542533874512e-01 2.331802435219287872e-02 -1.164735294878482819e-03 1.250984729267656803e-03 
4.648912549018859863e-01 2.424696460366249084e-02 -3.166491515003144741e-04 1.277625095099210739e-03 
4.991911649703979492e-01 2.286028303205966949e-02 -1.058453577570617199e-03 1.182905863970518112e-03 
4.755317866802215576e-01 2.523506619036197662e-02 -4.315568658057600260e-04 1.374886371195316315e-03 
5.124632120132446289e-01 2.352811582386493683e-02 -1.244575600139796734e-03 1.279673422686755657e-03 
4.898560941219329834e-01 2.597942575812339783e-02 -4.597700026351958513e-04 1.465267036110162735e-03 
5.279484391212463379e-01 2.423035912215709686e-02 -1.341301365755498409e-03 1.364688621833920479e-03 
4.608420729637145996e-01 2.509260922670364380e-02 -1.927900302689522505e-04 1.354138948954641819e-03 
4.966680407524108887e-01 2.402712404727935791e-02 -1.038593705743551254e-03 1.288070576265454292e-03 
4.611288309097290039e-01 2.437330037355422974e-02 -8.872534090187400579e-05 1.279298216104507446e-03 
4.984016120433807373e-01 2.308078110218048096e-02 -9.152606362476944923e-04 1.214238698594272137e-03 
4.732032716274261475e-01 2.536507882177829742e-02 -5.110528945806436241e-05 1.390413497574627399e-03 
5.112702250480651855e-01 2.389248088002204895e-02 -9.061947348527610302e-04 1.285799429751932621e-03 
4.397101700305938721e-01 2.570434100925922394e-02 4.091804148629307747e-04 1.422188128344714642e-03 
4.786232709884643555e-01 2.457872964441776276e-02 -5.697945016436278820e-04 1.320653362199664116e-03 
4.696796238422393799e-01 2.493077702820301056e-02 -1.741818268783390522e-04 1.365498639643192291e-03 
5.063180327415466309e-01 2.355216816067695618e-02 -9.978992165997624397e-04 1.246734289452433586e-03 
4.974819421768188477e-01 2.460607141256332397e-02 -7.993655162863433361e-04 1.354037201963365078e-03 
5.324422121047973633e-01 2.276516892015933990e-02 -1.421752269379794598e-03 1.233990420587360859e-03 
4.907441437244415283e-01 2.557362243533134460e-02 -3.931730752810835838e-04 1.406106865033507347e-03 
5.312238931655883789e-01 2.342404238879680634e-02 -1.229293877258896828e-03 1.286014099605381489e-03 
4.602501690387725830e-01 2.611678652465343475e-02 -2.007874536502640694e-05 1.463947701267898083e-03 
4.980853497982025146e-01 2.459159865975379944e-02 -9.021348087117075920e-04 1.339715323410928249e-03 
4.711689054965972900e-01 2.607229538261890411e-02 -5.360770155675709248e-04 1.462545362301170826e-03 
5.087158083915710449e-01 2.414616756141185760e-02 -1.272802590392529964e-03 1.347522600553929806e-03 
5.217332839965820312e-01 2.561283670365810394e-02 -1.419306616298854351e-03 1.510812784545123577e-03 
5.588424801826477051e-01 2.309661172330379486e-02 -1.946859178133308887e-03 1.375383930280804634e-03 
5.089036822319030762e-01 2.681440860033035278e-02 -1.219880068674683571e-03 1.598796807229518890e-03 
5.484496951103210449e-01 2.431520819664001465e-02 -1.905374112538993359e-03 1.468134578317403793e-03 
5.318584442138671875e-01 2.635610662400722504e-02 -1.529947156086564064e-03 1.602567615918815136e-03 
5.705953836441040039e-01 2.380073443055152893e-02 -2.106491709128022194e-03 1.464848639443516731e-03 
4.386353492736816406e-01 2.751680836081504822e-02 3.365753800608217716e-04 1.612764550372958183e-03 
4.802197217941284180e-01 2.619974873960018158e-02 -6.663774256594479084e-04 1.490686438046395779e-03 
4.972284436225891113e-01 2.906956709921360016e-02 -7.958140340633690357e-04 1.803944353014230728e-03 
5.393475890159606934e-01 2.679522894322872162e-02 -1.665776828303933144e-03 1.659641158767044544e-03 
4.688796103000640869e-01 2.986380830407142639e-02 -1.073363528121262789e-04 1.863387413322925568e-03 
5.123133063316345215e-01 2.789093554019927979e-02 -1.197046251036226749e-03 1.696801162324845791e-03 
4.861195385456085205e-01 2.822910435497760773e-02 -5.102252471260726452e-04 1.702254521660506725e-03 
5.270822048187255859e-01 2.635280787944793701e-02 -1.428407849743962288e-03 1.581333577632904053e-03 
4.700843095779418945e-01 2.841810882091522217e-02 -3.282252582721412182e-04 1.686879899352788925e-03 
5.115858316421508789e-01 2.606596238911151886e-02 -1.250260975211858749e-03 1.526339910924434662e-03 
4.634477198123931885e-01 3.012916073203086853e-02 -5.355260800570249557e-04 1.892231754027307034e-03 
5.056095123291015625e-01 2.770977281033992767e-02 -1.518780831247568130e-03 1.720375614240765572e-03 
4.862049221992492676e-01 2.927649393677711487e-02 -5.553312948904931545e-04 1.802475890144705772e-03 
5.306457877159118652e-01 2.685989253222942352e-02 -1.530368695966899395e-03 1.644884585402905941e-03 
5.090342760086059570e-01 2.843530848622322083e-02 -9.909287327900528908e-04 1.742144813761115074e-03 
5.529223680496215820e-01 2.567881904542446136e-02 -1.853179302997887135e-03 1.599468407221138477e-03 
4.917228817939758301e-01 2.980080060660839081e-02 -6.873950478620827198e-04 1.863793004304170609e-03 
5.364744067192077637e-01 2.715254575014114380e-02 -1.699635176919400692e-03 1.705433707684278488e-03 
4.925054013729095459e-01 3.030415996909141541e-02 -6.730931345373392105e-04 1.917437184602022171e-03 
5.380053520202636719e-01 2.717756852507591248e-02 -1.724614412523806095e-03 1.726584509015083313e-03 
4.698283672332763672e-01 3.011022135615348816e-02 -5.321252974681556225e-04 1.896435278467833996e-03 
5.133400559425354004e-01 2.753061242401599884e-02 -1.539719058200716972e-03 1.720010419376194477e-03 
4.778432846069335938e-01 3.167290613055229187e-02 -5.384582327678799629e-04 2.063369378447532654e-03 
5.231202840805053711e-01 2.890145033597946167e-02 -1.723536988720297813e-03 1.882923068478703499e-03 
4.630880355834960938e-01 3.005176596343517303e-02 -2.539469278417527676e-04 1.871217973530292511e-03 
5.088468194007873535e-01 2.746730484068393707e-02 -1.369590405374765396e-03 1.689494471065700054e-03 
4.507260024547576904e-01 3.096445836126804352e-02 6.701710663037374616e-05 1.984314294531941414e-03 
4.977627396583557129e-01 2.860932797193527222e-02 -1.232579001225531101e-03 1.799089950509369373e-03 
4.812671840190887451e-01 3.056703694164752960e-02 -8.836718625389039516e-04 1.975300954654812813e-03 
5.258486866950988770e-01 2.767853438854217529e-02 -1.839768374338746071e-03 1.786712091416120529e-03 
4.946393072605133057e-01 3.002517297863960266e-02 -1.063603209331631660e-03 1.925594522617757320e-03 
5.399959087371826172e-01 2.656999044120311737e-02 -1.980903558433055878e-03 1.722312648780643940e-03 
4.838710427284240723e-01 3.249040618538856506e-02 -8.772122091613709927e-04 2.183367731049656868e-03 
5.290147662162780762e-01 2.965410426259040833e-02 -2.002231776714324951e-03 2.008400624617934227e-03 
4.712463319301605225e-01 3.317875415086746216e-02 -3.870327782351523638e-04 2.230302663519978523e-03 
5.178821682929992676e-01 3.022828325629234314e-02 -1.693515572696924210e-03 2.022839616984128952e-03 
4.520321190357208252e-01 2.829869091510772705e-02 2.378917561145499349e-04 1.692604972049593925e-03 
4.980688691139221191e-01 2.605685591697692871e-02 -8.082102867774665356e-04 1.511870534159243107e-03 
4.660410583019256592e-01 3.113303706049919128e-02 -4.732474626507610083e-04 2.003828994929790497e-03 
5.111304521560668945e-01 2.836405485868453979e-02 -1.528533990494906902e-03 1.822451129555702209e-03 
4.942277073860168457e-01 3.280386701226234436e-02 -1.189493574202060699e-03 2.247715136036276817e-03 
5.395732522010803223e-01 2.948543988168239594e-02 -2.246955642476677895e-03 2.053692238405346870e-03 
4.524166285991668701e-01 3.292608261108398438e-02 -5.916922600590623915e-05 2.191516337916254997e-03 
4.993271827697753906e-01 3.022596240043640137e-02 -1.413578633219003677e-03 2.006692579016089439e-03 
4.574839770793914795e-01 3.270691260695457458e-02 -1.158992963610216975e-04 2.172046108171343803e-03 
5.049873590469360352e-01 2.964725531637668610e-02 -1.445030793547630310e-03 1.958512002602219582e-03 
4.668698310852050781e-01 3.470405936241149902e-02 -4.978255601599812508e-04 2.431294880807399750e-03 
5.139147043228149414e-01 3.139008954167366028e-02 -1.859848503954708576e-03 2.205500844866037369e-03 
4.692364037036895752e-01 3.234451264142990112e-02 -6.775688380002975464e-04 2.162558492273092270e-03 
5.145148634910583496e-01 2.930225059390068054e-02 -1.763771171681582928e-03 1.961307134479284286e-03 
5.228899121284484863e-01 3.238892927765846252e-02 -1.868248335085809231e-03 2.287867944687604904e-03 
5.662290453910827637e-01 2.845107950270175934e-02 -2.659370657056570053e-03 2.048796508461236954e-03 
4.321818351745605469e-01 3.239131346344947815e-02 3.414984967093914747e-04 2.148138359189033508e-03 
4.780109226703643799e-01 3.011636249721050262e-02 -1.006092294119298458e-03 1.941963797435164452e-03 
4.869715869426727295e-01 3.514266014099121094e-02 -6.495352135971188545e-04 2.493360545486211777e-03 
5.359583497047424316e-01 3.132433071732521057e-02 -1.997431507334113121e-03 2.219826914370059967e-03 
4.855293035507202148e-01 3.564619272947311401e-02 -9.136531152762472630e-04 2.560339868068695068e-03 
5.326635837554931641e-01 3.179914131760597229e-02 -2.157121198251843452e-03 2.283817855641245842e-03 
4.654491543769836426e-01 3.347582370042800903e-02 -5.084142903797328472e-04 2.290964359417557716e-03 
5.132220983505249023e-01 3.023460693657398224e-02 -1.757323858328163624e-03 2.062044106423854828e-03 
4.918719530105590820e-01 3.123806975781917572e-02 -1.238883356563746929e-03 2.086441731080412865e-03 
5.355697870254516602e-01 2.752648852765560150e-02 -2.060409635305404663e-03 1.843889476731419563e-03 
4.873166382312774658e-01 3.484573587775230408e-02 -9.067201754078269005e-04 2.474721986800432205e-03 
5.351760387420654297e-01 3.081372566521167755e-02 -2.116212854161858559e-03 2.179258503019809723e-03 
4.425033628940582275e-01 3.535022586584091187e-02 3.775257791858166456e-04 2.511130413040518761e-03 
4.912824332714080811e-01 3.243657574057579041e-02 -1.180387916974723339e-03 2.244814066216349602e-03 
4.867823421955108643e-01 3.630566224455833435e-02 -6.711190217174589634e-04 2.639092970639467239e-03 
5.365440249443054199e-01 3.238105028867721558e-02 -2.109203953295946121e-03 2.362764673307538033e-03 
4.856556355953216553e-01 3.382814675569534302e-02 -1.010366249829530716e-03 2.354985568672418594e-03 
5.304372310638427734e-01 3.042479045689105988e-02 -2.141995355486869812e-03 2.159740310162305832e-03 
4.482542574405670166e-01 3.502144664525985718e-02 1.781476166797801852e-04 2.465564291924238205e-03 
4.960289001464843750e-01 3.227206692099571228e-02 -1.259038108401000500e-03 2.240459201857447624e-03 
4.839485883712768555e-01 3.591585531830787659e-02 -9.403331205248832703e-04 2.608468523249030113e-03 
5.319530367851257324e-01 3.204280883073806763e-02 -2.256530104205012321e-03 2.334243152290582657e-03 
4.809369444847106934e-01 3.574746474623680115e-02 -1.074590720236301422e-03 2.608758863061666489e-03 
5.273023247718811035e-01 3.222548961639404297e-02 -2.317372942343354225e-03 2.365570515394210815e-03 
5.072624087333679199e-01 3.508815914392471313e-02 -1.421818276867270470e-03 2.552189398556947708e-03 
5.561786293983459473e-01 3.093520738184452057e-02 -2.636220306158065796e-03 2.277448773384094238e-03 
4.751520454883575439e-01 3.412642702460289001e-02 -6.744746351614594460e-04 2.373982453718781471e-03 
5.215092301368713379e-01 3.075193054974079132e-02 -1.899161958135664463e-03 2.166582038626074791e-03 
4.936528801918029785e-01 3.426898643374443054e-02 -1.074292347766458988e-03 2.409541979432106018e-03 
5.406200289726257324e-01 3.019430674612522125e-02 -2.269024727866053581e-03 2.158896997570991516e-03 
4.976170957088470459e-01 3.540596738457679749e-02 -1.197462435811758041e-03 2.551089739426970482e-03 
5.459529757499694824e-01 3.101516887545585632e-02 -2.378647215664386749e-03 2.264256821945309639e-03 
4.646110832691192627e-01 3.601435944437980652e-02 -5.004653939977288246e-04 2.583708381280303001e-03 
5.137920975685119629e-01 3.203107044100761414e-02 -1.876300084404647350e-03 2.276387298479676247e-03 
4.456399679183959961e-01 3.548941761255264282e-02 1.612450432730838656e-04 2.520879264920949936e-03 
4.933528006076812744e-01 3.221107646822929382e-02 -1.324924174696207047e-03 2.214644337072968483e-03 
4.739803969860076904e-01 3.693850710988044739e-02 -4.599364474415779114e-04 2.695469884201884270e-03 
5.222719311714172363e-01 3.324333578348159790e-02 -1.905305194668471813e-03 2.406758721917867661e-03 
4.820829629898071289e-01 3.689141198992729187e-02 -6.721569225192070007e-04 2.697654068470001221e-03 
5.313865542411804199e-01 3.281409293413162231e-02 -2.123984275385737419e-03 2.388112712651491165e-03 
4.727393090724945068e-01 3.587328642606735229e-02 -8.239318267442286015e-04 2.582337707281112671e-03 
5.201476812362670898e-01 3.213662654161453247e-02 -2.183113014325499535e-03 2.343527739867568016e-03 
4.891862571239471436e-01 3.537866100668907166e-02 -1.343030831776559353e-03 2.559932647272944450e-03 
5.361212491989135742e-01 3.131921961903572083e-02 -2.578423358500003815e-03 2.296510851010680199e-03 
4.351922571659088135e-01 3.697382658720016479e-02 3.172459546476602554e-04 2.684909384697675705e-03 
4.855368733406066895e-01 3.413241729140281677e-02 -1.347842975519597530e-03 2.454853383824229240e-03 
4.902639091014862061e-01 3.585647046566009521e-02 -1.103802816942334175e-03 2.607230562716722488e-03 
5.390589237213134766e-01 3.160382434725761414e-02 -2.363235689699649811e-03 2.295181853696703911e-03 
4.304503202438354492e-01 3.750484064221382141e-02 6.030131480656564236e-04 2.767476253211498260e-03 
4.799833297729492188e-01 3.459493815898895264e-02 -1.116744591854512691e-03 2.487138379365205765e-03 
4.809765517711639404e-01 3.661387041211128235e-02 -1.033294131048023701e-03 2.703426871448755264e-03 
5.264658927917480469e-01 3.279403224587440491e-02 -2.283285371959209442e-03 2.447286155074834824e-03 
4.677560925483703613e-01 3.721714764833450317e-02 -8.165662875398993492e-04 2.764031291007995605e-03 
5.162979364395141602e-01 3.308330476284027100e-02 -2.235214225947856903e-03 2.471769694238901138e-03 
4.960360825061798096e-01 3.869388997554779053e-02 -9.752110345289111137e-04 2.973436843603849411e-03 
5.469557046890258789e-01 3.406972438097000122e-02 -2.532483311370015144e-03 2.633774653077125549e-03 
