7.578697204589843750e-01 7.613447308540344238e-01 0.000000000000000000e+00 5.000000000000000000e-01 5.000000000000000000e-01 0.000000000000000000e+00 5.000000000000000000e-01 0.000000000000000000e+00 0.000000000000000000e+00 0.000000000000000000e+00 
6.715042591094970703e-01 6.941922307014465332e-01 0.000000000000000000e+00 7.500000000000000000e-01 4.855769230769230727e-01 0.000000000000000000e+00 4.864864864864865135e-01 0.000000000000000000e+00 4.845360824742268036e-01 0.000000000000000000e+00 
6.157318949699401855e-01 6.958096623420715332e-01 0.000000000000000000e+00 7.500000000000000000e-01 5.176282051282051766e-01 0.000000000000000000e+00 5.108481262327416728e-01 0.000000000000000000e+00 5.470085470085470636e-01 0.000000000000000000e+00 
5.421680212020874023e-01 6.655997633934020996e-01 0.000000000000000000e+00 1.000000000000000000e+00 6.041666666666666297e-01 0.000000000000000000e+00 5.947521865889212611e-01 0.000000000000000000e+00 6.156583629893238596e-01 0.000000000000000000e+00 
4.560271203517913818e-01 6.080890297889709473e-01 0.000000000000000000e+00 1.000000000000000000e+00 7.259615384615384359e-01 0.000000000000000000e+00 7.129909365558911860e-01 0.000000000000000000e+00 7.406143344709897880e-01 0.000000000000000000e+00 
3.359661400318145752e-01 4.968742430210113525e-01 0.000000000000000000e+00 1.000000000000000000e+00 8.974358974358974672e-01 0.000000000000000000e+00 8.647058823529412130e-01 0.000000000000000000e+00 9.366197183098591283e-01 0.000000000000000000e+00 
2.297166287899017334e-01 3.488376736640930176e-01 0.000000000000000000e+00 1.000000000000000000e+00 9.727564102564102422e-01 0.000000000000000000e+00 9.623824451410658565e-01 0.000000000000000000e+00 9.836065573770491621e-01 0.000000000000000000e+00 
1.394513249397277832e-01 2.244631499052047729e-01 0.000000000000000000e+00 1.000000000000000000e+00 9.935897435897436125e-01 0.000000000000000000e+00 9.873417721518987777e-01 0.000000000000000000e+00 1.000000000000000000e+00 0.000000000000000000e+00 
9.542574733495712280e-02 1.484666317701339722e-01 0.000000000000000000e+00 1.000000000000000000e+00 9.983974358974359031e-01 0.000000000000000000e+00 9.968051118210862205e-01 0.000000000000000000e+00 1.000000000000000000e+00 0.000000000000000000e+00 
6.966820359230041504e-02 1.049581170082092285e-01 0.000000000000000000e+00 1.000000000000000000e+00 9.983974358974359031e-01 0.000000000000000000e+00 9.968051118210862205e-01 0.000000000000000000e+00 1.000000000000000000e+00 0.000000000000000000e+00 
5.348052084445953369e-02 7.797262072563171387e-02 0.000000000000000000e+00 1.000000000000000000e+00 9.983974358974359031e-01 0.000000000000000000e+00 9.968051118210862205e-01 0.000000000000000000e+00 1.000000000000000000e+00 0.000000000000000000e+00 
4.238000139594078064e-02 6.001991033554077148e-02 0.000000000000000000e+00 1.000000000000000000e+00 9.983974358974359031e-01 0.000000000000000000e+00 9.968051118210862205e-01 0.000000000000000000e+00 1.000000000000000000e+00 0.000000000000000000e+00 
3.485432267189025879e-02 4.801623150706291199e-02 0.000000000000000000e+00 1.000000000000000000e+00 9.983974358974359031e-01 0.000000000000000000e+00 9.968051118210862205e-01 0.000000000000000000e+00 1.000000000000000000e+00 0.000000000000000000e+00 
2.936701290309429169e-02 3.985313326120376587e-02 0.000000000000000000e+00 1.000000000000000000e+00 9.983974358974359031e-01 0.000000000000000000e+00 9.968051118210862205e-01 0.000000000000000000e+00 1.000000000000000000e+00 0.000000000000000000e+00 
2.511569857597351074e-02 3.360367938876152039e-02 0.000000000000000000e+00 1.000000000000000000e+00 1.000000000000000000e+00 0.000000000000000000e+00 1.000000000000000000e+00 0.000000000000000000e+00 1.000000000000000000e+00 0.000000000000000000e+00 
2.198275551199913025e-02 2.895846217870712280e-02 0.000000000000000000e+00 1.000000000000000000e+00 1.000000000000000000e+00 0.000000000000000000e+00 1.000000000000000000e+00 0.000000000000000000e+00 1.000000000000000000e+00 0.000000000000000000e+00 
1.946734637022018433e-02 2.542217820882797241e-02 0.000000000000000000e+00 1.000000000000000000e+00 1.000000000000000000e+00 0.000000000000000000e+00 1.000000000000000000e+00 0.000000000000000000e+00 1.000000000000000000e+00 0.000000000000000000e+00 
1.750404760241508484e-02 2.277274057269096375e-02 0.000000000000000000e+00 1.000000000000000000e+00 1.000000000000000000e+00 0.000000000000000000e+00 1.000000000000000000e+00 0.000000000000000000e+00 1.000000000000000000e+00 0.000000000000000000e+00 
1.588292419910430908e-02 2.038744278252124786e-02 0.000000000000000000e+00 1.000000000000000000e+00 1.000000000000000000e+00 0.000000000000000000e+00 1.000000000000000000e+00 0.000000000000000000e+00 1.000000000000000000e+00 0.000000000000000000e+00 
1.445147022604942322e-02 1.830542832612991333e-02 0.000000000000000000e+00 1.000000000000000000e+00 1.000000000000000000e+00 0.000000000000000000e+00 1.000000000000000000e+00 0.000000000000000000e+00 1.000000000000000000e+00 0.000000000000000000e+00 
1.320748776197433472e-02 1.685242541134357452e-02 0.000000000000000000e+00 1.000000000000000000e+00 1.000000000000000000e+00 0.000000000000000000e+00 1.000000000000000000e+00 0.000000000000000000e+00 1.000000000000000000e+00 0.000000000000000000e+00 
1.220307778567075729e-02 1.541315112262964249e-02 0.000000000000000000e+00 1.000000000000000000e+00 1.000000000000000000e+00 0.000000000000000000e+00 1.000000000000000000e+00 0.000000000000000000e+00 1.000000000000000000e+00 0.000000000000000000e+00 
1.120890583842992783e-02 1.415884494781494141e-02 0.000000000000000000e+00 1.000000000000000000e+00 1.000000000000000000e+00 0.000000000000000000e+00 1.000000000000000000e+00 0.000000000000000000e+00 1.000000000000000000e+00 0.000000000000000000e+00 
1.041470840573310852e-02 1.333282981067895889e-02 0.000000000000000000e+00 1.000000000000000000e+00 1.000000000000000000e+00 0.000000000000000000e+00 1.000000000000000000e+00 0.000000000000000000e+00 1.000000000000000000e+00 0.000000000000000000e+00 
9.707847610116004944e-03 1.216127909719944000e-02 0.000000000000000000e+00 1.000000000000000000e+00 1.000000000000000000e+00 0.000000000000000000e+00 1.000000000000000000e+00 0.000000000000000000e+00 1.000000000000000000e+00 0.000000000000000000e+00 
9.147875942289829254e-03 1.148831192404031754e-02 0.000000000000000000e+00 1.000000000000000000e+00 1.000000000000000000e+00 0.000000000000000000e+00 1.000000000000000000e+00 0.000000000000000000e+00 1.000000000000000000e+00 0.000000000000000000e+00 
8.587917312979698181e-03 1.078783441334962845e-02 0.000000000000000000e+00 1.000000000000000000e+00 1.000000000000000000e+00 0.000000000000000000e+00 1.000000000000000000e+00 0.000000000000000000e+00 1.000000000000000000e+00 0.000000000000000000e+00 
8.072100579738616943e-03 1.037180703133344650e-02 0.000000000000000000e+00 1.000000000000000000e+00 1.000000000000000000e+00 0.000000000000000000e+00 1.000000000000000000e+00 0.000000000000000000e+00 1.000000000000000000e+00 0.000000000000000000e+00 
7.645177654922008514e-03 9.782323613762855530e-03 0.000000000000000000e+00 1.000000000000000000e+00 1.000000000000000000e+00 0.000000000000000000e+00 1.000000000000000000e+00 0.000000000000000000e+00 1.000000000000000000e+00 0.000000000000000000e+00 
7.260128855705261230e-03 9.419433772563934326e-03 0.000000000000000000e+00 1.000000000000000000e+00 1.000000000000000000e+00 0.000000000000000000e+00 1.000000000000000000e+00 0.000000000000000000e+00 1.000000000000000000e+00 0.000000000000000000e+00 
6.774714216589927673e-03 8.801988326013088226e-03 0.000000000000000000e+00 1.000000000000000000e+00 1.000000000000000000e+00 0.000000000000000000e+00 1.000000000000000000e+00 0.000000000000000000e+00 1.000000000000000000e+00 0.000000000000000000e+00 
6.451806984841823578e-03 8.715168572962284088e-03 0.000000000000000000e+00 1.000000000000000000e+00 9.983974358974359031e-01 0.000000000000000000e+00 9.968051118210862205e-01 0.000000000000000000e+00 1.000000000000000000e+00 0.000000000000000000e+00 
6.161011289805173874e-03 8.123451843857765198e-03 0.000000000000000000e+00 1.000000000000000000e+00 1.000000000000000000e+00 0.000000000000000000e+00 1.000000000000000000e+00 0.000000000000000000e+00 1.000000000000000000e+00 0.000000000000000000e+00 
5.883378908038139343e-03 8.061384782195091248e-03 0.000000000000000000e+00 1.000000000000000000e+00 9.983974358974359031e-01 0.000000000000000000e+00 9.968051118210862205e-01 0.000000000000000000e+00 1.000000000000000000e+00 0.000000000000000000e+00 
5.647865124046802521e-03 7.628231775015592575e-03 0.000000000000000000e+00 1.000000000000000000e+00 9.983974358974359031e-01 0.000000000000000000e+00 9.968051118210862205e-01 0.000000000000000000e+00 1.000000000000000000e+00 0.000000000000000000e+00 
5.366540513932704926e-03 7.475759834051132202e-03 0.000000000000000000e+00 1.000000000000000000e+00 9.983974358974359031e-01 0.000000000000000000e+00 9.968051118210862205e-01 0.000000000000000000e+00 1.000000000000000000e+00 0.000000000000000000e+00 
5.179838277399539948e-03 7.297552656382322311e-03 0.000000000000000000e+00 1.000000000000000000e+00 9.983974358974359031e-01 0.000000000000000000e+00 9.968051118210862205e-01 0.000000000000000000e+00 1.000000000000000000e+00 0.000000000000000000e+00 
4.991812165826559067e-03 7.265489082783460617e-03 0.000000000000000000e+00 1.000000000000000000e+00 9.983974358974359031e-01 0.000000000000000000e+00 9.968051118210862205e-01 0.000000000000000000e+00 1.000000000000000000e+00 0.000000000000000000e+00 
4.791308194398880005e-03 7.116372231394052505e-03 0.000000000000000000e+00 1.000000000000000000e+00 9.983974358974359031e-01 0.000000000000000000e+00 9.968051118210862205e-01 0.000000000000000000e+00 1.000000000000000000e+00 0.000000000000000000e+00 
4.652329254895448685e-03 6.922484841197729111e-03 0.000000000000000000e+00 1.000000000000000000e+00 9.983974358974359031e-01 0.000000000000000000e+00 9.968051118210862205e-01 0.000000000000000000e+00 1.000000000000000000e+00 0.000000000000000000e+00 
4.485566169023513794e-03 6.982431281358003616e-03 0.000000000000000000e+00 1.000000000000000000e+00 9.983974358974359031e-01 0.000000000000000000e+00 9.968051118210862205e-01 0.000000000000000000e+00 1.000000000000000000e+00 0.000000000000000000e+00 
4.303736612200737000e-03 6.673339754343032837e-03 0.000000000000000000e+00 1.000000000000000000e+00 9.983974358974359031e-01 0.000000000000000000e+00 9.968051118210862205e-01 0.000000000000000000e+00 1.000000000000000000e+00 0.000000000000000000e+00 
4.211304709315299988e-03 6.938249804079532623e-03 0.000000000000000000e+00 1.000000000000000000e+00 9.983974358974359031e-01 0.000000000000000000e+00 9.968051118210862205e-01 0.000000000000000000e+00 1.000000000000000000e+00 0.000000000000000000e+00 
4.061107523739337921e-03 6.843402050435543060e-03 0.000000000000000000e+00 1.000000000000000000e+00 9.983974358974359031e-01 0.000000000000000000e+00 9.968051118210862205e-01 0.000000000000000000e+00 1.000000000000000000e+00 0.000000000000000000e+00 
3.946169279515743256e-03 7.203774526715278625e-03 0.000000000000000000e+00 1.000000000000000000e+00 9.983974358974359031e-01 0.000000000000000000e+00 9.968051118210862205e-01 0.000000000000000000e+00 1.000000000000000000e+00 0.000000000000000000e+00 
3.855132032185792923e-03 7.081823423504829407e-03 0.000000000000000000e+00 1.000000000000000000e+00 9.983974358974359031e-01 0.000000000000000000e+00 9.968051118210862205e-01 0.000000000000000000e+00 1.000000000000000000e+00 0.000000000000000000e+00 
3.761911299079656601e-03 7.144399452954530716e-03 0.000000000000000000e+00 1.000000000000000000e+00 9.983974358974359031e-01 0.000000000000000000e+00 9.968051118210862205e-01 0.000000000000000000e+00 1.000000000000000000e+00 0.000000000000000000e+00 
3.653782419860363007e-03 7.040754426270723343e-03 0.000000000000000000e+00 1.000000000000000000e+00 9.983974358974359031e-01 0.000000000000000000e+00 9.968051118210862205e-01 0.000000000000000000e+00 1.000000000000000000e+00 0.000000000000000000e+00 
3.555251052603125572e-03 7.468483410775661469e-03 0.000000000000000000e+00 1.000000000000000000e+00 9.983974358974359031e-01 0.000000000000000000e+00 9.968051118210862205e-01 0.000000000000000000e+00 1.000000000000000000e+00 0.000000000000000000e+00 
3.463311353698372841e-03 7.156538777053356171e-03 0.000000000000000000e+00 1.000000000000000000e+00 9.983974358974359031e-01 0.000000000000000000e+00 9.968051118210862205e-01 0.000000000000000000e+00 1.000000000000000000e+00 0.000000000000000000e+00 
3.391014179214835167e-03 7.219303864985704422e-03 0.000000000000000000e+00 1.000000000000000000e+00 9.983974358974359031e-01 0.000000000000000000e+00 9.968051118210862205e-01 0.000000000000000000e+00 1.000000000000000000e+00 0.000000000000000000e+00 
3.308993065729737282e-03 7.440257817506790161e-03 0.000000000000000000e+00 1.000000000000000000e+00 9.983974358974359031e-01 0.000000000000000000e+00 9.968051118210862205e-01 0.000000000000000000e+00 1.000000000000000000e+00 0.000000000000000000e+00 
3.242418402805924416e-03 7.102942559868097305e-03 0.000000000000000000e+00 1.000000000000000000e+00 9.983974358974359031e-01 0.000000000000000000e+00 9.968051118210862205e-01 0.000000000000000000e+00 1.000000000000000000e+00 0.000000000000000000e+00 
3.180669154971837997e-03 7.273884955793619156e-03 0.000000000000000000e+00 1.000000000000000000e+00 9.983974358974359031e-01 0.000000000000000000e+00 9.968051118210862205e-01 0.000000000000000000e+00 1.000000000000000000e+00 0.000000000000000000e+00 
3.095483640208840370e-03 7.434217724949121475e-03 0.000000000000000000e+00 1.000000000000000000e+00 9.983974358974359031e-01 0.000000000000000000e+00 9.968051118210862205e-01 0.000000000000000000e+00 1.000000000000000000e+00 0.000000000000000000e+00 
3.016954520717263222e-03 7.516826502978801727e-03 0.000000000000000000e+00 1.000000000000000000e+00 9.983974358974359031e-01 0.000000000000000000e+00 9.968051118210862205e-01 0.000000000000000000e+00 1.000000000000000000e+00 0.000000000000000000e+00 
2.965085674077272415e-03 7.531132549047470093e-03 0.000000000000000000e+00 1.000000000000000000e+00 9.983974358974359031e-01 0.000000000000000000e+00 9.968051118210862205e-01 0.000000000000000000e+00 1.000000000000000000e+00 0.000000000000000000e+00 
2.890977077186107635e-03 7.484402507543563843e-03 0.000000000000000000e+00 1.000000000000000000e+00 9.983974358974359031e-01 0.000000000000000000e+00 9.968051118210862205e-01 0.000000000000000000e+00 1.000000000000000000e+00 0.000000000000000000e+00 
2.841360401362180710e-03 7.717463653534650803e-03 0.000000000000000000e+00 1.000000000000000000e+00 9.983974358974359031e-01 0.000000000000000000e+00 9.968051118210862205e-01 0.000000000000000000e+00 1.000000000000000000e+00 0.000000000000000000e+00 
2.782490104436874390e-03 7.317333947867155075e-03 0.000000000000000000e+00 1.000000000000000000e+00 9.983974358974359031e-01 0.000000000000000000e+00 9.968051118210862205e-01 0.000000000000000000e+00 1.000000000000000000e+00 0.000000000000000000e+00 
2.739275572821497917e-03 7.886006496846675873e-03 0.000000000000000000e+00 1.000000000000000000e+00 9.983974358974359031e-01 0.000000000000000000e+00 9.968051118210862205e-01 0.000000000000000000e+00 1.000000000000000000e+00 0.000000000000000000e+00 
2.665629144757986069e-03 7.604155689477920532e-03 0.000000000000000000e+00 1.000000000000000000e+00 9.983974358974359031e-01 0.000000000000000000e+00 9.968051118210862205e-01 0.000000000000000000e+00 1.000000000000000000e+00 0.000000000000000000e+00 
2.635511104017496109e-03 7.662497926503419876e-03 0.000000000000000000e+00 1.000000000000000000e+00 9.983974358974359031e-01 0.000000000000000000e+00 9.968051118210862205e-01 0.000000000000000000e+00 1.000000000000000000e+00 0.000000000000000000e+00 
2.581295557320117950e-03 7.154506165534257889e-03 0.000000000000000000e+00 1.000000000000000000e+00 9.983974358974359031e-01 0.000000000000000000e+00 9.968051118210862205e-01 0.000000000000000000e+00 1.000000000000000000e+00 0.000000000000000000e+00 
2.532164566218852997e-03 7.894073612987995148e-03 0.000000000000000000e+00 1.000000000000000000e+00 9.983974358974359031e-01 0.000000000000000000e+00 9.968051118210862205e-01 0.000000000000000000e+00 1.000000000000000000e+00 0.000000000000000000e+00 
2.480037277564406395e-03 7.407121825963258743e-03 0.000000000000000000e+00 1.000000000000000000e+00 9.983974358974359031e-01 0.000000000000000000e+00 9.968051118210862205e-01 0.000000000000000000e+00 1.000000000000000000e+00 0.000000000000000000e+00 
2.450978849083185196e-03 7.570124696940183640e-03 0.000000000000000000e+00 1.000000000000000000e+00 9.983974358974359031e-01 0.000000000000000000e+00 9.968051118210862205e-01 0.000000000000000000e+00 1.000000000000000000e+00 0.000000000000000000e+00 
2.385364845395088196e-03 7.514636032283306122e-03 0.000000000000000000e+00 1.000000000000000000e+00 9.983974358974359031e-01 0.000000000000000000e+00 9.968051118210862205e-01 0.000000000000000000e+00 1.000000000000000000e+00 0.000000000000000000e+00 
2.359080594033002853e-03 7.572490721940994263e-03 0.000000000000000000e+00 1.000000000000000000e+00 9.983974358974359031e-01 0.000000000000000000e+00 9.968051118210862205e-01 0.000000000000000000e+00 1.000000000000000000e+00 0.000000000000000000e+00 
2.330408198758959770e-03 7.716698572039604187e-03 0.000000000000000000e+00 1.000000000000000000e+00 9.983974358974359031e-01 0.000000000000000000e+00 9.968051118210862205e-01 0.000000000000000000e+00 1.000000000000000000e+00 0.000000000000000000e+00 
2.266901079565286636e-03 7.593720685690641403e-03 0.000000000000000000e+00 1.000000000000000000e+00 9.983974358974359031e-01 0.000000000000000000e+00 9.968051118210862205e-01 0.000000000000000000e+00 1.000000000000000000e+00 0.000000000000000000e+00 
2.240006346255540848e-03 7.734178099781274796e-03 0.000000000000000000e+00 1.000000000000000000e+00 9.967948717948718063e-01 0.000000000000000000e+00 9.936305732484076447e-01 0.000000000000000000e+00 1.000000000000000000e+00 0.000000000000000000e+00 
2.193036722019314766e-03 7.245853077620267868e-03 0.000000000000000000e+00 1.000000000000000000e+00 9.983974358974359031e-01 0.000000000000000000e+00 9.968051118210862205e-01 0.000000000000000000e+00 1.000000000000000000e+00 0.000000000000000000e+00 
2.160739153623580933e-03 7.418847177177667618e-03 0.000000000000000000e+00 1.000000000000000000e+00 9.983974358974359031e-01 0.000000000000000000e+00 9.968051118210862205e-01 0.000000000000000000e+00 1.000000000000000000e+00 0.000000000000000000e+00 
2.140572527423501015e-03 7.681044284254312515e-03 0.000000000000000000e+00 1.000000000000000000e+00 9.967948717948718063e-01 0.000000000000000000e+00 9.936305732484076447e-01 0.000000000000000000e+00 1.000000000000000000e+00 0.000000000000000000e+00 
2.089716494083404541e-03 7.718516513705253601e-03 0.000000000000000000e+00 1.000000000000000000e+00 9.967948717948718063e-01 0.000000000000000000e+00 9.936305732484076447e-01 0.000000000000000000e+00 1.000000000000000000e+00 0.000000000000000000e+00 
2.070921007543802261e-03 7.487057242542505264e-03 0.000000000000000000e+00 1.000000000000000000e+00 9.967948717948718063e-01 0.000000000000000000e+00 9.936305732484076447e-01 0.000000000000000000e+00 1.000000000000000000e+00 0.000000000000000000e+00 
2.038591308519244194e-03 7.291109301149845123e-03 0.000000000000000000e+00 1.000000000000000000e+00 9.983974358974359031e-01 0.000000000000000000e+00 9.968051118210862205e-01 0.000000000000000000e+00 1.000000000000000000e+00 0.000000000000000000e+00 
1.995144411921501160e-03 7.081138901412487030e-03 0.000000000000000000e+00 1.000000000000000000e+00 9.983974358974359031e-01 0.000000000000000000e+00 9.968051118210862205e-01 0.000000000000000000e+00 1.000000000000000000e+00 0.000000000000000000e+00 
1.968709286302328110e-03 7.229601033031940460e-03 0.000000000000000000e+00 1.000000000000000000e+00 9.983974358974359031e-01 0.000000000000000000e+00 9.968051118210862205e-01 0.000000000000000000e+00 1.000000000000000000e+00 0.000000000000000000e+00 
1.936306362040340900e-03 6.971903610974550247e-03 0.000000000000000000e+00 1.000000000000000000e+00 9.983974358974359031e-01 0.000000000000000000e+00 9.968051118210862205e-01 0.000000000000000000e+00 1.000000000000000000e+00 0.000000000000000000e+00 
1.916843699291348457e-03 7.071284111589193344e-03 0.000000000000000000e+00 1.000000000000000000e+00 9.983974358974359031e-01 0.000000000000000000e+00 9.968051118210862205e-01 0.000000000000000000e+00 1.000000000000000000e+00 0.000000000000000000e+00 
1.888561993837356567e-03 7.016490213572978973e-03 0.000000000000000000e+00 1.000000000000000000e+00 9.983974358974359031e-01 0.000000000000000000e+00 9.968051118210862205e-01 0.000000000000000000e+00 1.000000000000000000e+00 0.000000000000000000e+00 
1.860471908003091812e-03 6.473687943071126938e-03 0.000000000000000000e+00 1.000000000000000000e+00 9.983974358974359031e-01 0.000000000000000000e+00 9.968051118210862205e-01 0.000000000000000000e+00 1.000000000000000000e+00 0.000000000000000000e+00 
1.842450466938316822e-03 6.653922609984874725e-03 0.000000000000000000e+00 1.000000000000000000e+00 9.983974358974359031e-01 0.000000000000000000e+00 9.968051118210862205e-01 0.000000000000000000e+00 1.000000000000000000e+00 0.000000000000000000e+00 
1.814297283999621868e-03 6.448346190154552460e-03 0.000000000000000000e+00 1.000000000000000000e+00 9.983974358974359031e-01 0.000000000000000000e+00 9.968051118210862205e-01 0.000000000000000000e+00 1.000000000000000000e+00 0.000000000000000000e+00 
1.785664469934999943e-03 6.585474126040935516e-03 0.000000000000000000e+00 1.000000000000000000e+00 9.983974358974359031e-01 0.000000000000000000e+00 9.968051118210862205e-01 0.000000000000000000e+00 1.000000000000000000e+00 0.000000000000000000e+00 
1.767197740264236927e-03 5.994700361043214798e-03 0.000000000000000000e+00 1.000000000000000000e+00 9.983974358974359031e-01 0.000000000000000000e+00 9.968051118210862205e-01 0.000000000000000000e+00 1.000000000000000000e+00 0.000000000000000000e+00 
1.734597608447074890e-03 6.234897300601005554e-03 0.000000000000000000e+00 1.000000000000000000e+00 9.983974358974359031e-01 0.000000000000000000e+00 9.968051118210862205e-01 0.000000000000000000e+00 1.000000000000000000e+00 0.000000000000000000e+00 
1.709712436422705650e-03 5.678268615156412125e-03 0.000000000000000000e+00 1.000000000000000000e+00 9.983974358974359031e-01 0.000000000000000000e+00 9.968051118210862205e-01 0.000000000000000000e+00 1.000000000000000000e+00 0.000000000000000000e+00 
1.695216749794781208e-03 5.550235509872436523e-03 0.000000000000000000e+00 1.000000000000000000e+00 9.983974358974359031e-01 0.000000000000000000e+00 9.968051118210862205e-01 0.000000000000000000e+00 1.000000000000000000e+00 0.000000000000000000e+00 
1.672621583566069603e-03 5.512135103344917297e-03 0.000000000000000000e+00 1.000000000000000000e+00 9.983974358974359031e-01 0.000000000000000000e+00 9.968051118210862205e-01 0.000000000000000000e+00 1.000000000000000000e+00 0.000000000000000000e+00 
1.643906813114881516e-03 5.348975304514169693e-03 0.000000000000000000e+00 1.000000000000000000e+00 9.983974358974359031e-01 0.000000000000000000e+00 9.968051118210862205e-01 0.000000000000000000e+00 1.000000000000000000e+00 0.000000000000000000e+00 
1.624018419533967972e-03 4.837679676711559296e-03 0.000000000000000000e+00 1.000000000000000000e+00 9.983974358974359031e-01 0.000000000000000000e+00 9.968051118210862205e-01 0.000000000000000000e+00 1.000000000000000000e+00 0.000000000000000000e+00 
1.586477388627827168e-03 4.786956589668989182e-03 0.000000000000000000e+00 1.000000000000000000e+00 9.983974358974359031e-01 0.000000000000000000e+00 9.968051118210862205e-01 0.000000000000000000e+00 1.000000000000000000e+00 0.000000000000000000e+00 
1.574148889631032944e-03 4.834037274122238159e-03 0.000000000000000000e+00 1.000000000000000000e+00 9.983974358974359031e-01 0.000000000000000000e+00 9.968051118210862205e-01 0.000000000000000000e+00 1.000000000000000000e+00 0.000000000000000000e+00 
1.558423042297363281e-03 4.515034612268209457e-03 0.000000000000000000e+00 1.000000000000000000e+00 9.983974358974359031e-01 0.000000000000000000e+00 9.968051118210862205e-01 0.000000000000000000e+00 1.000000000000000000e+00 0.000000000000000000e+00 
1.545356586575508118e-03 4.309472627937793732e-03 0.000000000000000000e+00 1.000000000000000000e+00 9.983974358974359031e-01 0.000000000000000000e+00 9.968051118210862205e-01 0.000000000000000000e+00 1.000000000000000000e+00 0.000000000000000000e+00 
1.516823424026370049e-03 3.884664038196206093e-03 0.000000000000000000e+00 1.000000000000000000e+00 9.983974358974359031e-01 0.000000000000000000e+00 9.968051118210862205e-01 0.000000000000000000e+00 1.000000000000000000e+00 0.000000000000000000e+00 
1.505465013906359673e-03 3.808835521340370178e-03 0.000000000000000000e+00 1.000000000000000000e+00 9.983974358974359031e-01 0.000000000000000000e+00 9.968051118210862205e-01 0.000000000000000000e+00 1.000000000000000000e+00 0.000000000000000000e+00 
1.477184006944298744e-03 3.608774393796920776e-03 0.000000000000000000e+00 1.000000000000000000e+00 9.983974358974359031e-01 0.000000000000000000e+00 9.968051118210862205e-01 0.000000000000000000e+00 1.000000000000000000e+00 0.000000000000000000e+00 
1.457740087062120438e-03 3.488552989438176155e-03 0.000000000000000000e+00 1.000000000000000000e+00 9.983974358974359031e-01 0.000000000000000000e+00 9.968051118210862205e-01 0.000000000000000000e+00 1.000000000000000000e+00 0.000000000000000000e+00 
1.450276351533830166e-03 3.356185974553227425e-03 0.000000000000000000e+00 1.000000000000000000e+00 9.983974358974359031e-01 0.000000000000000000e+00 9.968051118210862205e-01 0.000000000000000000e+00 1.000000000000000000e+00 0.000000000000000000e+00 
1.417716732248663902e-03 3.116285428404808044e-03 0.000000000000000000e+00 1.000000000000000000e+00 9.983974358974359031e-01 0.000000000000000000e+00 9.968051118210862205e-01 0.000000000000000000e+00 1.000000000000000000e+00 0.000000000000000000e+00 
1.402162713930010796e-03 3.142697270959615707e-03 0.000000000000000000e+00 1.000000000000000000e+00 9.983974358974359031e-01 0.000000000000000000e+00 9.968051118210862205e-01 0.000000000000000000e+00 1.000000000000000000e+00 0.000000000000000000e+00 
1.378967426717281342e-03 2.955341711640357971e-03 0.000000000000000000e+00 1.000000000000000000e+00 1.000000000000000000e+00 0.000000000000000000e+00 1.000000000000000000e+00 0.000000000000000000e+00 1.000000000000000000e+00 0.000000000000000000e+00 
1.365098869428038597e-03 2.885769819840788841e-03 0.000000000000000000e+00 1.000000000000000000e+00 1.000000000000000000e+00 0.000000000000000000e+00 1.000000000000000000e+00 0.000000000000000000e+00 1.000000000000000000e+00 0.000000000000000000e+00 
1.338989706709980965e-03 2.797927474603056908e-03 0.000000000000000000e+00 1.000000000000000000e+00 1.000000000000000000e+00 0.000000000000000000e+00 1.000000000000000000e+00 0.000000000000000000e+00 1.000000000000000000e+00 0.000000000000000000e+00 
1.331552281044423580e-03 2.649770583957433701e-03 0.000000000000000000e+00 1.000000000000000000e+00 1.000000000000000000e+00 0.000000000000000000e+00 1.000000000000000000e+00 0.000000000000000000e+00 1.000000000000000000e+00 0.000000000000000000e+00 
1.315192668698728085e-03 2.481590025126934052e-03 0.000000000000000000e+00 1.000000000000000000e+00 1.000000000000000000e+00 0.000000000000000000e+00 1.000000000000000000e+00 0.000000000000000000e+00 1.000000000000000000e+00 0.000000000000000000e+00 
1.295590773224830627e-03 2.310205018147826195e-03 0.000000000000000000e+00 1.000000000000000000e+00 1.000000000000000000e+00 0.000000000000000000e+00 1.000000000000000000e+00 0.000000000000000000e+00 1.000000000000000000e+00 0.000000000000000000e+00 
1.282701035961508751e-03 2.378051169216632843e-03 0.000000000000000000e+00 1.000000000000000000e+00 1.000000000000000000e+00 0.000000000000000000e+00 1.000000000000000000e+00 0.000000000000000000e+00 1.000000000000000000e+00 0.000000000000000000e+00 
1.269541913643479347e-03 2.234169980511069298e-03 0.000000000000000000e+00 1.000000000000000000e+00 1.000000000000000000e+00 0.000000000000000000e+00 1.000000000000000000e+00 0.000000000000000000e+00 1.000000000000000000e+00 0.000000000000000000e+00 
1.255532144568860531e-03 2.143942750990390778e-03 0.000000000000000000e+00 1.000000000000000000e+00 1.000000000000000000e+00 0.000000000000000000e+00 1.000000000000000000e+00 0.000000000000000000e+00 1.000000000000000000e+00 0.000000000000000000e+00 
1.236130716279149055e-03 1.975746592506766319e-03 0.000000000000000000e+00 1.000000000000000000e+00 1.000000000000000000e+00 0.000000000000000000e+00 1.000000000000000000e+00 0.000000000000000000e+00 1.000000000000000000e+00 0.000000000000000000e+00 
1.218728255480527878e-03 1.958675216883420944e-03 0.000000000000000000e+00 1.000000000000000000e+00 1.000000000000000000e+00 0.000000000000000000e+00 1.000000000000000000e+00 0.000000000000000000e+00 1.000000000000000000e+00 0.000000000000000000e+00 
1.204681815579533577e-03 1.814218703657388687e-03 0.000000000000000000e+00 1.000000000000000000e+00 1.000000000000000000e+00 0.000000000000000000e+00 1.000000000000000000e+00 0.000000000000000000e+00 1.000000000000000000e+00 0.000000000000000000e+00 
1.184729160740971565e-03 1.719451276585459709e-03 0.000000000000000000e+00 1.000000000000000000e+00 1.000000000000000000e+00 0.000000000000000000e+00 1.000000000000000000e+00 0.000000000000000000e+00 1.000000000000000000e+00 0.000000000000000000e+00 
1.177472528070211411e-03 1.653555082157254219e-03 0.000000000000000000e+00 1.000000000000000000e+00 1.000000000000000000e+00 0.000000000000000000e+00 1.000000000000000000e+00 0.000000000000000000e+00 1.000000000000000000e+00 0.000000000000000000e+00 
1.159748993813991547e-03 1.595937879756093025e-03 0.000000000000000000e+00 1.000000000000000000e+00 1.000000000000000000e+00 0.000000000000000000e+00 1.000000000000000000e+00 0.000000000000000000e+00 1.000000000000000000e+00 0.000000000000000000e+00 
1.141703221946954727e-03 1.586105208843946457e-03 0.000000000000000000e+00 1.000000000000000000e+00 1.000000000000000000e+00 0.000000000000000000e+00 1.000000000000000000e+00 0.000000000000000000e+00 1.000000000000000000e+00 0.000000000000000000e+00 
1.127413706853985786e-03 1.537834294140338898e-03 0.000000000000000000e+00 1.000000000000000000e+00 1.000000000000000000e+00 0.000000000000000000e+00 1.000000000000000000e+00 0.000000000000000000e+00 1.000000000000000000e+00 0.000000000000000000e+00 
1.122386078350245953e-03 1.512930030003190041e-03 0.000000000000000000e+00 1.000000000000000000e+00 1.000000000000000000e+00 0.000000000000000000e+00 1.000000000000000000e+00 0.000000000000000000e+00 1.000000000000000000e+00 0.000000000000000000e+00 
1.103420043364167213e-03 1.487024477683007717e-03 0.000000000000000000e+00 1.000000000000000000e+00 1.000000000000000000e+00 0.000000000000000000e+00 1.000000000000000000e+00 0.000000000000000000e+00 1.000000000000000000e+00 0.000000000000000000e+00 
1.100746216252446175e-03 1.464990084059536457e-03 0.000000000000000000e+00 1.000000000000000000e+00 1.000000000000000000e+00 0.000000000000000000e+00 1.000000000000000000e+00 0.000000000000000000e+00 1.000000000000000000e+00 0.000000000000000000e+00 
1.072158687748014927e-03 1.432678662240505219e-03 0.000000000000000000e+00 1.000000000000000000e+00 1.000000000000000000e+00 0.000000000000000000e+00 1.000000000000000000e+00 0.000000000000000000e+00 1.000000000000000000e+00 0.000000000000000000e+00 
1.065768301486968994e-03 1.386323943734169006e-03 0.000000000000000000e+00 1.000000000000000000e+00 1.000000000000000000e+00 0.000000000000000000e+00 1.000000000000000000e+00 0.000000000000000000e+00 1.000000000000000000e+00 0.000000000000000000e+00 
1.054479856975376606e-03 1.369994017295539379e-03 0.000000000000000000e+00 1.000000000000000000e+00 1.000000000000000000e+00 0.000000000000000000e+00 1.000000000000000000e+00 0.000000000000000000e+00 1.000000000000000000e+00 0.000000000000000000e+00 
1.045007840730249882e-03 1.334170112386345863e-03 0.000000000000000000e+00 1.000000000000000000e+00 1.000000000000000000e+00 0.000000000000000000e+00 1.000000000000000000e+00 0.000000000000000000e+00 1.000000000000000000e+00 0.000000000000000000e+00 
1.029768376611173153e-03 1.324119511991739273e-03 0.000000000000000000e+00 1.000000000000000000e+00 1.000000000000000000e+00 0.000000000000000000e+00 1.000000000000000000e+00 0.000000000000000000e+00 1.000000000000000000e+00 0.000000000000000000e+00 
1.016696216538548470e-03 1.284466939978301525e-03 0.000000000000000000e+00 1.000000000000000000e+00 1.000000000000000000e+00 0.000000000000000000e+00 1.000000000000000000e+00 0.000000000000000000e+00 1.000000000000000000e+00 0.000000000000000000e+00 
1.006017904728651047e-03 1.266193110495805740e-03 0.000000000000000000e+00 1.000000000000000000e+00 1.000000000000000000e+00 0.000000000000000000e+00 1.000000000000000000e+00 0.000000000000000000e+00 1.000000000000000000e+00 0.000000000000000000e+00 
9.944802150130271912e-04 1.239605247974395752e-03 0.000000000000000000e+00 1.000000000000000000e+00 1.000000000000000000e+00 0.000000000000000000e+00 1.000000000000000000e+00 0.000000000000000000e+00 1.000000000000000000e+00 0.000000000000000000e+00 
9.829837363213300705e-04 1.221453188918530941e-03 0.000000000000000000e+00 1.000000000000000000e+00 1.000000000000000000e+00 0.000000000000000000e+00 1.000000000000000000e+00 0.000000000000000000e+00 1.000000000000000000e+00 0.000000000000000000e+00 
9.745527640916407108e-04 1.189505797810852528e-03 0.000000000000000000e+00 1.000000000000000000e+00 1.000000000000000000e+00 0.000000000000000000e+00 1.000000000000000000e+00 0.000000000000000000e+00 1.000000000000000000e+00 0.000000000000000000e+00 
9.615146555006504059e-04 1.177150872536003590e-03 0.000000000000000000e+00 1.000000000000000000e+00 1.000000000000000000e+00 0.000000000000000000e+00 1.000000000000000000e+00 0.000000000000000000e+00 1.000000000000000000e+00 0.000000000000000000e+00 
9.539227467030286789e-04 1.154741388745605946e-03 0.000000000000000000e+00 1.000000000000000000e+00 1.000000000000000000e+00 0.000000000000000000e+00 1.000000000000000000e+00 0.000000000000000000e+00 1.000000000000000000e+00 0.000000000000000000e+00 
9.403217118233442307e-04 1.137067796662449837e-03 0.000000000000000000e+00 1.000000000000000000e+00 1.000000000000000000e+00 0.000000000000000000e+00 1.000000000000000000e+00 0.000000000000000000e+00 1.000000000000000000e+00 0.000000000000000000e+00 
