1.754080176353454590e+00 1.712791323661804199e+00 0.000000000000000000e+00 5.000000000000000000e-01 5.000000000000000000e-01 0.000000000000000000e+00 5.000000000000000000e-01 0.000000000000000000e+00 0.000000000000000000e+00 0.000000000000000000e+00 
1.168122649192810059e+00 1.136561632156372070e+00 0.000000000000000000e+00 5.000000000000000000e-01 5.000000000000000000e-01 0.000000000000000000e+00 5.000000000000000000e-01 0.000000000000000000e+00 0.000000000000000000e+00 0.000000000000000000e+00 
7.683936357498168945e-01 7.547526359558105469e-01 0.000000000000000000e+00 5.000000000000000000e-01 5.000000000000000000e-01 0.000000000000000000e+00 5.000000000000000000e-01 0.000000000000000000e+00 0.000000000000000000e+00 0.000000000000000000e+00 
6.943786144256591797e-01 6.924396753311157227e-01 0.000000000000000000e+00 4.843750000000000000e-01 5.000000000000000000e-01 0.000000000000000000e+00 5.000000000000000000e-01 0.000000000000000000e+00 5.000000000000000000e-01 0.000000000000000000e+00 
6.932132244110107422e-01 6.930736899375915527e-01 0.000000000000000000e+00 5.000000000000000000e-01 5.000000000000000000e-01 0.000000000000000000e+00 0.000000000000000000e+00 0.000000000000000000e+00 5.000000000000000000e-01 0.000000000000000000e+00 
6.898379921913146973e-01 6.916396021842956543e-01 0.000000000000000000e+00 5.781250000000000000e-01 5.352564102564102422e-01 0.000000000000000000e+00 5.254629629629629095e-01 0.000000000000000000e+00 5.572916666666666297e-01 0.000000000000000000e+00 
6.894489526748657227e-01 6.914402246475219727e-01 0.000000000000000000e+00 5.468750000000000000e-01 5.352564102564102422e-01 0.000000000000000000e+00 5.264423076923077094e-01 0.000000000000000000e+00 5.528846153846154188e-01 0.000000000000000000e+00 
6.867017745971679688e-01 6.910943388938903809e-01 0.000000000000000000e+00 6.406250000000000000e-01 5.448717948717948234e-01 0.000000000000000000e+00 5.486111111111111605e-01 0.000000000000000000e+00 5.416666666666666297e-01 0.000000000000000000e+00 
6.853637099266052246e-01 6.905839443206787109e-01 0.000000000000000000e+00 6.406250000000000000e-01 5.560897435897436125e-01 0.000000000000000000e+00 5.548589341692790056e-01 0.000000000000000000e+00 5.573770491803278215e-01 0.000000000000000000e+00 
6.812561750411987305e-01 6.896008253097534180e-01 0.000000000000000000e+00 6.875000000000000000e-01 5.512820512820513219e-01 0.000000000000000000e+00 5.479041916167665116e-01 0.000000000000000000e+00 5.551724137931034475e-01 0.000000000000000000e+00 
6.733287572860717773e-01 6.859937310218811035e-01 0.000000000000000000e+00 6.250000000000000000e-01 5.833333333333333703e-01 0.000000000000000000e+00 5.575221238938052881e-01 0.000000000000000000e+00 6.511627906976744651e-01 0.000000000000000000e+00 
6.363343000411987305e-01 6.620240807533264160e-01 0.000000000000000000e+00 6.562500000000000000e-01 5.833333333333333703e-01 0.000000000000000000e+00 5.472727272727272441e-01 0.000000000000000000e+00 8.513513513513513153e-01 0.000000000000000000e+00 
3.722683191299438477e-01 4.570627510547637939e-01 0.000000000000000000e+00 9.218750000000000000e-01 8.108974358974359031e-01 0.000000000000000000e+00 7.500000000000000000e-01 0.000000000000000000e+00 9.110169491525423879e-01 0.000000000000000000e+00 
1.487029492855072021e-01 2.206247746944427490e-01 0.000000000000000000e+00 9.843750000000000000e-01 9.439102564102563875e-01 0.000000000000000000e+00 9.134328358208955168e-01 0.000000000000000000e+00 9.792387543252595306e-01 0.000000000000000000e+00 
7.000579684972763062e-02 1.205784529447555542e-01 0.000000000000000000e+00 1.000000000000000000e+00 9.775641025641025328e-01 0.000000000000000000e+00 9.656249999999999556e-01 0.000000000000000000e+00 9.901315789473684736e-01 0.000000000000000000e+00 
4.766594246029853821e-02 8.529388904571533203e-02 0.000000000000000000e+00 1.000000000000000000e+00 9.839743589743589203e-01 0.000000000000000000e+00 9.778481012658227778e-01 0.000000000000000000e+00 9.902597402597402843e-01 0.000000000000000000e+00 
3.155096247792243958e-02 6.619122624397277832e-02 0.000000000000000000e+00 1.000000000000000000e+00 9.855769230769231282e-01 0.000000000000000000e+00 9.749216300940438673e-01 0.000000000000000000e+00 9.967213114754098768e-01 0.000000000000000000e+00 
2.399209514260292053e-02 5.748128890991210938e-02 0.000000000000000000e+00 1.000000000000000000e+00 9.855769230769231282e-01 0.000000000000000000e+00 9.749216300940438673e-01 0.000000000000000000e+00 9.967213114754098768e-01 0.000000000000000000e+00 
2.042750455439090729e-02 6.076427176594734192e-02 0.000000000000000000e+00 1.000000000000000000e+00 9.839743589743589203e-01 0.000000000000000000e+00 9.689440993788820400e-01 0.000000000000000000e+00 1.000000000000000000e+00 0.000000000000000000e+00 
1.674989052116870880e-02 4.928981885313987732e-02 0.000000000000000000e+00 1.000000000000000000e+00 9.855769230769231282e-01 0.000000000000000000e+00 9.719626168224299034e-01 0.000000000000000000e+00 1.000000000000000000e+00 0.000000000000000000e+00 
1.469993777573108673e-02 4.696009308099746704e-02 0.000000000000000000e+00 1.000000000000000000e+00 9.855769230769231282e-01 0.000000000000000000e+00 9.719626168224299034e-01 0.000000000000000000e+00 1.000000000000000000e+00 0.000000000000000000e+00 
1.316242571920156479e-02 4.253391921520233154e-02 0.000000000000000000e+00 1.000000000000000000e+00 9.871794871794872250e-01 0.000000000000000000e+00 9.749999999999999778e-01 0.000000000000000000e+00 1.000000000000000000e+00 0.000000000000000000e+00 
1.129270531237125397e-02 3.937515988945960999e-02 0.000000000000000000e+00 1.000000000000000000e+00 9.871794871794872250e-01 0.000000000000000000e+00 9.749999999999999778e-01 0.000000000000000000e+00 1.000000000000000000e+00 0.000000000000000000e+00 
1.046708039939403534e-02 3.552350029349327087e-02 0.000000000000000000e+00 1.000000000000000000e+00 9.871794871794872250e-01 0.000000000000000000e+00 9.749999999999999778e-01 0.000000000000000000e+00 1.000000000000000000e+00 0.000000000000000000e+00 
8.886731229722499847e-03 3.374319151043891907e-02 0.000000000000000000e+00 1.000000000000000000e+00 9.871794871794872250e-01 0.000000000000000000e+00 9.749999999999999778e-01 0.000000000000000000e+00 1.000000000000000000e+00 0.000000000000000000e+00 
7.593540474772453308e-03 3.385172784328460693e-02 0.000000000000000000e+00 1.000000000000000000e+00 9.871794871794872250e-01 0.000000000000000000e+00 9.749999999999999778e-01 0.000000000000000000e+00 1.000000000000000000e+00 0.000000000000000000e+00 
6.856441497802734375e-03 3.676922991871833801e-02 0.000000000000000000e+00 1.000000000000000000e+00 9.871794871794872250e-01 0.000000000000000000e+00 9.749999999999999778e-01 0.000000000000000000e+00 1.000000000000000000e+00 0.000000000000000000e+00 
6.243196781724691391e-03 3.786451369524002075e-02 0.000000000000000000e+00 1.000000000000000000e+00 9.871794871794872250e-01 0.000000000000000000e+00 9.749999999999999778e-01 0.000000000000000000e+00 1.000000000000000000e+00 0.000000000000000000e+00 
5.660278256982564926e-03 3.227536007761955261e-02 0.000000000000000000e+00 1.000000000000000000e+00 9.871794871794872250e-01 0.000000000000000000e+00 9.749999999999999778e-01 0.000000000000000000e+00 1.000000000000000000e+00 0.000000000000000000e+00 
5.376749206334352493e-03 3.430214896798133850e-02 0.000000000000000000e+00 1.000000000000000000e+00 9.871794871794872250e-01 0.000000000000000000e+00 9.749999999999999778e-01 0.000000000000000000e+00 1.000000000000000000e+00 0.000000000000000000e+00 
5.114127881824970245e-03 3.408599644899368286e-02 0.000000000000000000e+00 1.000000000000000000e+00 9.871794871794872250e-01 0.000000000000000000e+00 9.749999999999999778e-01 0.000000000000000000e+00 1.000000000000000000e+00 0.000000000000000000e+00 
4.560944624245166779e-03 2.861864864826202393e-02 0.000000000000000000e+00 1.000000000000000000e+00 9.871794871794872250e-01 0.000000000000000000e+00 9.749999999999999778e-01 0.000000000000000000e+00 1.000000000000000000e+00 0.000000000000000000e+00 
4.378115758299827576e-03 2.880169823765754700e-02 0.000000000000000000e+00 1.000000000000000000e+00 9.871794871794872250e-01 0.000000000000000000e+00 9.749999999999999778e-01 0.000000000000000000e+00 1.000000000000000000e+00 0.000000000000000000e+00 
4.099613986909389496e-03 2.813133783638477325e-02 0.000000000000000000e+00 1.000000000000000000e+00 9.871794871794872250e-01 0.000000000000000000e+00 9.749999999999999778e-01 0.000000000000000000e+00 1.000000000000000000e+00 0.000000000000000000e+00 
3.831863403320312500e-03 3.007311373949050903e-02 0.000000000000000000e+00 1.000000000000000000e+00 9.871794871794872250e-01 0.000000000000000000e+00 9.749999999999999778e-01 0.000000000000000000e+00 1.000000000000000000e+00 0.000000000000000000e+00 
3.592311870306730270e-03 3.047798946499824524e-02 0.000000000000000000e+00 1.000000000000000000e+00 9.871794871794872250e-01 0.000000000000000000e+00 9.749999999999999778e-01 0.000000000000000000e+00 1.000000000000000000e+00 0.000000000000000000e+00 
3.409049706533551216e-03 2.778609097003936768e-02 0.000000000000000000e+00 1.000000000000000000e+00 9.871794871794872250e-01 0.000000000000000000e+00 9.749999999999999778e-01 0.000000000000000000e+00 1.000000000000000000e+00 0.000000000000000000e+00 
3.305471269413828850e-03 2.580276876688003540e-02 0.000000000000000000e+00 1.000000000000000000e+00 9.887820512820513219e-01 0.000000000000000000e+00 9.780564263322883978e-01 0.000000000000000000e+00 1.000000000000000000e+00 0.000000000000000000e+00 
3.138559870421886444e-03 2.901976555585861206e-02 0.000000000000000000e+00 1.000000000000000000e+00 9.871794871794872250e-01 0.000000000000000000e+00 9.749999999999999778e-01 0.000000000000000000e+00 1.000000000000000000e+00 0.000000000000000000e+00 
3.040102310478687286e-03 2.483920566737651825e-02 0.000000000000000000e+00 1.000000000000000000e+00 9.887820512820513219e-01 0.000000000000000000e+00 9.780564263322883978e-01 0.000000000000000000e+00 1.000000000000000000e+00 0.000000000000000000e+00 
2.844909671694040298e-03 2.599828317761421204e-02 0.000000000000000000e+00 1.000000000000000000e+00 9.887820512820513219e-01 0.000000000000000000e+00 9.780564263322883978e-01 0.000000000000000000e+00 1.000000000000000000e+00 0.000000000000000000e+00 
2.750604879111051559e-03 2.442533895373344421e-02 0.000000000000000000e+00 1.000000000000000000e+00 9.887820512820513219e-01 0.000000000000000000e+00 9.780564263322883978e-01 0.000000000000000000e+00 1.000000000000000000e+00 0.000000000000000000e+00 
2.671174006536602974e-03 2.424496226012706757e-02 0.000000000000000000e+00 1.000000000000000000e+00 9.903846153846154188e-01 0.000000000000000000e+00 9.811320754716981174e-01 0.000000000000000000e+00 1.000000000000000000e+00 0.000000000000000000e+00 
2.561390399932861328e-03 2.047621831297874451e-02 0.000000000000000000e+00 1.000000000000000000e+00 9.919871794871795156e-01 0.000000000000000000e+00 9.873015873015873467e-01 0.000000000000000000e+00 9.967637540453074818e-01 0.000000000000000000e+00 
2.443531993776559830e-03 2.375070936977863312e-02 0.000000000000000000e+00 1.000000000000000000e+00 9.919871794871795156e-01 0.000000000000000000e+00 9.842271293375394192e-01 0.000000000000000000e+00 1.000000000000000000e+00 0.000000000000000000e+00 
2.226759679615497589e-03 2.203199826180934906e-02 0.000000000000000000e+00 1.000000000000000000e+00 9.935897435897436125e-01 0.000000000000000000e+00 9.873417721518987777e-01 0.000000000000000000e+00 1.000000000000000000e+00 0.000000000000000000e+00 
1.945016789250075817e-03 2.142011560499668121e-02 0.000000000000000000e+00 1.000000000000000000e+00 9.935897435897436125e-01 0.000000000000000000e+00 9.873417721518987777e-01 0.000000000000000000e+00 1.000000000000000000e+00 0.000000000000000000e+00 
1.760105136781930923e-03 2.110233157873153687e-02 0.000000000000000000e+00 1.000000000000000000e+00 9.935897435897436125e-01 0.000000000000000000e+00 9.873417721518987777e-01 0.000000000000000000e+00 1.000000000000000000e+00 0.000000000000000000e+00 
1.666323514655232430e-03 2.147465199232101440e-02 0.000000000000000000e+00 1.000000000000000000e+00 9.935897435897436125e-01 0.000000000000000000e+00 9.873417721518987777e-01 0.000000000000000000e+00 1.000000000000000000e+00 0.000000000000000000e+00 
1.554894959554076195e-03 2.044703997671604156e-02 0.000000000000000000e+00 1.000000000000000000e+00 9.919871794871795156e-01 0.000000000000000000e+00 9.873015873015873467e-01 0.000000000000000000e+00 9.967637540453074818e-01 0.000000000000000000e+00 
1.459433697164058685e-03 2.045005187392234802e-02 0.000000000000000000e+00 1.000000000000000000e+00 9.919871794871795156e-01 0.000000000000000000e+00 9.873015873015873467e-01 0.000000000000000000e+00 9.967637540453074818e-01 0.000000000000000000e+00 
1.379942521452903748e-03 2.078827470541000366e-02 0.000000000000000000e+00 1.000000000000000000e+00 9.919871794871795156e-01 0.000000000000000000e+00 9.873015873015873467e-01 0.000000000000000000e+00 9.967637540453074818e-01 0.000000000000000000e+00 
1.341770286671817303e-03 2.044840529561042786e-02 0.000000000000000000e+00 1.000000000000000000e+00 9.919871794871795156e-01 0.000000000000000000e+00 9.873015873015873467e-01 0.000000000000000000e+00 9.967637540453074818e-01 0.000000000000000000e+00 
1.281218486838042736e-03 2.008648589253425598e-02 0.000000000000000000e+00 1.000000000000000000e+00 9.919871794871795156e-01 0.000000000000000000e+00 9.873015873015873467e-01 0.000000000000000000e+00 9.967637540453074818e-01 0.000000000000000000e+00 
1.264799386262893677e-03 1.978349313139915466e-02 0.000000000000000000e+00 1.000000000000000000e+00 9.919871794871795156e-01 0.000000000000000000e+00 9.873015873015873467e-01 0.000000000000000000e+00 9.967637540453074818e-01 0.000000000000000000e+00 
1.218031975440680981e-03 2.056271769106388092e-02 0.000000000000000000e+00 1.000000000000000000e+00 9.919871794871795156e-01 0.000000000000000000e+00 9.873015873015873467e-01 0.000000000000000000e+00 9.967637540453074818e-01 0.000000000000000000e+00 
1.156393904238939285e-03 2.136589959263801575e-02 0.000000000000000000e+00 1.000000000000000000e+00 9.935897435897436125e-01 0.000000000000000000e+00 9.873417721518987777e-01 0.000000000000000000e+00 1.000000000000000000e+00 0.000000000000000000e+00 
1.121550565585494041e-03 1.896131038665771484e-02 0.000000000000000000e+00 1.000000000000000000e+00 9.919871794871795156e-01 0.000000000000000000e+00 9.873015873015873467e-01 0.000000000000000000e+00 9.967637540453074818e-01 0.000000000000000000e+00 
1.091401092708110809e-03 2.049728296697139740e-02 0.000000000000000000e+00 1.000000000000000000e+00 9.919871794871795156e-01 0.000000000000000000e+00 9.873015873015873467e-01 0.000000000000000000e+00 9.967637540453074818e-01 0.000000000000000000e+00 
1.070154248736798763e-03 1.915525458753108978e-02 0.000000000000000000e+00 1.000000000000000000e+00 9.919871794871795156e-01 0.000000000000000000e+00 9.873015873015873467e-01 0.000000000000000000e+00 9.967637540453074818e-01 0.000000000000000000e+00 
1.013868255540728569e-03 1.981664076447486877e-02 0.000000000000000000e+00 1.000000000000000000e+00 9.919871794871795156e-01 0.000000000000000000e+00 9.873015873015873467e-01 0.000000000000000000e+00 9.967637540453074818e-01 0.000000000000000000e+00 
9.819313418120145798e-04 1.904015429317951202e-02 0.000000000000000000e+00 1.000000000000000000e+00 9.919871794871795156e-01 0.000000000000000000e+00 9.873015873015873467e-01 0.000000000000000000e+00 9.967637540453074818e-01 0.000000000000000000e+00 
9.708403376862406731e-04 2.022556588053703308e-02 0.000000000000000000e+00 1.000000000000000000e+00 9.919871794871795156e-01 0.000000000000000000e+00 9.873015873015873467e-01 0.000000000000000000e+00 9.967637540453074818e-01 0.000000000000000000e+00 
9.515642886981368065e-04 1.926653832197189331e-02 0.000000000000000000e+00 1.000000000000000000e+00 9.919871794871795156e-01 0.000000000000000000e+00 9.873015873015873467e-01 0.000000000000000000e+00 9.967637540453074818e-01 0.000000000000000000e+00 
9.141362970694899559e-04 1.954645663499832153e-02 0.000000000000000000e+00 1.000000000000000000e+00 9.919871794871795156e-01 0.000000000000000000e+00 9.873015873015873467e-01 0.000000000000000000e+00 9.967637540453074818e-01 0.000000000000000000e+00 
8.936992380768060684e-04 2.215613797307014465e-02 0.000000000000000000e+00 1.000000000000000000e+00 9.935897435897436125e-01 0.000000000000000000e+00 9.873417721518987777e-01 0.000000000000000000e+00 1.000000000000000000e+00 0.000000000000000000e+00 
8.627544739283621311e-04 1.827950589358806610e-02 0.000000000000000000e+00 1.000000000000000000e+00 9.919871794871795156e-01 0.000000000000000000e+00 9.873015873015873467e-01 0.000000000000000000e+00 9.967637540453074818e-01 0.000000000000000000e+00 
8.497239323332905769e-04 1.944741234183311462e-02 0.000000000000000000e+00 1.000000000000000000e+00 9.919871794871795156e-01 0.000000000000000000e+00 9.873015873015873467e-01 0.000000000000000000e+00 9.967637540453074818e-01 0.000000000000000000e+00 
8.230003877542912960e-04 1.886411197483539581e-02 0.000000000000000000e+00 1.000000000000000000e+00 9.919871794871795156e-01 0.000000000000000000e+00 9.873015873015873467e-01 0.000000000000000000e+00 9.967637540453074818e-01 0.000000000000000000e+00 
8.097616373561322689e-04 1.829614117741584778e-02 0.000000000000000000e+00 1.000000000000000000e+00 9.919871794871795156e-01 0.000000000000000000e+00 9.873015873015873467e-01 0.000000000000000000e+00 9.967637540453074818e-01 0.000000000000000000e+00 
8.452000329270958900e-04 1.929470896720886230e-02 0.000000000000000000e+00 1.000000000000000000e+00 9.919871794871795156e-01 0.000000000000000000e+00 9.873015873015873467e-01 0.000000000000000000e+00 9.967637540453074818e-01 0.000000000000000000e+00 
7.674256339669227600e-04 1.949340291321277618e-02 0.000000000000000000e+00 1.000000000000000000e+00 9.919871794871795156e-01 0.000000000000000000e+00 9.873015873015873467e-01 0.000000000000000000e+00 9.967637540453074818e-01 0.000000000000000000e+00 
7.709385245107114315e-04 1.892261952161788940e-02 0.000000000000000000e+00 1.000000000000000000e+00 9.919871794871795156e-01 0.000000000000000000e+00 9.873015873015873467e-01 0.000000000000000000e+00 9.967637540453074818e-01 0.000000000000000000e+00 
7.339657167904078960e-04 1.964886114001274109e-02 0.000000000000000000e+00 1.000000000000000000e+00 9.919871794871795156e-01 0.000000000000000000e+00 9.873015873015873467e-01 0.000000000000000000e+00 9.967637540453074818e-01 0.000000000000000000e+00 
7.231109193526208401e-04 1.872212067246437073e-02 0.000000000000000000e+00 1.000000000000000000e+00 9.919871794871795156e-01 0.000000000000000000e+00 9.873015873015873467e-01 0.000000000000000000e+00 9.967637540453074818e-01 0.000000000000000000e+00 
6.958158337511122227e-04 1.914271898567676544e-02 0.000000000000000000e+00 1.000000000000000000e+00 9.919871794871795156e-01 0.000000000000000000e+00 9.873015873015873467e-01 0.000000000000000000e+00 9.967637540453074818e-01 0.000000000000000000e+00 
6.882139132358133793e-04 1.786828413605690002e-02 0.000000000000000000e+00 1.000000000000000000e+00 9.919871794871795156e-01 0.000000000000000000e+00 9.873015873015873467e-01 0.000000000000000000e+00 9.967637540453074818e-01 0.000000000000000000e+00 
6.730325985699892044e-04 1.839397847652435303e-02 0.000000000000000000e+00 1.000000000000000000e+00 9.919871794871795156e-01 0.000000000000000000e+00 9.873015873015873467e-01 0.000000000000000000e+00 9.967637540453074818e-01 0.000000000000000000e+00 
6.567929522134363651e-04 1.771446317434310913e-02 0.000000000000000000e+00 1.000000000000000000e+00 9.919871794871795156e-01 0.000000000000000000e+00 9.873015873015873467e-01 0.000000000000000000e+00 9.967637540453074818e-01 0.000000000000000000e+00 
6.334669305942952633e-04 2.046152949333190918e-02 0.000000000000000000e+00 1.000000000000000000e+00 9.919871794871795156e-01 0.000000000000000000e+00 9.873015873015873467e-01 0.000000000000000000e+00 9.967637540453074818e-01 0.000000000000000000e+00 
6.233291351236402988e-04 1.756167039275169373e-02 0.000000000000000000e+00 1.000000000000000000e+00 9.919871794871795156e-01 0.000000000000000000e+00 9.873015873015873467e-01 0.000000000000000000e+00 9.967637540453074818e-01 0.000000000000000000e+00 
6.231160368770360947e-04 1.784899644553661346e-02 0.000000000000000000e+00 1.000000000000000000e+00 9.919871794871795156e-01 0.000000000000000000e+00 9.873015873015873467e-01 0.000000000000000000e+00 9.967637540453074818e-01 0.000000000000000000e+00 
6.050713709555566311e-04 1.788134500384330750e-02 0.000000000000000000e+00 1.000000000000000000e+00 9.919871794871795156e-01 0.000000000000000000e+00 9.873015873015873467e-01 0.000000000000000000e+00 9.967637540453074818e-01 0.000000000000000000e+00 
5.881518591195344925e-04 1.728868111968040466e-02 0.000000000000000000e+00 1.000000000000000000e+00 9.919871794871795156e-01 0.000000000000000000e+00 9.873015873015873467e-01 0.000000000000000000e+00 9.967637540453074818e-01 0.000000000000000000e+00 
5.769811104983091354e-04 1.832360588014125824e-02 0.000000000000000000e+00 1.000000000000000000e+00 9.919871794871795156e-01 0.000000000000000000e+00 9.873015873015873467e-01 0.000000000000000000e+00 9.967637540453074818e-01 0.000000000000000000e+00 
5.670974496752023697e-04 1.895046792924404144e-02 0.000000000000000000e+00 1.000000000000000000e+00 9.919871794871795156e-01 0.000000000000000000e+00 9.873015873015873467e-01 0.000000000000000000e+00 9.967637540453074818e-01 0.000000000000000000e+00 
5.839165532961487770e-04 1.764162629842758179e-02 0.000000000000000000e+00 1.000000000000000000e+00 9.919871794871795156e-01 0.000000000000000000e+00 9.873015873015873467e-01 0.000000000000000000e+00 9.967637540453074818e-01 0.000000000000000000e+00 
5.524199223145842552e-04 1.842806674540042877e-02 0.000000000000000000e+00 1.000000000000000000e+00 9.919871794871795156e-01 0.000000000000000000e+00 9.873015873015873467e-01 0.000000000000000000e+00 9.967637540453074818e-01 0.000000000000000000e+00 
5.424655973911285400e-04 1.858647726476192474e-02 0.000000000000000000e+00 1.000000000000000000e+00 9.919871794871795156e-01 0.000000000000000000e+00 9.873015873015873467e-01 0.000000000000000000e+00 9.967637540453074818e-01 0.000000000000000000e+00 
5.363314412534236908e-04 1.805009879171848297e-02 0.000000000000000000e+00 1.000000000000000000e+00 9.919871794871795156e-01 0.000000000000000000e+00 9.873015873015873467e-01 0.000000000000000000e+00 9.967637540453074818e-01 0.000000000000000000e+00 
5.298805190250277519e-04 1.795883104205131531e-02 0.000000000000000000e+00 1.000000000000000000e+00 9.919871794871795156e-01 0.000000000000000000e+00 9.873015873015873467e-01 0.000000000000000000e+00 9.967637540453074818e-01 0.000000000000000000e+00 
5.124217132106423378e-04 1.724996231496334076e-02 0.000000000000000000e+00 1.000000000000000000e+00 9.919871794871795156e-01 0.000000000000000000e+00 9.873015873015873467e-01 0.000000000000000000e+00 9.967637540453074818e-01 0.000000000000000000e+00 
5.001858808100223541e-04 1.754280924797058105e-02 0.000000000000000000e+00 1.000000000000000000e+00 9.919871794871795156e-01 0.000000000000000000e+00 9.873015873015873467e-01 0.000000000000000000e+00 9.967637540453074818e-01 0.000000000000000000e+00 
4.989392473362386227e-04 1.748992688953876495e-02 0.000000000000000000e+00 1.000000000000000000e+00 9.919871794871795156e-01 0.000000000000000000e+00 9.873015873015873467e-01 0.000000000000000000e+00 9.967637540453074818e-01 0.000000000000000000e+00 
4.839994944632053375e-04 1.738084480166435242e-02 0.000000000000000000e+00 1.000000000000000000e+00 9.919871794871795156e-01 0.000000000000000000e+00 9.873015873015873467e-01 0.000000000000000000e+00 9.967637540453074818e-01 0.000000000000000000e+00 
4.834203282371163368e-04 1.739583350718021393e-02 0.000000000000000000e+00 1.000000000000000000e+00 9.919871794871795156e-01 0.000000000000000000e+00 9.873015873015873467e-01 0.000000000000000000e+00 9.967637540453074818e-01 0.000000000000000000e+00 
4.794879641849547625e-04 1.822014898061752319e-02 0.000000000000000000e+00 1.000000000000000000e+00 9.919871794871795156e-01 0.000000000000000000e+00 9.873015873015873467e-01 0.000000000000000000e+00 9.967637540453074818e-01 0.000000000000000000e+00 
4.683381994254887104e-04 1.723999716341495514e-02 0.000000000000000000e+00 1.000000000000000000e+00 9.919871794871795156e-01 0.000000000000000000e+00 9.873015873015873467e-01 0.000000000000000000e+00 9.967637540453074818e-01 0.000000000000000000e+00 
4.635564400814473629e-04 1.771524734795093536e-02 0.000000000000000000e+00 1.000000000000000000e+00 9.919871794871795156e-01 0.000000000000000000e+00 9.873015873015873467e-01 0.000000000000000000e+00 9.967637540453074818e-01 0.000000000000000000e+00 
4.578254302032291889e-04 1.789554208517074585e-02 0.000000000000000000e+00 1.000000000000000000e+00 9.919871794871795156e-01 0.000000000000000000e+00 9.873015873015873467e-01 0.000000000000000000e+00 9.967637540453074818e-01 0.000000000000000000e+00 
4.517376364674419165e-04 2.212643995881080627e-02 0.000000000000000000e+00 1.000000000000000000e+00 9.935897435897436125e-01 0.000000000000000000e+00 9.873417721518987777e-01 0.000000000000000000e+00 1.000000000000000000e+00 0.000000000000000000e+00 
4.394733114168047905e-04 1.681770384311676025e-02 0.000000000000000000e+00 1.000000000000000000e+00 9.919871794871795156e-01 0.000000000000000000e+00 9.873015873015873467e-01 0.000000000000000000e+00 9.967637540453074818e-01 0.000000000000000000e+00 
4.398146993480622768e-04 1.869460381567478180e-02 0.000000000000000000e+00 1.000000000000000000e+00 9.919871794871795156e-01 0.000000000000000000e+00 9.873015873015873467e-01 0.000000000000000000e+00 9.967637540453074818e-01 0.000000000000000000e+00 
4.279830318409949541e-04 1.758983358740806580e-02 0.000000000000000000e+00 1.000000000000000000e+00 9.919871794871795156e-01 0.000000000000000000e+00 9.873015873015873467e-01 0.000000000000000000e+00 9.967637540453074818e-01 0.000000000000000000e+00 
4.332671524025499821e-04 1.720856875181198120e-02 0.000000000000000000e+00 1.000000000000000000e+00 9.919871794871795156e-01 0.000000000000000000e+00 9.873015873015873467e-01 0.000000000000000000e+00 9.967637540453074818e-01 0.000000000000000000e+00 
4.221314156893640757e-04 1.762888021767139435e-02 0.000000000000000000e+00 1.000000000000000000e+00 9.919871794871795156e-01 0.000000000000000000e+00 9.873015873015873467e-01 0.000000000000000000e+00 9.967637540453074818e-01 0.000000000000000000e+00 
4.201866104267537594e-04 1.709054782986640930e-02 0.000000000000000000e+00 1.000000000000000000e+00 9.919871794871795156e-01 0.000000000000000000e+00 9.873015873015873467e-01 0.000000000000000000e+00 9.967637540453074818e-01 0.000000000000000000e+00 
4.117397766094654799e-04 1.706400699913501740e-02 0.000000000000000000e+00 1.000000000000000000e+00 9.919871794871795156e-01 0.000000000000000000e+00 9.873015873015873467e-01 0.000000000000000000e+00 9.967637540453074818e-01 0.000000000000000000e+00 
4.064152017235755920e-04 1.796132512390613556e-02 0.000000000000000000e+00 1.000000000000000000e+00 9.919871794871795156e-01 0.000000000000000000e+00 9.873015873015873467e-01 0.000000000000000000e+00 9.967637540453074818e-01 0.000000000000000000e+00 
4.037016769871115685e-04 1.711118780076503754e-02 0.000000000000000000e+00 1.000000000000000000e+00 9.919871794871795156e-01 0.000000000000000000e+00 9.873015873015873467e-01 0.000000000000000000e+00 9.967637540453074818e-01 0.000000000000000000e+00 
3.951095277443528175e-04 1.739869453012943268e-02 0.000000000000000000e+00 1.000000000000000000e+00 9.919871794871795156e-01 0.000000000000000000e+00 9.873015873015873467e-01 0.000000000000000000e+00 9.967637540453074818e-01 0.000000000000000000e+00 
3.916506539098918438e-04 1.681301742792129517e-02 0.000000000000000000e+00 1.000000000000000000e+00 9.919871794871795156e-01 0.000000000000000000e+00 9.873015873015873467e-01 0.000000000000000000e+00 9.967637540453074818e-01 0.000000000000000000e+00 
3.896121925208717585e-04 1.653069257736206055e-02 0.000000000000000000e+00 1.000000000000000000e+00 9.919871794871795156e-01 0.000000000000000000e+00 9.873015873015873467e-01 0.000000000000000000e+00 9.967637540453074818e-01 0.000000000000000000e+00 
3.775375953409820795e-04 1.682933419942855835e-02 0.000000000000000000e+00 1.000000000000000000e+00 9.919871794871795156e-01 0.000000000000000000e+00 9.873015873015873467e-01 0.000000000000000000e+00 9.967637540453074818e-01 0.000000000000000000e+00 
3.787517489399760962e-04 1.721601188182830811e-02 0.000000000000000000e+00 1.000000000000000000e+00 9.919871794871795156e-01 0.000000000000000000e+00 9.873015873015873467e-01 0.000000000000000000e+00 9.967637540453074818e-01 0.000000000000000000e+00 
3.710485761985182762e-04 1.732075214385986328e-02 0.000000000000000000e+00 1.000000000000000000e+00 9.919871794871795156e-01 0.000000000000000000e+00 9.873015873015873467e-01 0.000000000000000000e+00 9.967637540453074818e-01 0.000000000000000000e+00 
3.758401144295930862e-04 1.668499782681465149e-02 0.000000000000000000e+00 1.000000000000000000e+00 9.919871794871795156e-01 0.000000000000000000e+00 9.873015873015873467e-01 0.000000000000000000e+00 9.967637540453074818e-01 0.000000000000000000e+00 
3.646534751169383526e-04 1.734731532633304596e-02 0.000000000000000000e+00 1.000000000000000000e+00 9.919871794871795156e-01 0.000000000000000000e+00 9.873015873015873467e-01 0.000000000000000000e+00 9.967637540453074818e-01 0.000000000000000000e+00 
3.592470893636345863e-04 1.663211174309253693e-02 0.000000000000000000e+00 1.000000000000000000e+00 9.919871794871795156e-01 0.000000000000000000e+00 9.873015873015873467e-01 0.000000000000000000e+00 9.967637540453074818e-01 0.000000000000000000e+00 
3.544718783814460039e-04 1.665826328098773956e-02 0.000000000000000000e+00 1.000000000000000000e+00 9.919871794871795156e-01 0.000000000000000000e+00 9.873015873015873467e-01 0.000000000000000000e+00 9.967637540453074818e-01 0.000000000000000000e+00 
3.481252933852374554e-04 1.656624861061573029e-02 0.000000000000000000e+00 1.000000000000000000e+00 9.919871794871795156e-01 0.000000000000000000e+00 9.873015873015873467e-01 0.000000000000000000e+00 9.967637540453074818e-01 0.000000000000000000e+00 
