0.000000000000000000e+00 0.000000000000000000e+00 0.000000000000000000e+00 0.000000000000000000e+00 2.551020408163265363e-01 7.381882302757232228e-01 6.762534537281283953e-01 6.305072446525453733e-01 5.901392890553274206e-01 5.546428222180450618e-01 5.501967779083166699e-01 5.576410793336767924e-01 5.607591090122592270e-01 5.607972318391641897e-01 5.607972318391641897e-01 5.607972318391641897e-01 5.607972318391641897e-01 5.607972318391641897e-01 5.607972318391641897e-01 5.607972318391641897e-01 5.607972318391641897e-01 5.607972318391641897e-01 5.607972318391641897e-01 5.607545236021969082e-01 5.597584745336806611e-01 5.556976839378346966e-01 5.492762287646615338e-01 5.470879163262948319e-01 5.685660896091550010e-01 6.030328205187019952e-01 6.428943126047019785e-01 3.061224489795918435e-01 0.000000000000000000e+00 0.000000000000000000e+00 0.000000000000000000e+00 0.000000000000000000e+00 0.000000000000000000e+00 0.000000000000000000e+00 
0.000000000000000000e+00 0.000000000000000000e+00 0.000000000000000000e+00 8.594342873679603478e-01 7.997242601627814196e-01 7.617887218969466856e-01 7.199705805024800842e-01 6.873113329092270796e-01 6.582621983561920409e-01 6.331522300242876655e-01 6.174070817890452423e-01 6.121645626359045744e-01 6.128987840903499240e-01 6.185322390428584782e-01 6.259807601788529574e-01 6.338842378472941963e-01 6.392987860607903805e-01 6.398167972546160431e-01 6.398167972546160431e-01 6.398167972546160431e-01 6.398167972546160431e-01 6.398167972546160431e-01 6.391293553469727939e-01 6.321226823293162322e-01 6.223042294058244162e-01 6.167655565654550642e-01 6.168465415735318036e-01 6.260922367742389749e-01 6.472026170519608046e-01 6.762737037657272632e-01 7.067812960318505811e-01 7.404915055916770905e-01 7.733752964242143202e-01 8.118619343000574862e-01 8.601195692258577497e-01 8.924194569602729166e-01 0.000000000000000000e+00 0.000000000000000000e+00 
0.000000000000000000e+00 0.000000000000000000e+00 9.174379398439888034e-01 8.695504587864966162e-01 8.344677488540885868e-01 8.032130741221966685e-01 7.738489128595810174e-01 7.477070958584126625e-01 7.229876126982160978e-01 6.989049201434202052e-01 6.705875452258881486e-01 6.543199338834114753e-01 6.469470048627247172e-01 6.456208538938119634e-01 6.488568466092402565e-01 6.554247807101787338e-01 6.655897843422777793e-01 6.775628312446491108e-01 6.824454112001940853e-01 6.824454112001940853e-01 6.824454112001940853e-01 6.803144588032453699e-01 6.727986938861458821e-01 6.642772911655928647e-01 6.570447290386486339e-01 6.527459044325337745e-01 6.521152480073253432e-01 6.567152419278390330e-01 6.685203170210064494e-01 6.957088351775235768e-01 7.239921281435448552e-01 7.525815966016570213e-01 7.823689681708875243e-01 8.147850563443407301e-01 8.529177930034491650e-01 8.977050496786960210e-01 9.435174441199521977e-01 0.000000000000000000e+00 
0.000000000000000000e+00 9.387054900130279433e-01 8.930166540991691937e-01 8.536930656634097447e-01 8.208787942707939100e-01 7.901079077137348472e-01 7.626041294002746662e-01 7.358867137350123544e-01 7.110536697451441679e-01 6.882378289410074901e-01 6.744821114057919509e-01 6.683960487417991425e-01 6.674522666817442884e-01 6.692028816991162365e-01 6.732960938235460491e-01 6.797819229694435084e-01 6.878029746572126291e-01 6.978790004564708882e-01 7.071324015947437758e-01 7.077656174076772944e-01 7.054371855941014013e-01 6.951095428222979766e-01 6.850117746677455433e-01 6.775042906405047693e-01 6.747559132639588952e-01 6.771472788724036684e-01 6.868955837255440455e-01 7.046540796294714637e-01 7.318028653864723232e-01 7.598983433810025945e-01 7.859904435979907511e-01 8.104961950914083557e-01 8.363369810634735391e-01 8.629651585345506914e-01 8.890802005234647032e-01 9.213864053592704106e-01 9.512196027800117193e-01 9.730843419618929735e-01 
6.122448979591836593e-02 9.400443809704341902e-01 8.991648578531056257e-01 8.647126150991529814e-01 8.342688054862988922e-01 8.054956067767272687e-01 7.766277632625601113e-01 7.481661588172745514e-01 7.229070671656990799e-01 6.978985482013418951e-01 6.867382319399742974e-01 6.817526658123151950e-01 6.811655966007803542e-01 6.834918566090473213e-01 6.882498694218791568e-01 6.944111290274035397e-01 7.021187761944734929e-01 7.115599507643162180e-01 7.217004383248597499e-01 7.244957235819925456e-01 7.176765673995156858e-01 7.063897483377975517e-01 6.964707992424835625e-01 6.895100854726821105e-01 6.873044914870354294e-01 6.920783702471142718e-01 7.051825763152349547e-01 7.261653933623293256e-01 7.593790430048333873e-01 7.864477848586878261e-01 8.122108497132735083e-01 8.366054009246824963e-01 8.606874225827136904e-01 8.835156062953076761e-01 9.083266114266819180e-01 9.330423588952874159e-01 9.570228679087339207e-01 9.854945407133661739e-01 
9.881985838484227402e-01 9.368209893662311494e-01 9.041456597052446309e-01 8.749311115957930651e-01 8.493155176380084992e-01 8.239925539635004625e-01 7.998871992262038821e-01 7.758962880501721893e-01 7.519549530942134519e-01 7.289303092684589203e-01 7.133244141964035778e-01 7.037697884735278908e-01 6.980970754997908312e-01 6.970293920307278901e-01 6.988180564117930649e-01 7.034028424537425161e-01 7.105559541814221447e-01 7.202229571487288595e-01 7.332551778449400981e-01 7.395803957707598464e-01 7.282399115109835508e-01 7.172521782004555035e-01 7.089936954919107137e-01 7.038411928888674840e-01 7.028257124294841063e-01 7.059867317099034478e-01 7.147918973503207818e-01 7.304687227655533022e-01 7.537204168971777252e-01 7.774772897721007325e-01 8.011362072515149091e-01 8.262482343404675689e-01 8.496658581141166566e-01 8.733560771567147052e-01 8.972322961229722837e-01 9.212197079865145355e-01 9.472386807221493399e-01 9.775854584901148003e-01 
9.761914365071466815e-01 9.377961408945062471e-01 9.079990716981438670e-01 8.810318081644658017e-01 8.542100383479671599e-01 8.291362684741708788e-01 8.048738338917662549e-01 7.814157538921866486e-01 7.576768577017342077e-01 7.344529149540302004e-01 7.204187112060214115e-01 7.120362227359200435e-01 7.076504527979512460e-01 7.068951089876450711e-01 7.094973216292392859e-01 7.141177339660519374e-01 7.208753774296047245e-01 7.303349487162075215e-01 7.430195357751260277e-01 7.485343889169768783e-01 7.350307800941114911e-01 7.239884881272555806e-01 7.163219005146582719e-01 7.128236844394288951e-01 7.133285755508134152e-01 7.185129066230601103e-01 7.290962652273527134e-01 7.469328854852491650e-01 7.728851668580650758e-01 7.967237640900787232e-01 8.200352704754720889e-01 8.436651836140470762e-01 8.665752017269455765e-01 8.874127360390444696e-01 9.089718892766861513e-01 9.314208947119881898e-01 9.539888149312332200e-01 9.772090164220917918e-01 
9.792270654305733624e-01 9.488503181772949269e-01 9.217994946926492128e-01 8.977659987873201075e-01 8.739807519200184505e-01 8.501034043400460538e-01 8.265182950294479580e-01 8.027335857090298621e-01 7.788981894427654540e-01 7.560342260464166797e-01 7.380088959405762816e-01 7.264570704724203631e-01 7.199649521944991859e-01 7.176646884404935811e-01 7.183322195547707789e-01 7.221307436036349392e-01 7.288253051438190466e-01 7.380239713958558490e-01 7.513131265454268126e-01 7.579200258680165447e-01 7.454282215604645101e-01 7.353312499567087324e-01 7.275876313855181854e-01 7.228633652292109080e-01 7.219897709976340616e-01 7.252707138012274291e-01 7.338592829625979475e-01 7.486058869890556133e-01 7.698737690454682259e-01 7.940151340006745828e-01 8.176873585851879289e-01 8.410524477766164742e-01 8.635157069326293566e-01 8.863626962834606493e-01 9.084964227013333504e-01 9.297664403197369865e-01 9.537866861629462623e-01 9.770667895280051862e-01 
9.694276690986597389e-01 9.347229181769060036e-01 9.084175334170438987e-01 8.835127152218870128e-01 8.598524075061366734e-01 8.369294968578846472e-01 8.138440702250518965e-01 7.916670142766654150e-01 7.699267740637546487e-01 7.482241730436022253e-01 7.363769366574578479e-01 7.291021136710110762e-01 7.253706003062456720e-01 7.242868033932546856e-01 7.265236602121505349e-01 7.308749993511042264e-01 7.372776983469100376e-01 7.462322596247853435e-01 7.587196429706891676e-01 7.589195206447764130e-01 7.437702693943277765e-01 7.341417908689139571e-01 7.292591506315421190e-01 7.281937801841678048e-01 7.314888180549808938e-01 7.396883856090558096e-01 7.526713469977049931e-01 7.714847612301871660e-01 7.976411296760108627e-01 8.191695246686072629e-01 8.401724945307533776e-01 8.608046291188895527e-01 8.815084446195481371e-01 9.003060968862683922e-01 9.192094016754297492e-01 9.382719338688163546e-01 9.580817401690383539e-01 9.788338970176863052e-01 
9.803382265029310094e-01 9.571372905190538294e-01 9.374821999804908712e-01 9.169387504667478872e-01 8.961198972063617596e-01 8.757933955020321681e-01 8.540417988393688153e-01 8.322933810534596244e-01 8.096580758403083555e-01 7.877010569986400146e-01 7.649412240601751733e-01 7.492639506179444853e-01 7.395565403309801722e-01 7.341094740827750487e-01 7.326461883502682904e-01 7.343599063841351748e-01 7.401148944900437510e-01 7.489912815152787173e-01 7.629808671587202662e-01 7.709166708287663594e-01 7.590849194724135218e-01 7.494644579847242749e-01 7.422648500585997677e-01 7.375904721539390252e-01 7.355509821464750742e-01 7.373691152150801953e-01 7.431016634098001061e-01 7.540778309924643930e-01 7.701659396550727399e-01 7.939239322840483393e-01 8.172738226220188640e-01 8.395067253139840702e-01 8.620266262418604386e-01 8.841403591649447113e-01 9.071537197093418881e-01 9.283287000742902473e-01 9.508719594583492363e-01 9.768645601396115374e-01 
9.741273518505200180e-01 9.484429815988871804e-01 9.285611504658745075e-01 9.094287880693320281e-01 8.898392758141328018e-01 8.702634405330496037e-01 8.494187635747217913e-01 8.294407848219024215e-01 8.088740179226637794e-01 7.873690508182066283e-01 7.683491008793530419e-01 7.557057097829139591e-01 7.467654690065147483e-01 7.416272217809329881e-01 7.396450885995198288e-01 7.412912613965843001e-01 7.465828693050918785e-01 7.546424093198421668e-01 7.680890948828781317e-01 7.728155174175470599e-01 7.595498940736462590e-01 7.509147752074256665e-01 7.451855383727712390e-01 7.425254390591050635e-01 7.430140954649060436e-01 7.473093384335524059e-01 7.549558533222526790e-01 7.671583942180192350e-01 7.853460347542556841e-01 8.070864357677232093e-01 8.272812703899224962e-01 8.480383086604948994e-01 8.686717697486754375e-01 8.899762874730596796e-01 9.101065744076968222e-01 9.287439830594468315e-01 9.503983110354189412e-01 9.751032720059840120e-01 
9.740727421658915697e-01 9.491433956803325689e-01 9.291126348722693606e-01 9.074560789382156711e-01 8.857530549964118816e-01 8.642803691415966716e-01 8.437350098768139350e-01 8.217549159412206317e-01 7.998170896912295547e-01 7.782923986980531117e-01 7.639721317367920150e-01 7.540852051912707577e-01 7.480100318252699276e-01 7.451188659559424554e-01 7.455072944874064911e-01 7.484541503338670854e-01 7.541420889678683848e-01 7.626839546309086559e-01 7.753655935150812750e-01 7.754682802112085049e-01 7.617301557302811332e-01 7.527559163493482419e-01 7.480307596043719309e-01 7.469634729833543041e-01 7.497894143757126706e-01 7.560047653427497405e-01 7.675503231238119950e-01 7.843456611466345096e-01 8.068369635132675022e-01 8.274358815773932285e-01 8.477653398793379980e-01 8.674893317072293053e-01 8.869394641828782788e-01 9.051548548157899443e-01 9.233803179597570576e-01 9.403089009873184523e-01 9.584161987901349544e-01 9.791648342755385759e-01 
9.751277432005862611e-01 9.526483722766321272e-01 9.319209864918293063e-01 9.123200841227945279e-01 8.918809297864092045e-01 8.715484106140852782e-01 8.512510875204730709e-01 8.310068243116907061e-01 8.097851898826884387e-01 7.886728008867767148e-01 7.728241307173101537e-01 7.614898825037645924e-01 7.544873979913939710e-01 7.512867637311245739e-01 7.505821795429244991e-01 7.527154228770072120e-01 7.579858354719108959e-01 7.664237574600580860e-01 7.791985614464714827e-01 7.796589832265546915e-01 7.661876174455853894e-01 7.580239400509346526e-01 7.532139158018333891e-01 7.519997287003316044e-01 7.543861573818294586e-01 7.603494536253619929e-01 7.701188530793346976e-01 7.853188935939721116e-01 8.059170723946489368e-01 8.266464604505779912e-01 8.472440205269489155e-01 8.668631308485763576e-01 8.850129165839321077e-01 9.038555133331495073e-01 9.226683665414397995e-01 9.401443844114629744e-01 9.581765972723627067e-01 9.780107644575826153e-01 
9.830582427003836665e-01 9.668160292404782696e-01 9.524505729452955594e-01 9.370225199501015512e-01 9.223208000448294142e-01 9.067786948434894967e-01 8.896035586916223314e-01 8.720226577225866915e-01 8.535160310067119172e-01 8.346584520503660398e-01 8.058104835181736370e-01 7.842818603166910041e-01 7.686772587011230229e-01 7.573520821143617798e-01 7.500673785320635112e-01 7.477072981292693932e-01 7.498307046615423355e-01 7.568769207849749270e-01 7.709329233020669747e-01 7.829903417194419291e-01 7.714409942638913442e-01 7.626909238131158730e-01 7.565450480408942857e-01 7.519045722457132763e-01 7.491267315060683440e-01 7.491960363101649589e-01 7.517191997680339188e-01 7.575109954547964985e-01 7.666120993086812385e-01 7.884905467272645962e-01 8.100002673615408488e-01 8.311351931193450282e-01 8.529416031806438259e-01 8.757542395938830992e-01 8.976664094157918994e-01 9.201049174754041271e-01 9.439490354803103944e-01 9.696934462959138079e-01 
9.766631349052605771e-01 9.564929143979131743e-01 9.370126742886987214e-01 9.186092163412244993e-01 9.008208451354446922e-01 8.819761224072892869e-01 8.628746922690813115e-01 8.434872043399022079e-01 8.229985921123590398e-01 8.028512570500501155e-01 7.857820268068231861e-01 7.734105391395733609e-01 7.652661006094216845e-01 7.606564398769820601e-01 7.589818858813732749e-01 7.599727665708977398e-01 7.645879908038096806e-01 7.722913918165916769e-01 7.849802987596439241e-01 7.860488518021133686e-01 7.732850431369114874e-01 7.655157289797879239e-01 7.611520788837959905e-01 7.596149163116839853e-01 7.616430726927624351e-01 7.670171651306987304e-01 7.760811114274497324e-01 7.898813846590749810e-01 8.081453035538321839e-01 8.284069961918446579e-01 8.482975254175850743e-01 8.674554076866924923e-01 8.856960173968404515e-01 9.036454863100354951e-01 9.221219452637716696e-01 9.392210986447355747e-01 9.580567131590724816e-01 9.779068705923010807e-01 
9.664058104433388419e-01 9.402987514114138357e-01 9.173639625047883550e-01 8.959578096152138738e-01 8.744800893590336521e-01 8.535583190765290151e-01 8.336581207589919273e-01 8.134132228923752761e-01 7.936449236488097858e-01 7.731652616671872424e-01 7.643588573077986226e-01 7.592453679163299052e-01 7.563175612310961693e-01 7.556416701861710106e-01 7.572878354956060765e-01 7.611084685136088046e-01 7.667744378871480526e-01 7.748803970669659869e-01 7.867389819158688846e-01 7.757979643179748752e-01 7.627668139637449052e-01 7.572062532330303686e-01 7.565786520088872980e-01 7.607055286941155625e-01 7.685795120692547888e-01 7.799978424830740220e-01 7.961797362908261677e-01 8.169526287246089424e-01 8.444484257985798159e-01 8.625857080005648880e-01 8.789452789405145516e-01 8.950876639401048607e-01 9.107176114596809979e-01 9.248780385552146655e-01 9.381852645210978503e-01 9.519348597121839450e-01 9.668205792316681979e-01 9.817654338683057258e-01 
9.756543453447980019e-01 9.564596435330433577e-01 9.370899724551727816e-01 9.191843589075181509e-01 9.005530385841227226e-01 8.822104337923050155e-01 8.640370469007648824e-01 8.443234432657702460e-01 8.247901773138414105e-01 8.047799842996381514e-01 7.894312240867263908e-01 7.785551969621570256e-01 7.712857729059526823e-01 7.672123880972367971e-01 7.661769103881838072e-01 7.681907766621804967e-01 7.725436158083872629e-01 7.802422857571765791e-01 7.926995975981255826e-01 7.908513594342109210e-01 7.781769983212954989e-01 7.711703740602692259e-01 7.674111011366987478e-01 7.674443430993573845e-01 7.705053376878723270e-01 7.766173014124366780e-01 7.871808493477278068e-01 8.016307446569461703e-01 8.211411582753797012e-01 8.407699258394308872e-01 8.596461077554731212e-01 8.780158409339415826e-01 8.955184933749814613e-01 9.124453355926059883e-01 9.278052012646688107e-01 9.440407893970980124e-01 9.614024577166997432e-01 9.794417223802512895e-01 
9.797612143873328794e-01 9.621631310530514014e-01 9.456237157727124254e-01 9.281112139861883437e-01 9.110705291735812228e-01 8.944107928228968163e-01 8.771983235727885964e-01 8.593474402588802130e-01 8.402908896883730661e-01 8.214133241233966265e-01 8.022054678204492140e-01 7.885170864606508845e-01 7.789748901546451609e-01 7.727874450116331007e-01 7.695361565696098305e-01 7.692734720845726404e-01 7.722493089857977999e-01 7.791213734610177299e-01 7.917068068937059833e-01 7.951814791701884433e-01 7.828512134368537101e-01 7.752678394734837664e-01 7.711824181228296160e-01 7.698096916541838919e-01 7.709754204304080094e-01 7.752162561762656612e-01 7.826063701966674557e-01 7.941781120962161378e-01 8.095120506194221077e-01 8.297353388903572213e-01 8.487066137761273277e-01 8.668486096889316261e-01 8.847383538789023172e-01 9.023497308827681529e-01 9.202784173799481993e-01 9.375920474119234793e-01 9.562575205244551180e-01 9.762556206453504304e-01 
9.683984933856526478e-01 9.441119609802244295e-01 9.222699705145701587e-01 9.013837396061765705e-01 8.822495529435646633e-01 8.639301441303045559e-01 8.450677061564524362e-01 8.257508935969397612e-01 8.066356903076760121e-01 7.864623744301948438e-01 7.768972761856445253e-01 7.705033806656966799e-01 7.668989013762191886e-01 7.656276416543300600e-01 7.664226816375424578e-01 7.691838277604114982e-01 7.739842052418799412e-01 7.818338573072571851e-01 7.936808754417232770e-01 7.835461867044685169e-01 7.714840059352355839e-01 7.669482966136914603e-01 7.670030504647955549e-01 7.704244259416394014e-01 7.770424297025826377e-01 7.875351459333104209e-01 8.023245832800653954e-01 8.213658049859792198e-01 8.467611366578887688e-01 8.639857684599447918e-01 8.802457671987758969e-01 8.954738881097562553e-01 9.100484505286161596e-01 9.238531049871351319e-01 9.378278217813733608e-01 9.520206546376106527e-01 9.662188714659238897e-01 9.807651488095264769e-01 
9.783636479199150360e-01 9.601448387461015699e-01 9.430394738876217708e-01 9.257585181868682733e-01 9.089783875669850133e-01 8.922984063992285275e-01 8.756668705266019703e-01 8.574011236861811547e-01 8.387370461463423688e-01 8.192510536075799932e-01 8.019080257160471348e-01 7.895884714647343205e-01 7.808648625426897194e-01 7.753230734538076874e-01 7.732089661805129355e-01 7.734823216732683582e-01 7.765258234510499236e-01 7.834883133502161812e-01 7.961639781998872678e-01 7.962350759284930746e-01 7.839856718376168043e-01 7.771266692960212552e-01 7.737027396292869286e-01 7.732993781681187784e-01 7.754958399521963974e-01 7.802361934016494027e-01 7.890608435642868512e-01 8.015590385074745639e-01 8.187728753025453887e-01 8.383349494312635208e-01 8.566126750159399617e-01 8.744124257090521990e-01 8.917565679036665305e-01 9.079387618741721067e-01 9.247185885400193150e-01 9.420968053312713808e-01 9.595974512593948846e-01 9.779165850302191654e-01 
9.839828288568578385e-01 9.689099190204095713e-01 9.540551204953110487e-01 9.379244126653694114e-01 9.223340776175071865e-01 9.055775544548894107e-01 8.899370781141761055e-01 8.725295350531212524e-01 8.544524488643722160e-01 8.356674581303866756e-01 8.143947207690360734e-01 7.988777151772610274e-01 7.878865347002980135e-01 7.805460720015825471e-01 7.758686336414639673e-01 7.748895396964341487e-01 7.772326969233429583e-01 7.836969918231587728e-01 7.967700945504299082e-01 8.025328327714773557e-01 7.902165406937495806e-01 7.820845196505382679e-01 7.774070543236197839e-01 7.750384196467587916e-01 7.757023732844118280e-01 7.781930703978773289e-01 7.842241794715623104e-01 7.937743942288580934e-01 8.073646578008614183e-01 8.276103505594250009e-01 8.467711031907929620e-01 8.650292868468825169e-01 8.829825729244389354e-01 9.016613962840588359e-01 9.195445850680504796e-01 9.381200357173271609e-01 9.569293849885680547e-01 9.767847281828199169e-01 
9.848345688190296432e-01 9.712930553159553337e-01 9.555443470494325853e-01 9.401815038323473317e-01 9.247711129190874235e-01 9.086063368674446306e-01 8.926383023780557480e-01 8.762682962084676896e-01 8.580867022961953250e-01 8.397230927224611507e-01 8.183790076559461779e-01 8.025645332473406723e-01 7.911515577429434343e-01 7.830685425128587340e-01 7.780976633452384439e-01 7.766287655666750389e-01 7.786006426323854868e-01 7.848134425793014124e-01 7.973936440074368415e-01 8.045708609842449066e-01 7.920187122548264513e-01 7.841358922437464685e-01 7.792034030574318537e-01 7.768696707837698945e-01 7.771300731124071159e-01 7.797573261077600515e-01 7.850094245503890233e-01 7.943356840489614878e-01 8.072105666302222815e-01 8.270223525439396317e-01 8.458575557694891778e-01 8.640043253629441367e-01 8.820153660008788199e-01 9.004945779108530779e-01 9.182983725894037219e-01 9.369946370361834642e-01 9.558251569439633055e-01 9.756966604406883681e-01 
9.684820531625162321e-01 9.421531357547976437e-01 9.194054026269331548e-01 8.967731279777563236e-01 8.762422745885555253e-01 8.566924582985160352e-01 8.365706304252669145e-01 8.155399347966370005e-01 7.946464796776248063e-01 7.734361417091236701e-01 7.677201342085634428e-01 7.646887177212097209e-01 7.639239665735580997e-01 7.650392478278524866e-01 7.675171142863771445e-01 7.718187954572134357e-01 7.777906540540348024e-01 7.864744637153806561e-01 7.979172019459330745e-01 7.801966248827392203e-01 7.681578717994427263e-01 7.641045544872889783e-01 7.658556191343715014e-01 7.713667553176465352e-01 7.805251349950921291e-01 7.944997252622237882e-01 8.141059344161898359e-01 8.390892387545421105e-01 8.709823039063199213e-01 8.869325391375948442e-01 9.015724299737390979e-01 9.151099177777130000e-01 9.273594375459583983e-01 9.404264474602144208e-01 9.519720673196550020e-01 9.637266115308744663e-01 9.742653870009149175e-01 9.875248629393490463e-01 
9.781869660925843757e-01 9.594965223059409576e-01 9.412518063521769784e-01 9.245628580359146476e-01 9.078347808809126285e-01 8.916334530649580037e-01 8.743363611650635248e-01 8.566466118772880778e-01 8.387829020339728769e-01 8.201634678250486754e-01 8.060630996275334192e-01 7.961382387634780011e-01 7.890259544245480372e-01 7.845208319928961282e-01 7.821911407028195873e-01 7.826914734834947707e-01 7.860698352552427659e-01 7.928232082359996102e-01 8.047539815158869514e-01 8.016498471678693560e-01 7.899803169516518286e-01 7.842572483201256661e-01 7.820445532033654112e-01 7.828799139590628675e-01 7.863231243788849634e-01 7.932545422382710765e-01 8.034086993027382828e-01 8.170386747158979723e-01 8.352371671608886938e-01 8.527036492124787648e-01 8.688158325361619028e-01 8.846526985706134605e-01 9.003649762087136965e-01 9.163145021321738026e-01 9.315829833285671491e-01 9.467844663999513966e-01 9.629283199536470272e-01 9.798091557032062582e-01 
9.818222732633454797e-01 9.647209312575195650e-01 9.490972929028321792e-01 9.333844784114031512e-01 9.183751291262923777e-01 9.018883423763875973e-01 8.863249811553282065e-01 8.694871991423969160e-01 8.525391890438116516e-01 8.351042686940728377e-01 8.184435430868792771e-01 8.051680274442769569e-01 7.957527657881319216e-01 7.890084037755377144e-01 7.851211177731238777e-01 7.837622259139237491e-01 7.860306250322864896e-01 7.916283891154157759e-01 8.037009721720048683e-01 8.060751937088794783e-01 7.941805736501781343e-01 7.873511524710599119e-01 7.841856765692362119e-01 7.833035325180834896e-01 7.857903288291291366e-01 7.902802128432870887e-01 7.980743302487016688e-01 8.088268710463746292e-01 8.232737521124153801e-01 8.405135973936471716e-01 8.579475058786736330e-01 8.743503164426721375e-01 8.909691268140700338e-01 9.073051598425613262e-01 9.241576129650223015e-01 9.403666717093054350e-01 9.589020511655632628e-01 9.769980684452727049e-01 
9.681802915077439842e-01 9.410554679498558395e-01 9.171214935641870403e-01 8.948962492759789944e-01 8.736234366572530607e-01 8.525451221684511305e-01 8.312670052893603723e-01 8.102813776363116949e-01 7.896004985832528744e-01 7.689387021213132112e-01 7.650966089343921306e-01 7.631891925231450990e-01 7.632351775875810818e-01 7.653191370859028231e-01 7.684189314901482826e-01 7.730334430052299144e-01 7.793186173444566212e-01 7.877782628879803628e-01 7.992671568474926103e-01 7.785477568260161796e-01 7.662328016485442372e-01 7.628993593587765076e-01 7.652890242261465303e-01 7.722901481862094464e-01 7.839459438883291664e-01 8.006923760958847280e-01 8.223130756708182387e-01 8.493249212316460461e-01 8.827635440201179184e-01 8.972129543831306453e-01 9.108001082301090401e-01 9.235921624113522244e-01 9.345102132356221114e-01 9.457477438046286711e-01 9.566169759975439169e-01 9.668180487425948044e-01 9.772535931066470560e-01 9.876468114693741640e-01 
9.791376297659629691e-01 9.608972435078296792e-01 9.435571695081279575e-01 9.266113198036736165e-01 9.100566277339158239e-01 8.934072424085451880e-01 8.765175643457308041e-01 8.587384747387104555e-01 8.404315185547905909e-01 8.220349251922171030e-01 8.088622878146523032e-01 7.989425101469357360e-01 7.924666584105949374e-01 7.884439858524748823e-01 7.863364415959798182e-01 7.873414822495723442e-01 7.907266621684583274e-01 7.975629597055454711e-01 8.095002027993200011e-01 8.050893728670781568e-01 7.934275540402608851e-01 7.877767259792282095e-01 7.859938016526234472e-01 7.871130191763370254e-01 7.912364947765739842e-01 7.982296367019057204e-01 8.090027545094181649e-01 8.235877817270571555e-01 8.421385089285106096e-01 8.589275373816411818e-01 8.753217172662455248e-01 8.903932332797411808e-01 9.052611961106060701e-01 9.206751647424296081e-01 9.348669542479449701e-01 9.499572091589153500e-01 9.649842176108489600e-01 9.818129987745655152e-01 
9.826202357736676385e-01 9.663428689859016041e-01 9.514870551161092038e-01 9.367445527178095421e-01 9.223644346943198347e-01 9.071640174620797525e-01 8.920289435998233207e-01 8.755703959321393670e-01 8.596696812349656769e-01 8.423745959950225126e-01 8.246309689947954880e-01 8.109622425686383584e-01 8.008762721152365982e-01 7.935274647664405379e-01 7.887791235086462072e-01 7.875020863496967616e-01 7.892289626649082734e-01 7.948950007561205178e-01 8.065703951784147785e-01 8.088188501524872231e-01 7.972459280568188200e-01 7.908867658512984677e-01 7.877811798304107382e-01 7.869389931974513086e-01 7.889012616356143592e-01 7.930311889309972218e-01 8.004275747169239397e-01 8.101362793140015617e-01 8.239425101464041834e-01 8.416207114500409148e-01 8.586848184642847936e-01 8.750825778159921908e-01 8.915777685037354905e-01 9.084596032393656984e-01 9.240346344347802887e-01 9.404197446894764223e-01 9.580906135115575539e-01 9.768427167719816451e-01 
9.720784238491012585e-01 9.493595336762065129e-01 9.293193747879272548e-01 9.103424530863986064e-01 8.912102453668759861e-01 8.724888644522538206e-01 8.533776840707090194e-01 8.342880964208919670e-01 8.150250551778266406e-01 7.957295959857367817e-01 7.884085535893894381e-01 7.836702950145533197e-01 7.812337920108839429e-01 7.803912047796903728e-01 7.818513735833135803e-01 7.848472610840326880e-01 7.899907043714751165e-01 7.975073654243706178e-01 8.088705375912719209e-01 7.948378490201724045e-01 7.836732901492173831e-01 7.797395048283647379e-01 7.806277813925452946e-01 7.856043117119190233e-01 7.939946156816289902e-01 8.064999374313625013e-01 8.229819303130735397e-01 8.439005508009921330e-01 8.697696088840586315e-01 8.846563701808568547e-01 8.986197436595679822e-01 9.118418447270604243e-01 9.247202650605772511e-01 9.363088536049237742e-01 9.483852216666601720e-01 9.601793467240303803e-01 9.722244604223252429e-01 9.854222430519320453e-01 
9.792681867164247933e-01 9.622313008612584095e-01 9.485378580811749671e-01 9.336852678937791472e-01 9.192303712044856967e-01 9.042809253057753072e-01 8.893671457313993001e-01 8.741382720894554925e-01 8.576801677071383967e-01 8.416430071834426485e-01 8.252984164932195554e-01 8.127851974642648081e-01 8.035506925935508304e-01 7.968565656609934988e-01 7.926415830673847474e-01 7.906883455501826363e-01 7.919669261302906271e-01 7.971091302567580028e-01 8.077497177382154669e-01 8.088150279006021126e-01 7.981413254493677778e-01 7.923330994725874543e-01 7.900853900563707954e-01 7.903129276474653020e-01 7.930685080113684116e-01 7.981243609516377457e-01 8.056317253545728363e-01 8.166460723277548794e-01 8.301633728308606130e-01 8.470521776556253490e-01 8.630689026797385699e-01 8.782828856767421755e-01 8.932844554408883031e-01 9.083992647232772555e-01 9.242395886204058941e-01 9.399167045214609217e-01 9.569914881392577177e-01 9.760175131166350937e-01 
9.842307892157962090e-01 9.693398207235672803e-01 9.557023252738283681e-01 9.412003037668942307e-01 9.262895713014889232e-01 9.103741484125937866e-01 8.949158403631642944e-01 8.783333159831375747e-01 8.622101843082303763e-01 8.450953270047184551e-01 8.276060191845611147e-01 8.143458714751351524e-01 8.040556855679527049e-01 7.971212897579983414e-01 7.929837984206079549e-01 7.913370991459955928e-01 7.932983998733732500e-01 7.992927700160020743e-01 8.107899277986221342e-01 8.136219610726128648e-01 8.019530885352861294e-01 7.952031722941499403e-01 7.915128487979230520e-01 7.905115666826739718e-01 7.926040093653503593e-01 7.971255940527356421e-01 8.047516921226144371e-01 8.148327996014977925e-01 8.286313468958536044e-01 8.462259424954672316e-01 8.629366921718382155e-01 8.796153950355823925e-01 8.954304164692979962e-01 9.113529711435104375e-01 9.277251735596160342e-01 9.434678209684325134e-01 9.603614218889330312e-01 9.783568548520852337e-01 
9.706153304275224603e-01 9.480913580834374743e-01 9.275211157917234717e-01 9.079103558098524651e-01 8.881471530856827057e-01 8.671929138738914133e-01 8.483011260680479726e-01 8.296357785296130105e-01 8.106035138187606126e-01 7.915984470002360718e-01 7.856334531324213888e-01 7.820783492921746793e-01 7.805627381239755858e-01 7.805836429432091439e-01 7.824275970895453458e-01 7.858150380934305623e-01 7.915354243123023936e-01 7.992230556994892599e-01 8.107175201060045078e-01 7.933355622963613740e-01 7.822151760530668962e-01 7.791382601766898564e-01 7.808463451002845002e-01 7.868459541903221055e-01 7.980266199440786412e-01 8.117556958996211547e-01 8.293092514459196041e-01 8.515983928245829393e-01 8.787680157374774259e-01 8.928954443602495905e-01 9.060168185929537987e-01 9.182993902760473448e-01 9.304218975242559697e-01 9.415568783225943816e-01 9.532521319530921078e-01 9.632187849723812256e-01 9.748246433034221115e-01 9.875310139990971514e-01 
9.809056993205630404e-01 9.648017947927546301e-01 9.504809076291748093e-01 9.351026700142947012e-01 9.197773282929532224e-01 9.050343204917814521e-01 8.888987276657089875e-01 8.730911566271700730e-01 8.569098405332632451e-01 8.408713135757418522e-01 8.254136645469737354e-01 8.140160432803091872e-01 8.050855149205184969e-01 7.992822204091409866e-01 7.957646085336902431e-01 7.945614199021312496e-01 7.964180569087986328e-01 8.019605296269124439e-01 8.132302695566435702e-01 8.127457111021890723e-01 8.016325264901910108e-01 7.959247688145132393e-01 7.936494359383532426e-01 7.941730476819978124e-01 7.971056771544324793e-01 8.033116383812034522e-01 8.118851440187275781e-01 8.233467527506319605e-01 8.375482411055448217e-01 8.542870312840042946e-01 8.697063209083134572e-01 8.851492554597206741e-01 8.996468256357483817e-01 9.143921279332837271e-01 9.293236027477875805e-01 9.442850650206064955e-01 9.607639568744716918e-01 9.786917786120530316e-01 
9.771139365000451882e-01 9.585422932385463390e-01 9.404420510951208012e-01 9.230156435741923016e-01 9.045895451752731242e-01 8.873176580321224804e-01 8.694906601261888079e-01 8.519481243657550662e-01 8.344540316795877599e-01 8.161634970754483298e-01 8.061258757201844594e-01 7.987670083905726859e-01 7.942681220800650310e-01 7.915916944648926368e-01 7.913479608870738202e-01 7.929645144930675960e-01 7.974286101432808138e-01 8.043914519352017845e-01 8.159108337539902056e-01 8.065876752197017607e-01 7.952900806347874552e-01 7.909377417817220479e-01 7.902694391327210743e-01 7.939667085316723938e-01 8.003594249773313685e-01 8.104236192811331563e-01 8.236031875969469507e-01 8.401216422412214335e-01 8.613819193035519017e-01 8.767697293882120713e-01 8.915031203231820189e-01 9.052099753611184685e-01 9.190197500572376832e-01 9.314961958554789367e-01 9.446580962510860990e-01 9.562801551954512869e-01 9.697035383828547239e-01 9.847203877304433473e-01 
9.866654504852826468e-01 9.740265282727780249e-01 9.621750462833120743e-01 9.488770834310684688e-01 9.365042217462677954e-01 9.231511398088143583e-01 9.088914431977951347e-01 8.943200804429320971e-01 8.796988103360153799e-01 8.634262098825002951e-01 8.421721717753358760e-01 8.259741670935695224e-01 8.125243183549025749e-01 8.028940156375914405e-01 7.962387174986038652e-01 7.928918702958674958e-01 7.930617821329953854e-01 7.980370449947795652e-01 8.096003275253712550e-01 8.166143667379111015e-01 8.054059796162030826e-01 7.978479054524565406e-01 7.934104149541925111e-01 7.912159231584150465e-01 7.914768528579974038e-01 7.942085149602821081e-01 7.991322416895252356e-01 8.061463170208371665e-01 8.167539539905699364e-01 8.349140661214680126e-01 8.518855010482813128e-01 8.694919921846425703e-01 8.863383116161123176e-01 9.033017758278609755e-01 9.206127863515358722e-01 9.379614733778675051e-01 9.560524672441188532e-01 9.759772753691565716e-01 
