7.754155397415161133e-01 7.668726444244384766e-01 0.000000000000000000e+00 5.000000000000000000e-01 5.000000000000000000e-01 0.000000000000000000e+00 5.000000000000000000e-01 0.000000000000000000e+00 0.000000000000000000e+00 0.000000000000000000e+00 
7.517899870872497559e-01 7.426753640174865723e-01 0.000000000000000000e+00 5.000000000000000000e-01 5.000000000000000000e-01 0.000000000000000000e+00 5.000000000000000000e-01 0.000000000000000000e+00 0.000000000000000000e+00 0.000000000000000000e+00 
7.283324003219604492e-01 7.235198020935058594e-01 0.000000000000000000e+00 5.000000000000000000e-01 5.000000000000000000e-01 0.000000000000000000e+00 5.000000000000000000e-01 0.000000000000000000e+00 0.000000000000000000e+00 0.000000000000000000e+00 
7.138925194740295410e-01 7.096283435821533203e-01 0.000000000000000000e+00 5.000000000000000000e-01 5.000000000000000000e-01 0.000000000000000000e+00 5.000000000000000000e-01 0.000000000000000000e+00 0.000000000000000000e+00 0.000000000000000000e+00 
7.033270001411437988e-01 7.007262706756591797e-01 0.000000000000000000e+00 5.012019230769231282e-01 5.002999999999999670e-01 0.000000000000000000e+00 5.001502855425308258e-01 0.000000000000000000e+00 5.789473684210526550e-01 0.000000000000000000e+00 
6.975888013839721680e-01 6.959462761878967285e-01 0.000000000000000000e+00 5.192307692307692735e-01 5.002999999999999670e-01 0.000000000000000000e+00 5.001565598580524075e-01 0.000000000000000000e+00 5.035799522673031214e-01 0.000000000000000000e+00 
6.947677731513977051e-01 6.940053105354309082e-01 0.000000000000000000e+00 5.048076923076922906e-01 5.089000000000000190e-01 0.000000000000000000e+00 5.059372915276850735e-01 0.000000000000000000e+00 5.177644710578842568e-01 0.000000000000000000e+00 
6.938681006431579590e-01 6.935756802558898926e-01 0.000000000000000000e+00 4.831730769230769273e-01 4.998000000000000220e-01 0.000000000000000000e+00 4.997695852534562166e-01 0.000000000000000000e+00 4.998233215547703279e-01 0.000000000000000000e+00 
6.935468912124633789e-01 6.936571002006530762e-01 0.000000000000000000e+00 4.855769230769230727e-01 4.973000000000000198e-01 0.000000000000000000e+00 4.945454545454545658e-01 0.000000000000000000e+00 4.982059800664451754e-01 0.000000000000000000e+00 
6.936869025230407715e-01 6.937192082405090332e-01 0.000000000000000000e+00 4.951923076923077094e-01 4.965999999999999859e-01 0.000000000000000000e+00 4.908896034297963729e-01 0.000000000000000000e+00 4.979100073764445300e-01 0.000000000000000000e+00 
6.928951740264892578e-01 6.936313509941101074e-01 0.000000000000000000e+00 4.903846153846153633e-01 4.961999999999999744e-01 0.000000000000000000e+00 4.901554404145077593e-01 0.000000000000000000e+00 4.976456009913258760e-01 0.000000000000000000e+00 
6.925718188285827637e-01 6.934615969657897949e-01 0.000000000000000000e+00 4.951923076923077094e-01 4.995999999999999885e-01 0.000000000000000000e+00 4.992012779552715829e-01 0.000000000000000000e+00 4.997331910352187934e-01 0.000000000000000000e+00 
6.918277740478515625e-01 6.933218836784362793e-01 0.000000000000000000e+00 5.144230769230768718e-01 5.014999999999999458e-01 0.000000000000000000e+00 5.021620063418852364e-01 0.000000000000000000e+00 5.011483693155719399e-01 0.000000000000000000e+00 
6.916882991790771484e-01 6.932578086853027344e-01 0.000000000000000000e+00 5.072115384615384359e-01 5.010000000000000009e-01 0.000000000000000000e+00 5.010907504363001364e-01 0.000000000000000000e+00 5.009231905465287849e-01 0.000000000000000000e+00 
6.916337013244628906e-01 6.932516694068908691e-01 0.000000000000000000e+00 5.216346153846154188e-01 5.027000000000000357e-01 0.000000000000000000e+00 5.024720747115912767e-01 0.000000000000000000e+00 5.029742233972240850e-01 0.000000000000000000e+00 
6.914934515953063965e-01 6.932711005210876465e-01 0.000000000000000000e+00 5.312500000000000000e-01 5.051999999999999824e-01 0.000000000000000000e+00 5.043638804968110234e-01 0.000000000000000000e+00 5.064324591786244500e-01 0.000000000000000000e+00 
6.908077597618103027e-01 6.932873129844665527e-01 0.000000000000000000e+00 5.408653846153845812e-01 5.063999999999999613e-01 0.000000000000000000e+00 5.052270499836655215e-01 0.000000000000000000e+00 5.082516761217121815e-01 0.000000000000000000e+00 
6.908541917800903320e-01 6.932832598686218262e-01 0.000000000000000000e+00 5.372596153846154188e-01 5.056000000000000494e-01 0.000000000000000000e+00 5.046265697290152064e-01 0.000000000000000000e+00 5.070921985815602939e-01 0.000000000000000000e+00 
6.903365254402160645e-01 6.932740807533264160e-01 0.000000000000000000e+00 5.372596153846154188e-01 5.048000000000000265e-01 0.000000000000000000e+00 5.040997608472839175e-01 0.000000000000000000e+00 5.057887120115773794e-01 0.000000000000000000e+00 
6.897269487380981445e-01 6.932631731033325195e-01 0.000000000000000000e+00 5.372596153846154188e-01 5.049000000000000155e-01 0.000000000000000000e+00 5.043524604725528881e-01 0.000000000000000000e+00 5.056051246854266212e-01 0.000000000000000000e+00 
6.889891028404235840e-01 6.932547688484191895e-01 0.000000000000000000e+00 5.516826923076922906e-01 5.068000000000000282e-01 0.000000000000000000e+00 5.062316715542521939e-01 0.000000000000000000e+00 5.074823943661971315e-01 0.000000000000000000e+00 
6.887196898460388184e-01 6.932472586631774902e-01 0.000000000000000000e+00 5.637019230769231282e-01 5.063999999999999613e-01 0.000000000000000000e+00 5.059723777528928323e-01 0.000000000000000000e+00 5.068935803532960138e-01 0.000000000000000000e+00 
6.876237392425537109e-01 6.932364106178283691e-01 0.000000000000000000e+00 5.528846153846154188e-01 5.058000000000000274e-01 0.000000000000000000e+00 5.054490792934986931e-01 0.000000000000000000e+00 5.061992304403590826e-01 0.000000000000000000e+00 
6.869444251060485840e-01 6.932259798049926758e-01 0.000000000000000000e+00 5.552884615384615641e-01 5.070000000000000062e-01 0.000000000000000000e+00 5.065445026178010401e-01 0.000000000000000000e+00 5.075236457437660720e-01 0.000000000000000000e+00 
6.863200664520263672e-01 6.932117938995361328e-01 0.000000000000000000e+00 5.600961538461538547e-01 5.088000000000000300e-01 0.000000000000000000e+00 5.081875697804242309e-01 0.000000000000000000e+00 5.095114569822740691e-01 0.000000000000000000e+00 
6.848016381263732910e-01 6.931839585304260254e-01 0.000000000000000000e+00 5.793269230769231282e-01 5.107000000000000428e-01 0.000000000000000000e+00 5.099165894346616712e-01 0.000000000000000000e+00 5.116178067318132294e-01 0.000000000000000000e+00 
6.854379177093505859e-01 6.931559443473815918e-01 0.000000000000000000e+00 5.661057692307692735e-01 5.112999999999999767e-01 0.000000000000000000e+00 5.104765436677174417e-01 0.000000000000000000e+00 5.122639461688734963e-01 0.000000000000000000e+00 
6.840084791183471680e-01 6.931121349334716797e-01 0.000000000000000000e+00 5.817307692307692735e-01 5.116000000000000547e-01 0.000000000000000000e+00 5.108087961237420815e-01 0.000000000000000000e+00 5.125161847216227473e-01 0.000000000000000000e+00 
6.827420592308044434e-01 6.930507421493530273e-01 0.000000000000000000e+00 5.805288461538461453e-01 5.106000000000000538e-01 0.000000000000000000e+00 5.099437148217635940e-01 0.000000000000000000e+00 5.113490364025695678e-01 0.000000000000000000e+00 
6.813390851020812988e-01 6.929894685745239258e-01 0.000000000000000000e+00 5.877403846153845812e-01 5.107000000000000428e-01 0.000000000000000000e+00 5.101498766837412324e-01 0.000000000000000000e+00 5.113131740325650432e-01 0.000000000000000000e+00 
6.806158423423767090e-01 6.929023861885070801e-01 0.000000000000000000e+00 5.817307692307692735e-01 5.134999999999999565e-01 0.000000000000000000e+00 5.129633186095640118e-01 0.000000000000000000e+00 5.140830377634049153e-01 0.000000000000000000e+00 
6.797174811363220215e-01 6.927882432937622070e-01 0.000000000000000000e+00 5.793269230769231282e-01 5.159000000000000252e-01 0.000000000000000000e+00 5.154458908101806625e-01 0.000000000000000000e+00 5.163816196167319017e-01 0.000000000000000000e+00 
6.775518655776977539e-01 6.926593780517578125e-01 0.000000000000000000e+00 5.853365384615384359e-01 5.168000000000000371e-01 0.000000000000000000e+00 5.165029469548133578e-01 0.000000000000000000e+00 5.171079429735234712e-01 0.000000000000000000e+00 
6.771451830863952637e-01 6.925165057182312012e-01 0.000000000000000000e+00 5.901442307692307265e-01 5.191000000000000059e-01 0.000000000000000000e+00 5.189371405909181112e-01 0.000000000000000000e+00 5.192656848900544242e-01 0.000000000000000000e+00 
6.746055483818054199e-01 6.923618316650390625e-01 0.000000000000000000e+00 6.069711538461538547e-01 5.195999999999999508e-01 0.000000000000000000e+00 5.195374800637958534e-01 0.000000000000000000e+00 5.196629213483145993e-01 0.000000000000000000e+00 
6.730746030807495117e-01 6.922029852867126465e-01 0.000000000000000000e+00 6.153846153846154188e-01 5.222999999999999865e-01 0.000000000000000000e+00 5.224662502518637730e-01 0.000000000000000000e+00 5.221361921778836512e-01 0.000000000000000000e+00 
6.710633039474487305e-01 6.920017600059509277e-01 0.000000000000000000e+00 6.165865384615384359e-01 5.213999999999999746e-01 0.000000000000000000e+00 5.217214778725132174e-01 0.000000000000000000e+00 5.210878990934174615e-01 0.000000000000000000e+00 
6.679419279098510742e-01 6.917557716369628906e-01 0.000000000000000000e+00 6.310096153846154188e-01 5.221000000000000085e-01 0.000000000000000000e+00 5.226759696285655510e-01 0.000000000000000000e+00 5.215525648527403746e-01 0.000000000000000000e+00 
6.666843891143798828e-01 6.915148496627807617e-01 0.000000000000000000e+00 6.093750000000000000e-01 5.262000000000000011e-01 0.000000000000000000e+00 5.268442622950819665e-01 0.000000000000000000e+00 5.255859375000000444e-01 0.000000000000000000e+00 
6.629440188407897949e-01 6.912386417388916016e-01 0.000000000000000000e+00 6.141826923076922906e-01 5.282999999999999918e-01 0.000000000000000000e+00 5.290256410256409803e-01 0.000000000000000000e+00 5.276097560975610001e-01 0.000000000000000000e+00 
6.615889668464660645e-01 6.908963918685913086e-01 0.000000000000000000e+00 6.334134615384615641e-01 5.312999999999999945e-01 0.000000000000000000e+00 5.323815435547278874e-01 0.000000000000000000e+00 5.302883684923552776e-01 0.000000000000000000e+00 
6.560950875282287598e-01 6.904602646827697754e-01 0.000000000000000000e+00 6.502403846153845812e-01 5.342000000000000082e-01 0.000000000000000000e+00 5.361981371718882450e-01 0.000000000000000000e+00 5.324109173616375923e-01 0.000000000000000000e+00 
6.531384587287902832e-01 6.899155378341674805e-01 0.000000000000000000e+00 6.454326923076922906e-01 5.352999999999999980e-01 0.000000000000000000e+00 5.381951958450551521e-01 0.000000000000000000e+00 5.328127904815020965e-01 0.000000000000000000e+00 
6.506289839744567871e-01 6.892005801200866699e-01 0.000000000000000000e+00 6.382211538461538547e-01 5.393999999999999906e-01 0.000000000000000000e+00 5.434303350970017821e-01 0.000000000000000000e+00 5.360541727672034629e-01 0.000000000000000000e+00 
6.458303928375244141e-01 6.884213089942932129e-01 0.000000000000000000e+00 6.622596153846154188e-01 5.425999999999999712e-01 0.000000000000000000e+00 5.481900452488688291e-01 0.000000000000000000e+00 5.381720430107527209e-01 0.000000000000000000e+00 
6.404380202293395996e-01 6.875405907630920410e-01 0.000000000000000000e+00 6.574519230769231282e-01 5.454999999999999849e-01 0.000000000000000000e+00 5.522628072593613879e-01 0.000000000000000000e+00 5.402868779883124306e-01 0.000000000000000000e+00 
6.364564895629882812e-01 6.863337755203247070e-01 0.000000000000000000e+00 6.706730769230768718e-01 5.494999999999999885e-01 0.000000000000000000e+00 5.556554980885990425e-01 0.000000000000000000e+00 5.445705024311182640e-01 0.000000000000000000e+00 
6.269618272781372070e-01 6.849185228347778320e-01 0.000000000000000000e+00 6.778846153846154188e-01 5.516999999999999682e-01 0.000000000000000000e+00 5.588972431077694480e-01 0.000000000000000000e+00 5.460702192122616205e-01 0.000000000000000000e+00 
6.217818856239318848e-01 6.833186745643615723e-01 0.000000000000000000e+00 6.983173076923077094e-01 5.581000000000000405e-01 0.000000000000000000e+00 5.690844233055886159e-01 0.000000000000000000e+00 5.501294219154443388e-01 0.000000000000000000e+00 
6.155392527580261230e-01 6.811237931251525879e-01 0.000000000000000000e+00 6.899038461538461453e-01 5.645999999999999908e-01 0.000000000000000000e+00 5.749767873723306000e-01 0.000000000000000000e+00 5.567463106113843541e-01 0.000000000000000000e+00 
6.097106933593750000e-01 6.785928606986999512e-01 0.000000000000000000e+00 7.019230769230768718e-01 5.709999999999999520e-01 0.000000000000000000e+00 5.848470363288719165e-01 0.000000000000000000e+00 5.610385144429160809e-01 0.000000000000000000e+00 
5.936019420623779297e-01 6.755147576332092285e-01 0.000000000000000000e+00 7.331730769230768718e-01 5.807999999999999829e-01 0.000000000000000000e+00 5.997530864197531120e-01 0.000000000000000000e+00 5.678991596638655048e-01 0.000000000000000000e+00 
5.890651345252990723e-01 6.713291406631469727e-01 0.000000000000000000e+00 7.343750000000000000e-01 5.883000000000000451e-01 0.000000000000000000e+00 6.039557334589121806e-01 0.000000000000000000e+00 5.767425690943855932e-01 0.000000000000000000e+00 
5.758469700813293457e-01 6.668901443481445312e-01 0.000000000000000000e+00 7.427884615384615641e-01 5.930999999999999606e-01 0.000000000000000000e+00 6.192672303356392405e-01 0.000000000000000000e+00 5.763490241102181555e-01 0.000000000000000000e+00 
5.663604736328125000e-01 6.611804366111755371e-01 0.000000000000000000e+00 7.536057692307692735e-01 6.020999999999999686e-01 0.000000000000000000e+00 6.232794011108427901e-01 0.000000000000000000e+00 5.871309097115549047e-01 0.000000000000000000e+00 
5.523735880851745605e-01 6.547484993934631348e-01 0.000000000000000000e+00 7.620192307692307265e-01 6.101999999999999647e-01 0.000000000000000000e+00 6.408486707566461993e-01 0.000000000000000000e+00 5.905059132720105186e-01 0.000000000000000000e+00 
5.371373891830444336e-01 6.468483805656433105e-01 0.000000000000000000e+00 7.716346153846154188e-01 6.227000000000000313e-01 0.000000000000000000e+00 6.559085133418043334e-01 0.000000000000000000e+00 6.011541632316570460e-01 0.000000000000000000e+00 
5.208935737609863281e-01 6.375249624252319336e-01 0.000000000000000000e+00 7.932692307692307265e-01 6.310000000000000053e-01 0.000000000000000000e+00 6.618882847256549740e-01 0.000000000000000000e+00 6.100100772589855946e-01 0.000000000000000000e+00 
5.050066709518432617e-01 6.274458765983581543e-01 0.000000000000000000e+00 7.956730769230768718e-01 6.411999999999999922e-01 0.000000000000000000e+00 6.812114989733059067e-01 0.000000000000000000e+00 6.156618610747051079e-01 0.000000000000000000e+00 
4.860122501850128174e-01 6.160055994987487793e-01 0.000000000000000000e+00 8.112980769230768718e-01 6.543999999999999817e-01 0.000000000000000000e+00 6.961382113821138473e-01 0.000000000000000000e+00 6.273087071240105450e-01 0.000000000000000000e+00 
4.721670448780059814e-01 6.027662754058837891e-01 0.000000000000000000e+00 8.137019230769231282e-01 6.683000000000000052e-01 0.000000000000000000e+00 7.090683229813664612e-01 0.000000000000000000e+00 6.408368200836820350e-01 0.000000000000000000e+00 
4.457142353057861328e-01 5.884529352188110352e-01 0.000000000000000000e+00 8.317307692307692735e-01 6.793000000000000149e-01 0.000000000000000000e+00 7.270194986072423537e-01 0.000000000000000000e+00 6.481573293670467306e-01 0.000000000000000000e+00 
4.253262877464294434e-01 5.721992850303649902e-01 0.000000000000000000e+00 8.425480769230768718e-01 6.941000000000000503e-01 0.000000000000000000e+00 7.413578711763243456e-01 0.000000000000000000e+00 6.623181133968890633e-01 0.000000000000000000e+00 
3.955939412117004395e-01 5.543990135192871094e-01 0.000000000000000000e+00 8.605769230769231282e-01 7.135000000000000231e-01 0.000000000000000000e+00 7.518282613824015526e-01 0.000000000000000000e+00 6.852976913730255415e-01 0.000000000000000000e+00 
3.691949248313903809e-01 5.335901975631713867e-01 0.000000000000000000e+00 8.713942307692307265e-01 7.282999999999999474e-01 0.000000000000000000e+00 7.726295677095772474e-01 0.000000000000000000e+00 6.963702047135730266e-01 0.000000000000000000e+00 
3.488487303256988525e-01 5.143661499023437500e-01 0.000000000000000000e+00 8.786057692307692735e-01 7.399000000000000021e-01 0.000000000000000000e+00 8.010037641154328369e-01 0.000000000000000000e+00 6.994181213632585381e-01 0.000000000000000000e+00 
3.208074569702148438e-01 4.949079453945159912e-01 0.000000000000000000e+00 8.870192307692307265e-01 7.536000000000000476e-01 0.000000000000000000e+00 8.095703125000000000e-01 0.000000000000000000e+00 7.147696476964769952e-01 0.000000000000000000e+00 
3.004175126552581787e-01 4.732687771320343018e-01 0.000000000000000000e+00 9.014423076923077094e-01 7.721000000000000085e-01 0.000000000000000000e+00 8.102622576966932444e-01 0.000000000000000000e+00 7.422974176313446026e-01 0.000000000000000000e+00 
2.743517458438873291e-01 4.513295888900756836e-01 0.000000000000000000e+00 9.098557692307692735e-01 7.897999999999999465e-01 0.000000000000000000e+00 8.276797829036635079e-01 0.000000000000000000e+00 7.597705270706346381e-01 0.000000000000000000e+00 
2.593793272972106934e-01 4.297462701797485352e-01 0.000000000000000000e+00 9.230769230769231282e-01 8.045999999999999819e-01 0.000000000000000000e+00 8.402591599642538212e-01 0.000000000000000000e+00 7.757060101375814476e-01 0.000000000000000000e+00 
2.367790341377258301e-01 4.080919921398162842e-01 0.000000000000000000e+00 9.242788461538461453e-01 8.164000000000000146e-01 0.000000000000000000e+00 8.526526972804280291e-01 0.000000000000000000e+00 7.869060573086688049e-01 0.000000000000000000e+00 
2.120052874088287354e-01 3.854379355907440186e-01 0.000000000000000000e+00 9.350961538461538547e-01 8.282000000000000473e-01 0.000000000000000000e+00 8.633746678476528214e-01 0.000000000000000000e+00 7.992341356673960950e-01 0.000000000000000000e+00 
1.941454708576202393e-01 3.647904098033905029e-01 0.000000000000000000e+00 9.435096153846154188e-01 8.411999999999999478e-01 0.000000000000000000e+00 8.711923411662314543e-01 0.000000000000000000e+00 8.156920799407846312e-01 0.000000000000000000e+00 
1.750831454992294312e-01 3.442336320877075195e-01 0.000000000000000000e+00 9.543269230769231282e-01 8.505000000000000338e-01 0.000000000000000000e+00 8.800693992626328344e-01 0.000000000000000000e+00 8.251994804230841085e-01 0.000000000000000000e+00 
1.605603545904159546e-01 3.243678510189056396e-01 0.000000000000000000e+00 9.639423076923077094e-01 8.600999999999999757e-01 0.000000000000000000e+00 8.887929172964802449e-01 0.000000000000000000e+00 8.353510895883776710e-01 0.000000000000000000e+00 
1.446627974510192871e-01 3.071864545345306396e-01 0.000000000000000000e+00 9.675480769230768718e-01 8.690999999999999837e-01 0.000000000000000000e+00 8.917427297813628195e-01 0.000000000000000000e+00 8.489317451314047913e-01 0.000000000000000000e+00 
1.380397379398345947e-01 2.910376787185668945e-01 0.000000000000000000e+00 9.663461538461538547e-01 8.778000000000000247e-01 0.000000000000000000e+00 8.983551244200759234e-01 0.000000000000000000e+00 8.592620768352985383e-01 0.000000000000000000e+00 
1.201850473880767822e-01 2.754382193088531494e-01 0.000000000000000000e+00 9.735576923076922906e-01 8.840999999999999970e-01 0.000000000000000000e+00 9.104509510579184006e-01 0.000000000000000000e+00 8.609283969178725959e-01 0.000000000000000000e+00 
1.082243025302886963e-01 2.586185336112976074e-01 0.000000000000000000e+00 9.759615384615384359e-01 8.930000000000000160e-01 0.000000000000000000e+00 9.227624784853700746e-01 0.000000000000000000e+00 8.671524663677130373e-01 0.000000000000000000e+00 
9.918332099914550781e-02 2.424644529819488525e-01 0.000000000000000000e+00 9.759615384615384359e-01 9.043999999999999817e-01 0.000000000000000000e+00 9.186335403726707538e-01 0.000000000000000000e+00 8.911025145067698050e-01 0.000000000000000000e+00 
8.491312712430953979e-02 2.366966754198074341e-01 0.000000000000000000e+00 9.819711538461538547e-01 9.112000000000000099e-01 0.000000000000000000e+00 9.095617529880477559e-01 0.000000000000000000e+00 9.128514056224900086e-01 0.000000000000000000e+00 
7.791251689195632935e-02 2.255275994539260864e-01 0.000000000000000000e+00 9.843750000000000000e-01 9.116999999999999549e-01 0.000000000000000000e+00 9.282296650717702935e-01 0.000000000000000000e+00 8.963989986520315423e-01 0.000000000000000000e+00 
7.007449865341186523e-02 2.160252928733825684e-01 0.000000000000000000e+00 9.903846153846154188e-01 9.172000000000000153e-01 0.000000000000000000e+00 9.295716639209226084e-01 0.000000000000000000e+00 9.055209953343701379e-01 0.000000000000000000e+00 
7.075899839401245117e-02 2.057092189788818359e-01 0.000000000000000000e+00 9.855769230769231282e-01 9.223000000000000087e-01 0.000000000000000000e+00 9.282092881768404524e-01 0.000000000000000000e+00 9.165515880844348207e-01 0.000000000000000000e+00 
6.337507069110870361e-02 1.971886456012725830e-01 0.000000000000000000e+00 9.903846153846154188e-01 9.254999999999999893e-01 0.000000000000000000e+00 9.420319966756700580e-01 0.000000000000000000e+00 9.101600154231732631e-01 0.000000000000000000e+00 
5.787995457649230957e-02 1.924083977937698364e-01 0.000000000000000000e+00 9.915865384615384359e-01 9.295999999999999819e-01 0.000000000000000000e+00 9.313253012048192669e-01 0.000000000000000000e+00 9.278884462151394397e-01 0.000000000000000000e+00 
5.878726392984390259e-02 1.872254908084869385e-01 0.000000000000000000e+00 9.891826923076922906e-01 9.304999999999999938e-01 0.000000000000000000e+00 9.415384615384615463e-01 0.000000000000000000e+00 9.200000000000000400e-01 0.000000000000000000e+00 
4.938889294862747192e-02 1.823553740978240967e-01 0.000000000000000000e+00 9.951923076923077094e-01 9.328999999999999515e-01 0.000000000000000000e+00 9.378919684402184931e-01 0.000000000000000000e+00 9.280205655526991837e-01 0.000000000000000000e+00 
4.852652177214622498e-02 1.787074804306030273e-01 0.000000000000000000e+00 9.963942307692307265e-01 9.337999999999999634e-01 0.000000000000000000e+00 9.439214081047891947e-01 0.000000000000000000e+00 9.241298396558467187e-01 0.000000000000000000e+00 
4.285681247711181641e-02 1.737717688083648682e-01 0.000000000000000000e+00 9.963942307692307265e-01 9.361000000000000432e-01 0.000000000000000000e+00 9.432811547062410762e-01 0.000000000000000000e+00 9.291478055500885791e-01 0.000000000000000000e+00 
4.062762856483459473e-02 1.674445718526840210e-01 0.000000000000000000e+00 9.963942307692307265e-01 9.384000000000000119e-01 0.000000000000000000e+00 9.523318200577796100e-01 0.000000000000000000e+00 9.253007372914241468e-01 0.000000000000000000e+00 
4.417644441127777100e-02 1.620251834392547607e-01 0.000000000000000000e+00 9.963942307692307265e-01 9.416999999999999815e-01 0.000000000000000000e+00 9.500713266761768860e-01 0.000000000000000000e+00 9.336344001570783258e-01 0.000000000000000000e+00 
3.688406944274902344e-02 1.597772389650344849e-01 0.000000000000000000e+00 9.975961538461538547e-01 9.425999999999999934e-01 0.000000000000000000e+00 9.525562372188138838e-01 0.000000000000000000e+00 9.330724070450098218e-01 0.000000000000000000e+00 
4.365470632910728455e-02 1.572147905826568604e-01 0.000000000000000000e+00 9.915865384615384359e-01 9.438999999999999613e-01 0.000000000000000000e+00 9.532366755156218563e-01 0.000000000000000000e+00 9.349402312365275858e-01 0.000000000000000000e+00 
3.940501809120178223e-02 1.530897617340087891e-01 0.000000000000000000e+00 9.951923076923077094e-01 9.449999999999999512e-01 0.000000000000000000e+00 9.565038982355354991e-01 0.000000000000000000e+00 9.340616465079983888e-01 0.000000000000000000e+00 
3.857780620455741882e-02 1.480687409639358521e-01 0.000000000000000000e+00 9.951923076923077094e-01 9.472000000000000419e-01 0.000000000000000000e+00 9.526315789473683848e-01 0.000000000000000000e+00 9.418972332015810300e-01 0.000000000000000000e+00 
3.648006170988082886e-02 1.462332904338836670e-01 0.000000000000000000e+00 9.939903846153845812e-01 9.469999999999999529e-01 0.000000000000000000e+00 9.593094944512946531e-01 0.000000000000000000e+00 9.353330736268017365e-01 0.000000000000000000e+00 
3.451478108763694763e-02 1.429708003997802734e-01 0.000000000000000000e+00 9.975961538461538547e-01 9.495000000000000107e-01 0.000000000000000000e+00 9.615937564181556985e-01 0.000000000000000000e+00 9.380237770415124077e-01 0.000000000000000000e+00 
3.232786431908607483e-02 1.389730721712112427e-01 0.000000000000000000e+00 9.975961538461538547e-01 9.506000000000000005e-01 0.000000000000000000e+00 9.603596240294237640e-01 0.000000000000000000e+00 9.412455934195064211e-01 0.000000000000000000e+00 
3.210743516683578491e-02 1.357611119747161865e-01 0.000000000000000000e+00 9.975961538461538547e-01 9.522000000000000464e-01 0.000000000000000000e+00 9.608642478597635428e-01 0.000000000000000000e+00 9.438555162936788090e-01 0.000000000000000000e+00 
3.263175114989280701e-02 1.334212422370910645e-01 0.000000000000000000e+00 9.963942307692307265e-01 9.526999999999999913e-01 0.000000000000000000e+00 9.629781141337696582e-01 0.000000000000000000e+00 9.428683232244179369e-01 0.000000000000000000e+00 
2.744758315384387970e-02 1.308930814266204834e-01 0.000000000000000000e+00 9.987980769230768718e-01 9.537999999999999812e-01 0.000000000000000000e+00 9.636289333878218510e-01 0.000000000000000000e+00 9.443791617704661023e-01 0.000000000000000000e+00 
3.096723742783069611e-02 1.289229989051818848e-01 0.000000000000000000e+00 9.951923076923077094e-01 9.555000000000000160e-01 0.000000000000000000e+00 9.601939785815316597e-01 0.000000000000000000e+00 9.509008117204513777e-01 0.000000000000000000e+00 
2.883557789027690887e-02 1.344416439533233643e-01 0.000000000000000000e+00 9.975961538461538547e-01 9.513000000000000345e-01 0.000000000000000000e+00 9.725654450261780326e-01 0.000000000000000000e+00 9.318660287081339533e-01 0.000000000000000000e+00 
2.813510596752166748e-02 1.268548816442489624e-01 0.000000000000000000e+00 9.987980769230768718e-01 9.564000000000000279e-01 0.000000000000000000e+00 9.597099113618049460e-01 0.000000000000000000e+00 9.531374106433677662e-01 0.000000000000000000e+00 
2.566877752542495728e-02 1.287292540073394775e-01 0.000000000000000000e+00 9.975961538461538547e-01 9.538999999999999702e-01 0.000000000000000000e+00 9.680346463188286288e-01 0.000000000000000000e+00 9.405940594059405413e-01 0.000000000000000000e+00 
3.062316961586475372e-02 1.245302855968475342e-01 0.000000000000000000e+00 9.951923076923077094e-01 9.570999999999999508e-01 0.000000000000000000e+00 9.606934085869783813e-01 0.000000000000000000e+00 9.535622147251439085e-01 0.000000000000000000e+00 
2.751983888447284698e-02 1.225834712386131287e-01 0.000000000000000000e+00 9.951923076923077094e-01 9.566000000000000059e-01 0.000000000000000000e+00 9.642130947539649943e-01 0.000000000000000000e+00 9.492325855962219228e-01 0.000000000000000000e+00 
2.352876961231231689e-02 1.203377395868301392e-01 0.000000000000000000e+00 9.987980769230768718e-01 9.577999999999999847e-01 0.000000000000000000e+00 9.635479951397326603e-01 0.000000000000000000e+00 9.521928091663374172e-01 0.000000000000000000e+00 
2.809312753379344940e-02 1.230049282312393188e-01 0.000000000000000000e+00 9.963942307692307265e-01 9.565000000000000169e-01 0.000000000000000000e+00 9.730569948186528206e-01 0.000000000000000000e+00 9.410628019323671323e-01 0.000000000000000000e+00 
2.295232377946376801e-02 1.173675730824470520e-01 0.000000000000000000e+00 9.987980769230768718e-01 9.594000000000000306e-01 0.000000000000000000e+00 9.601362179487179516e-01 0.000000000000000000e+00 9.586661341853035534e-01 0.000000000000000000e+00 
2.387645281851291656e-02 1.179899498820304871e-01 0.000000000000000000e+00 9.987980769230768718e-01 9.584000000000000297e-01 0.000000000000000000e+00 9.690953745395005647e-01 0.000000000000000000e+00 9.481814626515447930e-01 0.000000000000000000e+00 
2.128889970481395721e-02 1.204932555556297302e-01 0.000000000000000000e+00 9.987980769230768718e-01 9.576999999999999957e-01 0.000000000000000000e+00 9.737114469054025667e-01 0.000000000000000000e+00 9.427355387889340133e-01 0.000000000000000000e+00 
2.400104887783527374e-02 1.149053648114204407e-01 0.000000000000000000e+00 9.975961538461538547e-01 9.612000000000000544e-01 0.000000000000000000e+00 9.608313349320543040e-01 0.000000000000000000e+00 9.615692554043234752e-01 0.000000000000000000e+00 
2.194955758750438690e-02 1.147972419857978821e-01 0.000000000000000000e+00 9.987980769230768718e-01 9.596000000000000085e-01 0.000000000000000000e+00 9.697465249386754138e-01 0.000000000000000000e+00 9.498825371965544662e-01 0.000000000000000000e+00 
2.122164703905582428e-02 1.165599301457405090e-01 0.000000000000000000e+00 9.987980769230768718e-01 9.592000000000000526e-01 0.000000000000000000e+00 9.743801652892561949e-01 0.000000000000000000e+00 9.449612403100775548e-01 0.000000000000000000e+00 
2.211123518645763397e-02 1.111230924725532532e-01 0.000000000000000000e+00 9.975961538461538547e-01 9.622000000000000552e-01 0.000000000000000000e+00 9.676244435451234471e-01 0.000000000000000000e+00 9.568999604586793106e-01 0.000000000000000000e+00 
2.448563277721405029e-02 1.141472756862640381e-01 0.000000000000000000e+00 9.963942307692307265e-01 9.599999999999999645e-01 0.000000000000000000e+00 9.730563554092965806e-01 0.000000000000000000e+00 9.476449980537173801e-01 0.000000000000000000e+00 
2.095780335366725922e-02 1.136882901191711426e-01 0.000000000000000000e+00 9.975961538461538547e-01 9.605000000000000204e-01 0.000000000000000000e+00 9.726955450626154631e-01 0.000000000000000000e+00 9.489179177227530237e-01 0.000000000000000000e+00 
1.756340824067592621e-02 1.102428287267684937e-01 0.000000000000000000e+00 9.987980769230768718e-01 9.623000000000000442e-01 0.000000000000000000e+00 9.674418604651162656e-01 0.000000000000000000e+00 9.572700296735905390e-01 0.000000000000000000e+00 
1.927306689321994781e-02 1.129394471645355225e-01 0.000000000000000000e+00 9.975961538461538547e-01 9.610999999999999543e-01 0.000000000000000000e+00 9.742851265171775799e-01 0.000000000000000000e+00 9.486281377699942174e-01 0.000000000000000000e+00 
1.648752763867378235e-02 1.090160161256790161e-01 0.000000000000000000e+00 9.987980769230768718e-01 9.622000000000000552e-01 0.000000000000000000e+00 9.714402284781721297e-01 0.000000000000000000e+00 9.533150255001962003e-01 0.000000000000000000e+00 
1.688335277140140533e-02 1.077949702739715576e-01 0.000000000000000000e+00 9.975961538461538547e-01 9.627999999999999892e-01 0.000000000000000000e+00 9.732106339468302725e-01 0.000000000000000000e+00 9.528375733855185548e-01 0.000000000000000000e+00 
1.600564643740653992e-02 1.050815880298614502e-01 0.000000000000000000e+00 9.987980769230768718e-01 9.631999999999999451e-01 0.000000000000000000e+00 9.705404307192198043e-01 0.000000000000000000e+00 9.560850728633319973e-01 0.000000000000000000e+00 
1.801221072673797607e-02 1.029216647148132324e-01 0.000000000000000000e+00 9.963942307692307265e-01 9.657000000000000028e-01 0.000000000000000000e+00 9.687940406684115713e-01 0.000000000000000000e+00 9.626465328829724166e-01 0.000000000000000000e+00 
1.473577693104743958e-02 1.029609441757202148e-01 0.000000000000000000e+00 1.000000000000000000e+00 9.641999999999999460e-01 0.000000000000000000e+00 9.736734693877551194e-01 0.000000000000000000e+00 9.550980392156862564e-01 0.000000000000000000e+00 
1.468856353312730789e-02 1.034836620092391968e-01 0.000000000000000000e+00 1.000000000000000000e+00 9.647000000000000020e-01 0.000000000000000000e+00 9.766153846153846629e-01 0.000000000000000000e+00 9.533658536585365439e-01 0.000000000000000000e+00 
1.847905479371547699e-02 1.017904877662658691e-01 0.000000000000000000e+00 9.975961538461538547e-01 9.648999999999999799e-01 0.000000000000000000e+00 9.744845886915697308e-01 0.000000000000000000e+00 9.556949617722014789e-01 0.000000000000000000e+00 
1.358379144221544266e-02 9.891081601381301880e-02 0.000000000000000000e+00 1.000000000000000000e+00 9.676000000000000156e-01 0.000000000000000000e+00 9.694779116465863655e-01 0.000000000000000000e+00 9.657370517928286491e-01 0.000000000000000000e+00 
1.345400698482990265e-02 9.898942708969116211e-02 0.000000000000000000e+00 1.000000000000000000e+00 9.665000000000000258e-01 0.000000000000000000e+00 9.726443768996960726e-01 0.000000000000000000e+00 9.605133267522211193e-01 0.000000000000000000e+00 
1.293801050633192062e-02 9.959155321121215820e-02 0.000000000000000000e+00 1.000000000000000000e+00 9.670999999999999597e-01 0.000000000000000000e+00 9.771195097037793653e-01 0.000000000000000000e+00 9.574926542605288748e-01 0.000000000000000000e+00 
1.314340718090534210e-02 9.727488458156585693e-02 0.000000000000000000e+00 1.000000000000000000e+00 9.678999999999999826e-01 0.000000000000000000e+00 9.721493440968718147e-01 0.000000000000000000e+00 9.637264618434092656e-01 0.000000000000000000e+00 
1.296646334230899811e-02 9.756994247436523438e-02 0.000000000000000000e+00 1.000000000000000000e+00 9.676000000000000156e-01 0.000000000000000000e+00 9.728964401294498687e-01 0.000000000000000000e+00 9.624208860759493334e-01 0.000000000000000000e+00 
1.280864793807268143e-02 9.752587229013442993e-02 0.000000000000000000e+00 1.000000000000000000e+00 9.687000000000000055e-01 0.000000000000000000e+00 9.718139722166297956e-01 0.000000000000000000e+00 9.656268627061395105e-01 0.000000000000000000e+00 
1.289896853268146515e-02 9.875144064426422119e-02 0.000000000000000000e+00 1.000000000000000000e+00 9.671999999999999487e-01 0.000000000000000000e+00 9.751830756712774884e-01 0.000000000000000000e+00 9.594807238394964521e-01 0.000000000000000000e+00 
1.420814916491508484e-02 1.010637506842613220e-01 0.000000000000000000e+00 9.975961538461538547e-01 9.665000000000000258e-01 0.000000000000000000e+00 9.796421961752005414e-01 0.000000000000000000e+00 9.540587891765621720e-01 0.000000000000000000e+00 
1.203643530607223511e-02 9.718661010265350342e-02 0.000000000000000000e+00 1.000000000000000000e+00 9.681999999999999496e-01 0.000000000000000000e+00 9.779501837484687599e-01 0.000000000000000000e+00 9.588396707173657552e-01 0.000000000000000000e+00 
1.315221283584833145e-02 9.441771358251571655e-02 0.000000000000000000e+00 9.987980769230768718e-01 9.687999999999999945e-01 0.000000000000000000e+00 9.758424685343077831e-01 0.000000000000000000e+00 9.619629483642097023e-01 0.000000000000000000e+00 
1.188843138515949249e-02 9.254148602485656738e-02 0.000000000000000000e+00 1.000000000000000000e+00 9.697999999999999954e-01 0.000000000000000000e+00 9.714973906061822317e-01 0.000000000000000000e+00 9.681147867676365149e-01 0.000000000000000000e+00 
1.170198805630207062e-02 9.205348789691925049e-02 0.000000000000000000e+00 1.000000000000000000e+00 9.703000000000000513e-01 0.000000000000000000e+00 9.724733775366686261e-01 0.000000000000000000e+00 9.681465259804897805e-01 0.000000000000000000e+00 
1.188501995056867599e-02 9.187991172075271606e-02 0.000000000000000000e+00 1.000000000000000000e+00 9.699999999999999734e-01 0.000000000000000000e+00 9.747474747474746959e-01 0.000000000000000000e+00 9.653465346534653158e-01 0.000000000000000000e+00 
1.342897210270166397e-02 9.239251166582107544e-02 0.000000000000000000e+00 9.987980769230768718e-01 9.699999999999999734e-01 0.000000000000000000e+00 9.776422764227642448e-01 0.000000000000000000e+00 9.625984251968503491e-01 0.000000000000000000e+00 
1.163649465888738632e-02 9.055206179618835449e-02 0.000000000000000000e+00 1.000000000000000000e+00 9.706000000000000183e-01 0.000000000000000000e+00 9.721107544141251999e-01 0.000000000000000000e+00 9.690988835725677930e-01 0.000000000000000000e+00 
1.115307211875915527e-02 9.127926081418991089e-02 0.000000000000000000e+00 1.000000000000000000e+00 9.706000000000000183e-01 0.000000000000000000e+00 9.772819472616632863e-01 0.000000000000000000e+00 9.641025641025641191e-01 0.000000000000000000e+00 
1.255313307046890259e-02 9.113458544015884399e-02 0.000000000000000000e+00 9.987980769230768718e-01 9.704000000000000403e-01 0.000000000000000000e+00 9.776604386677497649e-01 0.000000000000000000e+00 9.633569739952718702e-01 0.000000000000000000e+00 
1.067638397216796875e-02 9.401500970125198364e-02 0.000000000000000000e+00 1.000000000000000000e+00 9.685000000000000275e-01 0.000000000000000000e+00 9.807100348861070849e-01 0.000000000000000000e+00 9.568948702945192508e-01 0.000000000000000000e+00 
1.021136529743671417e-02 8.998444676399230957e-02 0.000000000000000000e+00 1.000000000000000000e+00 9.709999999999999742e-01 0.000000000000000000e+00 9.774939172749391725e-01 0.000000000000000000e+00 9.646803472770323351e-01 0.000000000000000000e+00 
1.086084730923175812e-02 8.868764340877532959e-02 0.000000000000000000e+00 1.000000000000000000e+00 9.716000000000000192e-01 0.000000000000000000e+00 9.740651387213510315e-01 0.000000000000000000e+00 9.691603660962992972e-01 0.000000000000000000e+00 
1.041385345160961151e-02 8.903425931930541992e-02 0.000000000000000000e+00 1.000000000000000000e+00 9.716000000000000192e-01 0.000000000000000000e+00 9.767488879902951338e-01 0.000000000000000000e+00 9.665611396913336151e-01 0.000000000000000000e+00 
1.113531272858381271e-02 9.116900712251663208e-02 0.000000000000000000e+00 1.000000000000000000e+00 9.707999999999999963e-01 0.000000000000000000e+00 9.806043282972641828e-01 0.000000000000000000e+00 9.613876911015287741e-01 0.000000000000000000e+00 
1.007801946252584457e-02 9.113838523626327515e-02 0.000000000000000000e+00 1.000000000000000000e+00 9.704000000000000403e-01 0.000000000000000000e+00 9.805884756845116845e-01 0.000000000000000000e+00 9.606345475910693654e-01 0.000000000000000000e+00 
9.949843399226665497e-03 8.772733062505722046e-02 0.000000000000000000e+00 1.000000000000000000e+00 9.718999999999999861e-01 0.000000000000000000e+00 9.761856710393541636e-01 0.000000000000000000e+00 9.676907829534192595e-01 0.000000000000000000e+00 
1.012047939002513885e-02 8.727194368839263916e-02 0.000000000000000000e+00 1.000000000000000000e+00 9.720999999999999641e-01 0.000000000000000000e+00 9.740911829684675283e-01 0.000000000000000000e+00 9.701254730133439530e-01 0.000000000000000000e+00 
1.056637521833181381e-02 8.841098845005035400e-02 0.000000000000000000e+00 9.987980769230768718e-01 9.713000000000000522e-01 0.000000000000000000e+00 9.784771573604060801e-01 0.000000000000000000e+00 9.643349753694581139e-01 0.000000000000000000e+00 
1.024058274924755096e-02 9.027388691902160645e-02 0.000000000000000000e+00 1.000000000000000000e+00 9.707999999999999963e-01 0.000000000000000000e+00 9.811937857726901191e-01 0.000000000000000000e+00 9.608457321848081767e-01 0.000000000000000000e+00 
9.536935947835445404e-03 8.756526559591293335e-02 0.000000000000000000e+00 1.000000000000000000e+00 9.717000000000000082e-01 0.000000000000000000e+00 9.798575788402847930e-01 0.000000000000000000e+00 9.638151425762044866e-01 0.000000000000000000e+00 
1.102322060614824295e-02 8.560033887624740601e-02 0.000000000000000000e+00 9.987980769230768718e-01 9.726000000000000201e-01 0.000000000000000000e+00 9.781464993929582796e-01 0.000000000000000000e+00 9.671807038355081376e-01 0.000000000000000000e+00 
9.023074992001056671e-03 8.592845499515533447e-02 0.000000000000000000e+00 1.000000000000000000e+00 9.726000000000000201e-01 0.000000000000000000e+00 9.787277147487843942e-01 0.000000000000000000e+00 9.666271721958925589e-01 0.000000000000000000e+00 
1.052044238895177841e-02 8.702944219112396240e-02 0.000000000000000000e+00 9.987980769230768718e-01 9.716000000000000192e-01 0.000000000000000000e+00 9.806359559722788166e-01 0.000000000000000000e+00 9.628975265017667429e-01 0.000000000000000000e+00 
9.165068157017230988e-03 8.999603986740112305e-02 0.000000000000000000e+00 1.000000000000000000e+00 9.701999999999999513e-01 0.000000000000000000e+00 9.831483764899301425e-01 0.000000000000000000e+00 9.579275418776782569e-01 0.000000000000000000e+00 
9.314092807471752167e-03 8.456828445196151733e-02 0.000000000000000000e+00 1.000000000000000000e+00 9.727999999999999980e-01 0.000000000000000000e+00 9.783488466208013490e-01 0.000000000000000000e+00 9.673784104389087091e-01 0.000000000000000000e+00 
9.259033948183059692e-03 8.330252766609191895e-02 0.000000000000000000e+00 1.000000000000000000e+00 9.744000000000000439e-01 0.000000000000000000e+00 9.745898359343737605e-01 0.000000000000000000e+00 9.742103158736505897e-01 0.000000000000000000e+00 
9.434180334210395813e-03 8.369365334510803223e-02 0.000000000000000000e+00 1.000000000000000000e+00 9.731999999999999540e-01 0.000000000000000000e+00 9.789473684210526772e-01 0.000000000000000000e+00 9.675889328063240757e-01 0.000000000000000000e+00 
1.218540407717227936e-02 9.160026907920837402e-02 0.000000000000000000e+00 9.987980769230768718e-01 9.703000000000000513e-01 0.000000000000000000e+00 9.851454507943057104e-01 0.000000000000000000e+00 9.563361148845332949e-01 0.000000000000000000e+00 
8.884930983185768127e-03 9.067017585039138794e-02 0.000000000000000000e+00 1.000000000000000000e+00 9.707999999999999963e-01 0.000000000000000000e+00 9.843621399176955000e-01 0.000000000000000000e+00 9.579766536964980927e-01 0.000000000000000000e+00 
9.760389104485511780e-03 8.345131576061248779e-02 0.000000000000000000e+00 9.987980769230768718e-01 9.740999999999999659e-01 0.000000000000000000e+00 9.782126286060116582e-01 0.000000000000000000e+00 9.700575054531033192e-01 0.000000000000000000e+00 
9.369920939207077026e-03 8.713804930448532104e-02 0.000000000000000000e+00 1.000000000000000000e+00 9.729999999999999760e-01 0.000000000000000000e+00 9.666535122336227248e-01 0.000000000000000000e+00 9.795214922952149017e-01 0.000000000000000000e+00 
8.976656012237071991e-03 8.370961993932723999e-02 0.000000000000000000e+00 1.000000000000000000e+00 9.737000000000000099e-01 0.000000000000000000e+00 9.791624519522557080e-01 0.000000000000000000e+00 9.683606881550326229e-01 0.000000000000000000e+00 
1.133340317755937576e-02 9.611877053976058960e-02 0.000000000000000000e+00 9.987980769230768718e-01 9.697000000000000064e-01 0.000000000000000000e+00 9.867357512953367493e-01 0.000000000000000000e+00 9.538164251207729150e-01 0.000000000000000000e+00 
8.529813028872013092e-03 8.131246268749237061e-02 0.000000000000000000e+00 1.000000000000000000e+00 9.746000000000000218e-01 0.000000000000000000e+00 9.782345828295042622e-01 0.000000000000000000e+00 9.710202461294163978e-01 0.000000000000000000e+00 
8.250007405877113342e-03 8.053767681121826172e-02 0.000000000000000000e+00 1.000000000000000000e+00 9.744000000000000439e-01 0.000000000000000000e+00 9.766881028938906306e-01 0.000000000000000000e+00 9.721337579617834734e-01 0.000000000000000000e+00 
8.485470898449420929e-03 8.429978042840957642e-02 0.000000000000000000e+00 1.000000000000000000e+00 9.727999999999999980e-01 0.000000000000000000e+00 9.828431372549019107e-01 0.000000000000000000e+00 9.631661442006269613e-01 0.000000000000000000e+00 
8.142611011862754822e-03 8.419410884380340576e-02 0.000000000000000000e+00 1.000000000000000000e+00 9.725000000000000311e-01 0.000000000000000000e+00 9.824382274862160092e-01 0.000000000000000000e+00 9.629629629629629095e-01 0.000000000000000000e+00 
8.556583896279335022e-03 8.100317418575286865e-02 0.000000000000000000e+00 1.000000000000000000e+00 9.747999999999999998e-01 0.000000000000000000e+00 9.799838253133845711e-01 0.000000000000000000e+00 9.697269489513257179e-01 0.000000000000000000e+00 
8.114450611174106598e-03 8.091015368700027466e-02 0.000000000000000000e+00 1.000000000000000000e+00 9.747000000000000108e-01 0.000000000000000000e+00 9.803683464885650789e-01 0.000000000000000000e+00 9.691638663767543349e-01 0.000000000000000000e+00 
8.971278555691242218e-03 8.053919672966003418e-02 0.000000000000000000e+00 1.000000000000000000e+00 9.747000000000000108e-01 0.000000000000000000e+00 9.797857287244794433e-01 0.000000000000000000e+00 9.697209578468236613e-01 0.000000000000000000e+00 
8.104503154754638672e-03 7.977876067161560059e-02 0.000000000000000000e+00 1.000000000000000000e+00 9.752999999999999448e-01 0.000000000000000000e+00 9.790364845797218107e-01 0.000000000000000000e+00 9.716213534431434873e-01 0.000000000000000000e+00 
7.677624002099037170e-03 8.028417825698852539e-02 0.000000000000000000e+00 1.000000000000000000e+00 9.747999999999999998e-01 0.000000000000000000e+00 9.803723188992310433e-01 0.000000000000000000e+00 9.693554764729142015e-01 0.000000000000000000e+00 
7.880849763751029968e-03 8.153953403234481812e-02 0.000000000000000000e+00 1.000000000000000000e+00 9.740999999999999659e-01 0.000000000000000000e+00 9.817110343426133090e-01 0.000000000000000000e+00 9.667257334120890055e-01 0.000000000000000000e+00 
7.511298637837171555e-03 8.187213540077209473e-02 0.000000000000000000e+00 1.000000000000000000e+00 9.737999999999999989e-01 0.000000000000000000e+00 9.818958502847844327e-01 0.000000000000000000e+00 9.659716758457906893e-01 0.000000000000000000e+00 
7.785676047205924988e-03 7.988273352384567261e-02 0.000000000000000000e+00 1.000000000000000000e+00 9.750999999999999668e-01 0.000000000000000000e+00 9.811626493822158679e-01 0.000000000000000000e+00 9.691882283231285644e-01 0.000000000000000000e+00 
7.542123086750507355e-03 7.930223643779754639e-02 0.000000000000000000e+00 1.000000000000000000e+00 9.754000000000000448e-01 0.000000000000000000e+00 9.815640194489465564e-01 0.000000000000000000e+00 9.693917851500789551e-01 0.000000000000000000e+00 
7.734814193099737167e-03 8.018235862255096436e-02 0.000000000000000000e+00 1.000000000000000000e+00 9.743000000000000549e-01 0.000000000000000000e+00 9.826989619377162199e-01 0.000000000000000000e+00 9.661883231767249836e-01 0.000000000000000000e+00 
8.938184008002281189e-03 7.872080057859420776e-02 0.000000000000000000e+00 9.987980769230768718e-01 9.751999999999999558e-01 0.000000000000000000e+00 9.823386114494518928e-01 0.000000000000000000e+00 9.682696097753251685e-01 0.000000000000000000e+00 
7.199732586741447449e-03 7.738632708787918091e-02 0.000000000000000000e+00 1.000000000000000000e+00 9.754000000000000448e-01 0.000000000000000000e+00 9.809793605827600294e-01 0.000000000000000000e+00 9.699485962831158048e-01 0.000000000000000000e+00 
7.513153366744518280e-03 7.754243910312652588e-02 0.000000000000000000e+00 1.000000000000000000e+00 9.752999999999999448e-01 0.000000000000000000e+00 9.817555240218933665e-01 0.000000000000000000e+00 9.690151963686599590e-01 0.000000000000000000e+00 
7.208254653960466385e-03 7.796862721443176270e-02 0.000000000000000000e+00 1.000000000000000000e+00 9.754000000000000448e-01 0.000000000000000000e+00 9.823457792207792583e-01 0.000000000000000000e+00 9.686514195583596498e-01 0.000000000000000000e+00 
7.047214079648256302e-03 7.720960676670074463e-02 0.000000000000000000e+00 1.000000000000000000e+00 9.754000000000000448e-01 0.000000000000000000e+00 9.813689752936411992e-01 0.000000000000000000e+00 9.695772421967602250e-01 0.000000000000000000e+00 
7.202696520835161209e-03 7.820538431406021118e-02 0.000000000000000000e+00 1.000000000000000000e+00 9.754000000000000448e-01 0.000000000000000000e+00 9.835231895850284900e-01 0.000000000000000000e+00 9.675452399685287030e-01 0.000000000000000000e+00 
7.235423661768436432e-03 7.760821282863616943e-02 0.000000000000000000e+00 1.000000000000000000e+00 9.760999999999999677e-01 0.000000000000000000e+00 9.833502538071066112e-01 0.000000000000000000e+00 9.690640394088669840e-01 0.000000000000000000e+00 
6.916943937540054321e-03 7.616584002971649170e-02 0.000000000000000000e+00 1.000000000000000000e+00 9.760999999999999677e-01 0.000000000000000000e+00 9.812007277137658745e-01 0.000000000000000000e+00 9.711062735008905156e-01 0.000000000000000000e+00 
6.800252944231033325e-03 7.539255917072296143e-02 0.000000000000000000e+00 1.000000000000000000e+00 9.766000000000000236e-01 0.000000000000000000e+00 9.796698872785829515e-01 0.000000000000000000e+00 9.735691573926867903e-01 0.000000000000000000e+00 
7.067813538014888763e-03 7.944391667842864990e-02 0.000000000000000000e+00 1.000000000000000000e+00 9.748999999999999888e-01 0.000000000000000000e+00 9.844929606202815764e-01 0.000000000000000000e+00 9.656795450088252464e-01 0.000000000000000000e+00 
6.990169174969196320e-03 8.020255714654922485e-02 0.000000000000000000e+00 1.000000000000000000e+00 9.745000000000000329e-01 0.000000000000000000e+00 9.852730619758641728e-01 0.000000000000000000e+00 9.641948738016044018e-01 0.000000000000000000e+00 
6.905273068696260452e-03 7.548226416110992432e-02 0.000000000000000000e+00 1.000000000000000000e+00 9.767000000000000126e-01 0.000000000000000000e+00 9.814178953746718337e-01 0.000000000000000000e+00 9.720736779560309460e-01 0.000000000000000000e+00 
7.134039886295795441e-03 7.445208728313446045e-02 0.000000000000000000e+00 1.000000000000000000e+00 9.776000000000000245e-01 0.000000000000000000e+00 9.787489975942261777e-01 0.000000000000000000e+00 9.764565043894652963e-01 0.000000000000000000e+00 
6.789532024413347244e-03 7.448885589838027954e-02 0.000000000000000000e+00 1.000000000000000000e+00 9.774000000000000465e-01 0.000000000000000000e+00 9.795098433105664526e-01 0.000000000000000000e+00 9.753086419753086433e-01 0.000000000000000000e+00 
6.548892240971326828e-03 7.529842108488082886e-02 0.000000000000000000e+00 1.000000000000000000e+00 9.769999999999999796e-01 0.000000000000000000e+00 9.820129345189976267e-01 0.000000000000000000e+00 9.720902612826602951e-01 0.000000000000000000e+00 
6.816259119659662247e-03 7.631334662437438965e-02 0.000000000000000000e+00 1.000000000000000000e+00 9.767000000000000126e-01 0.000000000000000000e+00 9.835666463785758262e-01 0.000000000000000000e+00 9.700256359692368546e-01 0.000000000000000000e+00 
6.665715947747230530e-03 7.682215422391891479e-02 0.000000000000000000e+00 1.000000000000000000e+00 9.767000000000000126e-01 0.000000000000000000e+00 9.839593908629441499e-01 0.000000000000000000e+00 9.696551724137930650e-01 0.000000000000000000e+00 
6.299747154116630554e-03 7.663620263338088989e-02 0.000000000000000000e+00 1.000000000000000000e+00 9.768000000000000016e-01 0.000000000000000000e+00 9.839626471782378925e-01 0.000000000000000000e+00 9.698462751281040628e-01 0.000000000000000000e+00 
