0.000000000000000000e+00 0.000000000000000000e+00 0.000000000000000000e+00 0.000000000000000000e+00 0.000000000000000000e+00 0.000000000000000000e+00 0.000000000000000000e+00 0.000000000000000000e+00 0.000000000000000000e+00 5.000835155490769290e-01 5.000835155490769290e-01 5.000835155490769290e-01 5.000835155490769290e-01 5.000835155490769290e-01 5.000835155490769290e-01 5.000835155490769290e-01 5.000835155490769290e-01 5.000835155490769290e-01 5.000835155490769290e-01 5.000835155490769290e-01 5.000835155490769290e-01 5.000835155490769290e-01 5.000835155490769290e-01 5.000835155490769290e-01 5.000835155490769290e-01 5.000835155490769290e-01 5.000835155490769290e-01 5.000835155490769290e-01 0.000000000000000000e+00 0.000000000000000000e+00 0.000000000000000000e+00 0.000000000000000000e+00 0.000000000000000000e+00 0.000000000000000000e+00 0.000000000000000000e+00 0.000000000000000000e+00 0.000000000000000000e+00 0.000000000000000000e+00 
0.000000000000000000e+00 0.000000000000000000e+00 0.000000000000000000e+00 0.000000000000000000e+00 0.000000000000000000e+00 0.000000000000000000e+00 0.000000000000000000e+00 0.000000000000000000e+00 0.000000000000000000e+00 0.000000000000000000e+00 4.998997813411077962e-01 4.998997813411077962e-01 4.998997813411077962e-01 4.998997813411077962e-01 4.998997813411077962e-01 4.998997813411077962e-01 4.998997813411077962e-01 4.998997813411077962e-01 4.998997813411077962e-01 4.998997813411077962e-01 4.998997813411077962e-01 4.998997813411077962e-01 4.998997813411077962e-01 4.998997813411077962e-01 4.998997813411077962e-01 4.998997813411077962e-01 4.998997813411077962e-01 4.998997813411077962e-01 4.998997813411077962e-01 0.000000000000000000e+00 0.000000000000000000e+00 0.000000000000000000e+00 0.000000000000000000e+00 0.000000000000000000e+00 0.000000000000000000e+00 0.000000000000000000e+00 0.000000000000000000e+00 0.000000000000000000e+00 
0.000000000000000000e+00 0.000000000000000000e+00 0.000000000000000000e+00 0.000000000000000000e+00 0.000000000000000000e+00 0.000000000000000000e+00 0.000000000000000000e+00 0.000000000000000000e+00 0.000000000000000000e+00 0.000000000000000000e+00 5.000668124392614322e-01 5.000668124392614322e-01 5.000668124392614322e-01 5.000668124392614322e-01 5.000668124392614322e-01 5.000668124392614322e-01 5.000668124392614322e-01 5.000668124392614322e-01 5.000668124392614322e-01 5.000668124392614322e-01 5.000668124392614322e-01 5.000668124392614322e-01 5.000668124392614322e-01 5.000668124392614322e-01 5.000668124392614322e-01 5.000668124392614322e-01 5.000668124392614322e-01 5.000668124392614322e-01 5.000668124392614322e-01 0.000000000000000000e+00 0.000000000000000000e+00 0.000000000000000000e+00 0.000000000000000000e+00 0.000000000000000000e+00 0.000000000000000000e+00 0.000000000000000000e+00 0.000000000000000000e+00 0.000000000000000000e+00 
0.000000000000000000e+00 0.000000000000000000e+00 0.000000000000000000e+00 0.000000000000000000e+00 0.000000000000000000e+00 0.000000000000000000e+00 0.000000000000000000e+00 0.000000000000000000e+00 0.000000000000000000e+00 5.000334062196307716e-01 5.000334062196307716e-01 5.000334062196307716e-01 5.000334062196307716e-01 5.000334062196307716e-01 5.000334062196307716e-01 5.000334062196307716e-01 5.000334062196307716e-01 5.000334062196307716e-01 5.000334062196307716e-01 5.000334062196307716e-01 5.000334062196307716e-01 5.000334062196307716e-01 5.000334062196307716e-01 5.000334062196307716e-01 5.000334062196307716e-01 5.000334062196307716e-01 5.000334062196307716e-01 5.000334062196307716e-01 0.000000000000000000e+00 0.000000000000000000e+00 0.000000000000000000e+00 0.000000000000000000e+00 0.000000000000000000e+00 0.000000000000000000e+00 0.000000000000000000e+00 0.000000000000000000e+00 0.000000000000000000e+00 0.000000000000000000e+00 
0.000000000000000000e+00 0.000000000000000000e+00 0.000000000000000000e+00 0.000000000000000000e+00 0.000000000000000000e+00 0.000000000000000000e+00 0.000000000000000000e+00 0.000000000000000000e+00 0.000000000000000000e+00 4.999832968901847252e-01 4.999832968901847252e-01 4.999832968901847252e-01 4.999832968901847252e-01 4.999832968901847252e-01 4.999832968901847252e-01 4.999832968901847252e-01 4.999832968901847252e-01 4.999832968901847252e-01 4.999832968901847252e-01 4.999832968901847252e-01 4.999832968901847252e-01 4.999832968901847252e-01 4.999832968901847252e-01 4.999832968901847252e-01 4.999832968901847252e-01 4.999832968901847252e-01 4.999832968901847252e-01 4.999832968901847252e-01 0.000000000000000000e+00 0.000000000000000000e+00 0.000000000000000000e+00 0.000000000000000000e+00 0.000000000000000000e+00 0.000000000000000000e+00 0.000000000000000000e+00 0.000000000000000000e+00 0.000000000000000000e+00 0.000000000000000000e+00 
0.000000000000000000e+00 0.000000000000000000e+00 0.000000000000000000e+00 0.000000000000000000e+00 0.000000000000000000e+00 0.000000000000000000e+00 0.000000000000000000e+00 0.000000000000000000e+00 0.000000000000000000e+00 0.000000000000000000e+00 5.000668124392612102e-01 5.000668124392612102e-01 5.000668124392612102e-01 5.000668124392612102e-01 5.000668124392612102e-01 5.000668124392612102e-01 5.000668124392612102e-01 5.000668124392612102e-01 5.000668124392612102e-01 5.000668124392612102e-01 5.000668124392612102e-01 5.000668124392612102e-01 5.000668124392612102e-01 5.000668124392612102e-01 5.000668124392612102e-01 5.000668124392612102e-01 5.000668124392612102e-01 5.000668124392612102e-01 5.000668124392612102e-01 0.000000000000000000e+00 0.000000000000000000e+00 0.000000000000000000e+00 0.000000000000000000e+00 0.000000000000000000e+00 0.000000000000000000e+00 0.000000000000000000e+00 0.000000000000000000e+00 0.000000000000000000e+00 
0.000000000000000000e+00 0.000000000000000000e+00 0.000000000000000000e+00 0.000000000000000000e+00 0.000000000000000000e+00 0.000000000000000000e+00 0.000000000000000000e+00 0.000000000000000000e+00 0.000000000000000000e+00 0.000000000000000000e+00 4.998329689018462529e-01 4.998329689018462529e-01 4.998329689018462529e-01 4.998329689018462529e-01 4.998329689018462529e-01 4.998329689018462529e-01 4.998329689018462529e-01 4.998329689018462529e-01 4.998329689018462529e-01 4.998329689018462529e-01 4.998329689018462529e-01 4.998329689018462529e-01 4.998329689018462529e-01 4.998329689018462529e-01 4.998329689018462529e-01 4.998329689018462529e-01 4.998329689018462529e-01 4.998329689018462529e-01 4.998329689018462529e-01 0.000000000000000000e+00 0.000000000000000000e+00 0.000000000000000000e+00 0.000000000000000000e+00 0.000000000000000000e+00 0.000000000000000000e+00 0.000000000000000000e+00 0.000000000000000000e+00 0.000000000000000000e+00 
0.000000000000000000e+00 0.000000000000000000e+00 0.000000000000000000e+00 0.000000000000000000e+00 0.000000000000000000e+00 0.000000000000000000e+00 0.000000000000000000e+00 0.000000000000000000e+00 0.000000000000000000e+00 0.000000000000000000e+00 5.001670310981536360e-01 5.001670310981536360e-01 5.001670310981536360e-01 5.001670310981536360e-01 5.001670310981536360e-01 5.001670310981536360e-01 5.001670310981536360e-01 5.001670310981536360e-01 5.001670310981536360e-01 5.001670310981536360e-01 5.001670310981536360e-01 5.001670310981536360e-01 5.001670310981536360e-01 5.001670310981536360e-01 5.001670310981536360e-01 5.001670310981536360e-01 5.001670310981536360e-01 5.001670310981536360e-01 5.001670310981536360e-01 0.000000000000000000e+00 0.000000000000000000e+00 0.000000000000000000e+00 0.000000000000000000e+00 0.000000000000000000e+00 0.000000000000000000e+00 0.000000000000000000e+00 0.000000000000000000e+00 0.000000000000000000e+00 
0.000000000000000000e+00 0.000000000000000000e+00 0.000000000000000000e+00 0.000000000000000000e+00 0.000000000000000000e+00 0.000000000000000000e+00 0.000000000000000000e+00 0.000000000000000000e+00 0.000000000000000000e+00 4.998329689018461419e-01 4.998329689018461419e-01 4.998329689018461419e-01 4.998329689018461419e-01 4.998329689018461419e-01 4.998329689018461419e-01 4.998329689018461419e-01 4.998329689018461419e-01 4.998329689018461419e-01 4.998329689018461419e-01 4.998329689018461419e-01 4.998329689018461419e-01 4.998329689018461419e-01 4.998329689018461419e-01 4.998329689018461419e-01 4.998329689018461419e-01 4.998329689018461419e-01 4.998329689018461419e-01 4.998329689018461419e-01 0.000000000000000000e+00 0.000000000000000000e+00 0.000000000000000000e+00 0.000000000000000000e+00 0.000000000000000000e+00 0.000000000000000000e+00 0.000000000000000000e+00 0.000000000000000000e+00 0.000000000000000000e+00 0.000000000000000000e+00 
0.000000000000000000e+00 0.000000000000000000e+00 0.000000000000000000e+00 0.000000000000000000e+00 0.000000000000000000e+00 0.000000000000000000e+00 0.000000000000000000e+00 0.000000000000000000e+00 0.000000000000000000e+00 4.997160471331388853e-01 4.997160471331388853e-01 4.997160471331388853e-01 4.997160471331388853e-01 4.997160471331388853e-01 4.997160471331388853e-01 4.997160471331388853e-01 4.997160471331388853e-01 4.997160471331388853e-01 4.997160471331388853e-01 4.997160471331388853e-01 4.997160471331388853e-01 4.997160471331388853e-01 4.997160471331388853e-01 4.997160471331388853e-01 4.997160471331388853e-01 4.997160471331388853e-01 4.997160471331388853e-01 4.997160471331388853e-01 0.000000000000000000e+00 0.000000000000000000e+00 0.000000000000000000e+00 0.000000000000000000e+00 0.000000000000000000e+00 0.000000000000000000e+00 0.000000000000000000e+00 0.000000000000000000e+00 0.000000000000000000e+00 0.000000000000000000e+00 
0.000000000000000000e+00 0.000000000000000000e+00 0.000000000000000000e+00 0.000000000000000000e+00 0.000000000000000000e+00 0.000000000000000000e+00 0.000000000000000000e+00 0.000000000000000000e+00 0.000000000000000000e+00 0.000000000000000000e+00 4.997828595724002620e-01 4.997828595724002620e-01 4.997828595724002620e-01 4.997828595724002620e-01 4.997828595724002620e-01 4.997828595724002620e-01 4.997828595724002620e-01 4.997828595724002620e-01 4.997828595724002620e-01 4.997828595724002620e-01 4.997828595724002620e-01 4.997828595724002620e-01 4.997828595724002620e-01 4.997828595724002620e-01 4.997828595724002620e-01 4.997828595724002620e-01 4.997828595724002620e-01 4.997828595724002620e-01 4.997828595724002620e-01 0.000000000000000000e+00 0.000000000000000000e+00 0.000000000000000000e+00 0.000000000000000000e+00 0.000000000000000000e+00 0.000000000000000000e+00 0.000000000000000000e+00 0.000000000000000000e+00 0.000000000000000000e+00 
0.000000000000000000e+00 0.000000000000000000e+00 0.000000000000000000e+00 0.000000000000000000e+00 0.000000000000000000e+00 0.000000000000000000e+00 0.000000000000000000e+00 0.000000000000000000e+00 0.000000000000000000e+00 5.001002186588920928e-01 5.001002186588920928e-01 5.001002186588920928e-01 5.001002186588920928e-01 5.001002186588920928e-01 5.001002186588920928e-01 5.001002186588920928e-01 5.001002186588920928e-01 5.001002186588920928e-01 5.001002186588920928e-01 5.001002186588920928e-01 5.001002186588920928e-01 5.001002186588920928e-01 5.001002186588920928e-01 5.001002186588920928e-01 5.001002186588920928e-01 5.001002186588920928e-01 5.001002186588920928e-01 5.001002186588920928e-01 0.000000000000000000e+00 0.000000000000000000e+00 0.000000000000000000e+00 0.000000000000000000e+00 0.000000000000000000e+00 0.000000000000000000e+00 0.000000000000000000e+00 0.000000000000000000e+00 0.000000000000000000e+00 0.000000000000000000e+00 
0.000000000000000000e+00 0.000000000000000000e+00 0.000000000000000000e+00 0.000000000000000000e+00 0.000000000000000000e+00 0.000000000000000000e+00 0.000000000000000000e+00 0.000000000000000000e+00 0.000000000000000000e+00 4.998663751214772466e-01 4.998663751214772466e-01 4.998663751214772466e-01 4.998663751214772466e-01 4.998663751214772466e-01 4.998663751214772466e-01 4.998663751214772466e-01 4.998663751214772466e-01 4.998663751214772466e-01 4.998663751214772466e-01 4.998663751214772466e-01 4.998663751214772466e-01 4.998663751214772466e-01 4.998663751214772466e-01 4.998663751214772466e-01 4.998663751214772466e-01 4.998663751214772466e-01 4.998663751214772466e-01 4.998663751214772466e-01 0.000000000000000000e+00 0.000000000000000000e+00 0.000000000000000000e+00 0.000000000000000000e+00 0.000000000000000000e+00 0.000000000000000000e+00 0.000000000000000000e+00 0.000000000000000000e+00 0.000000000000000000e+00 0.000000000000000000e+00 
0.000000000000000000e+00 0.000000000000000000e+00 0.000000000000000000e+00 0.000000000000000000e+00 0.000000000000000000e+00 0.000000000000000000e+00 0.000000000000000000e+00 0.000000000000000000e+00 0.000000000000000000e+00 0.000000000000000000e+00 4.999832968901847252e-01 4.999832968901847252e-01 4.999832968901847252e-01 4.999832968901847252e-01 4.999832968901847252e-01 4.999832968901847252e-01 4.999832968901847252e-01 4.999832968901847252e-01 4.999832968901847252e-01 4.999832968901847252e-01 4.999832968901847252e-01 4.999832968901847252e-01 4.999832968901847252e-01 4.999832968901847252e-01 4.999832968901847252e-01 4.999832968901847252e-01 4.999832968901847252e-01 4.999832968901847252e-01 4.999832968901847252e-01 0.000000000000000000e+00 0.000000000000000000e+00 0.000000000000000000e+00 0.000000000000000000e+00 0.000000000000000000e+00 0.000000000000000000e+00 0.000000000000000000e+00 0.000000000000000000e+00 0.000000000000000000e+00 
0.000000000000000000e+00 0.000000000000000000e+00 0.000000000000000000e+00 0.000000000000000000e+00 0.000000000000000000e+00 0.000000000000000000e+00 0.000000000000000000e+00 0.000000000000000000e+00 0.000000000000000000e+00 4.998496720116616943e-01 4.998496720116616943e-01 4.998496720116616943e-01 4.998496720116616943e-01 4.998496720116616943e-01 4.998496720116616943e-01 4.998496720116616943e-01 4.998496720116616943e-01 4.998496720116616943e-01 4.998496720116616943e-01 4.998496720116616943e-01 4.998496720116616943e-01 4.998496720116616943e-01 4.998496720116616943e-01 4.998496720116616943e-01 4.998496720116616943e-01 4.998496720116616943e-01 4.998496720116616943e-01 4.998496720116616943e-01 0.000000000000000000e+00 0.000000000000000000e+00 0.000000000000000000e+00 0.000000000000000000e+00 0.000000000000000000e+00 0.000000000000000000e+00 0.000000000000000000e+00 0.000000000000000000e+00 0.000000000000000000e+00 0.000000000000000000e+00 
0.000000000000000000e+00 0.000000000000000000e+00 0.000000000000000000e+00 0.000000000000000000e+00 0.000000000000000000e+00 0.000000000000000000e+00 0.000000000000000000e+00 0.000000000000000000e+00 0.000000000000000000e+00 5.001336248785227534e-01 5.001336248785227534e-01 5.001336248785227534e-01 5.001336248785227534e-01 5.001336248785227534e-01 5.001336248785227534e-01 5.001336248785227534e-01 5.001336248785227534e-01 5.001336248785227534e-01 5.001336248785227534e-01 5.001336248785227534e-01 5.001336248785227534e-01 5.001336248785227534e-01 5.001336248785227534e-01 5.001336248785227534e-01 5.001336248785227534e-01 5.001336248785227534e-01 5.001336248785227534e-01 5.001336248785227534e-01 0.000000000000000000e+00 0.000000000000000000e+00 0.000000000000000000e+00 0.000000000000000000e+00 0.000000000000000000e+00 0.000000000000000000e+00 0.000000000000000000e+00 0.000000000000000000e+00 0.000000000000000000e+00 0.000000000000000000e+00 
0.000000000000000000e+00 0.000000000000000000e+00 0.000000000000000000e+00 0.000000000000000000e+00 0.000000000000000000e+00 0.000000000000000000e+00 0.000000000000000000e+00 0.000000000000000000e+00 0.000000000000000000e+00 0.000000000000000000e+00 4.999331875607386233e-01 4.999331875607386233e-01 4.999331875607386233e-01 4.999331875607386233e-01 4.999331875607386233e-01 4.999331875607386233e-01 4.999331875607386233e-01 4.999331875607386233e-01 4.999331875607386233e-01 4.999331875607386233e-01 4.999331875607386233e-01 4.999331875607386233e-01 4.999331875607386233e-01 4.999331875607386233e-01 4.999331875607386233e-01 4.999331875607386233e-01 4.999331875607386233e-01 4.999331875607386233e-01 4.999331875607386233e-01 0.000000000000000000e+00 0.000000000000000000e+00 0.000000000000000000e+00 0.000000000000000000e+00 0.000000000000000000e+00 0.000000000000000000e+00 0.000000000000000000e+00 0.000000000000000000e+00 0.000000000000000000e+00 
0.000000000000000000e+00 0.000000000000000000e+00 0.000000000000000000e+00 0.000000000000000000e+00 0.000000000000000000e+00 0.000000000000000000e+00 0.000000000000000000e+00 0.000000000000000000e+00 0.000000000000000000e+00 5.001336248785227534e-01 5.001336248785227534e-01 5.001336248785227534e-01 5.001336248785227534e-01 5.001336248785227534e-01 5.001336248785227534e-01 5.001336248785227534e-01 5.001336248785227534e-01 5.001336248785227534e-01 5.001336248785227534e-01 5.001336248785227534e-01 5.001336248785227534e-01 5.001336248785227534e-01 5.001336248785227534e-01 5.001336248785227534e-01 5.001336248785227534e-01 5.001336248785227534e-01 5.001336248785227534e-01 5.001336248785227534e-01 0.000000000000000000e+00 0.000000000000000000e+00 0.000000000000000000e+00 0.000000000000000000e+00 0.000000000000000000e+00 0.000000000000000000e+00 0.000000000000000000e+00 0.000000000000000000e+00 0.000000000000000000e+00 0.000000000000000000e+00 
0.000000000000000000e+00 0.000000000000000000e+00 0.000000000000000000e+00 0.000000000000000000e+00 0.000000000000000000e+00 0.000000000000000000e+00 0.000000000000000000e+00 0.000000000000000000e+00 0.000000000000000000e+00 4.998830782312924104e-01 4.998830782312924104e-01 4.998830782312924104e-01 4.998830782312924104e-01 4.998830782312924104e-01 4.998830782312924104e-01 4.998830782312924104e-01 4.998830782312924104e-01 4.998830782312924104e-01 4.998830782312924104e-01 4.998830782312924104e-01 4.998830782312924104e-01 4.998830782312924104e-01 4.998830782312924104e-01 4.998830782312924104e-01 4.998830782312924104e-01 4.998830782312924104e-01 4.998830782312924104e-01 4.998830782312924104e-01 0.000000000000000000e+00 0.000000000000000000e+00 0.000000000000000000e+00 0.000000000000000000e+00 0.000000000000000000e+00 0.000000000000000000e+00 0.000000000000000000e+00 0.000000000000000000e+00 0.000000000000000000e+00 0.000000000000000000e+00 
0.000000000000000000e+00 0.000000000000000000e+00 0.000000000000000000e+00 0.000000000000000000e+00 0.000000000000000000e+00 0.000000000000000000e+00 0.000000000000000000e+00 0.000000000000000000e+00 0.000000000000000000e+00 4.999832968901846697e-01 4.999832968901846697e-01 4.999832968901846697e-01 4.999832968901846697e-01 4.999832968901846697e-01 4.999832968901846697e-01 4.999832968901846697e-01 4.999832968901846697e-01 4.999832968901846697e-01 4.999832968901846697e-01 4.999832968901846697e-01 4.999832968901846697e-01 4.999832968901846697e-01 4.999832968901846697e-01 4.999832968901846697e-01 4.999832968901846697e-01 4.999832968901846697e-01 4.999832968901846697e-01 4.999832968901846697e-01 0.000000000000000000e+00 0.000000000000000000e+00 0.000000000000000000e+00 0.000000000000000000e+00 0.000000000000000000e+00 0.000000000000000000e+00 0.000000000000000000e+00 0.000000000000000000e+00 0.000000000000000000e+00 0.000000000000000000e+00 
0.000000000000000000e+00 0.000000000000000000e+00 0.000000000000000000e+00 0.000000000000000000e+00 0.000000000000000000e+00 0.000000000000000000e+00 0.000000000000000000e+00 0.000000000000000000e+00 0.000000000000000000e+00 0.000000000000000000e+00 5.000501093294459354e-01 5.000501093294459354e-01 5.000501093294459354e-01 5.000501093294459354e-01 5.000501093294459354e-01 5.000501093294459354e-01 5.000501093294459354e-01 5.000501093294459354e-01 5.000501093294459354e-01 5.000501093294459354e-01 5.000501093294459354e-01 5.000501093294459354e-01 5.000501093294459354e-01 5.000501093294459354e-01 5.000501093294459354e-01 5.000501093294459354e-01 5.000501093294459354e-01 5.000501093294459354e-01 5.000501093294459354e-01 0.000000000000000000e+00 0.000000000000000000e+00 0.000000000000000000e+00 0.000000000000000000e+00 0.000000000000000000e+00 0.000000000000000000e+00 0.000000000000000000e+00 0.000000000000000000e+00 0.000000000000000000e+00 
0.000000000000000000e+00 0.000000000000000000e+00 0.000000000000000000e+00 0.000000000000000000e+00 0.000000000000000000e+00 0.000000000000000000e+00 0.000000000000000000e+00 0.000000000000000000e+00 0.000000000000000000e+00 5.000501093294461574e-01 5.000501093294461574e-01 5.000501093294461574e-01 5.000501093294461574e-01 5.000501093294461574e-01 5.000501093294461574e-01 5.000501093294461574e-01 5.000501093294461574e-01 5.000501093294461574e-01 5.000501093294461574e-01 5.000501093294461574e-01 5.000501093294461574e-01 5.000501093294461574e-01 5.000501093294461574e-01 5.000501093294461574e-01 5.000501093294461574e-01 5.000501093294461574e-01 5.000501093294461574e-01 5.000501093294461574e-01 0.000000000000000000e+00 0.000000000000000000e+00 0.000000000000000000e+00 0.000000000000000000e+00 0.000000000000000000e+00 0.000000000000000000e+00 0.000000000000000000e+00 0.000000000000000000e+00 0.000000000000000000e+00 0.000000000000000000e+00 
0.000000000000000000e+00 0.000000000000000000e+00 0.000000000000000000e+00 0.000000000000000000e+00 0.000000000000000000e+00 0.000000000000000000e+00 0.000000000000000000e+00 0.000000000000000000e+00 0.000000000000000000e+00 5.001837342079687998e-01 5.001837342079687998e-01 5.001837342079687998e-01 5.001837342079687998e-01 5.001837342079687998e-01 5.001837342079687998e-01 5.001837342079687998e-01 5.001837342079687998e-01 5.001837342079687998e-01 5.001837342079687998e-01 5.001837342079687998e-01 5.001837342079687998e-01 5.001837342079687998e-01 5.001837342079687998e-01 5.001837342079687998e-01 5.001837342079687998e-01 5.001837342079687998e-01 5.001837342079687998e-01 5.001837342079687998e-01 0.000000000000000000e+00 0.000000000000000000e+00 0.000000000000000000e+00 0.000000000000000000e+00 0.000000000000000000e+00 0.000000000000000000e+00 0.000000000000000000e+00 0.000000000000000000e+00 0.000000000000000000e+00 0.000000000000000000e+00 
0.000000000000000000e+00 0.000000000000000000e+00 0.000000000000000000e+00 0.000000000000000000e+00 0.000000000000000000e+00 0.000000000000000000e+00 0.000000000000000000e+00 0.000000000000000000e+00 0.000000000000000000e+00 4.999331875607385123e-01 4.999331875607385123e-01 4.999331875607385123e-01 4.999331875607385123e-01 4.999331875607385123e-01 4.999331875607385123e-01 4.999331875607385123e-01 4.999331875607385123e-01 4.999331875607385123e-01 4.999331875607385123e-01 4.999331875607385123e-01 4.999331875607385123e-01 4.999331875607385123e-01 4.999331875607385123e-01 4.999331875607385123e-01 4.999331875607385123e-01 4.999331875607385123e-01 4.999331875607385123e-01 4.999331875607385123e-01 0.000000000000000000e+00 0.000000000000000000e+00 0.000000000000000000e+00 0.000000000000000000e+00 0.000000000000000000e+00 0.000000000000000000e+00 0.000000000000000000e+00 0.000000000000000000e+00 0.000000000000000000e+00 0.000000000000000000e+00 
0.000000000000000000e+00 0.000000000000000000e+00 0.000000000000000000e+00 0.000000000000000000e+00 0.000000000000000000e+00 0.000000000000000000e+00 0.000000000000000000e+00 0.000000000000000000e+00 0.000000000000000000e+00 0.000000000000000000e+00 4.998997813411077962e-01 4.998997813411077962e-01 4.998997813411077962e-01 4.998997813411077962e-01 4.998997813411077962e-01 4.998997813411077962e-01 4.998997813411077962e-01 4.998997813411077962e-01 4.998997813411077962e-01 4.998997813411077962e-01 4.998997813411077962e-01 4.998997813411077962e-01 4.998997813411077962e-01 4.998997813411077962e-01 4.998997813411077962e-01 4.998997813411077962e-01 4.998997813411077962e-01 4.998997813411077962e-01 4.998997813411077962e-01 0.000000000000000000e+00 0.000000000000000000e+00 0.000000000000000000e+00 0.000000000000000000e+00 0.000000000000000000e+00 0.000000000000000000e+00 0.000000000000000000e+00 0.000000000000000000e+00 0.000000000000000000e+00 
0.000000000000000000e+00 0.000000000000000000e+00 0.000000000000000000e+00 0.000000000000000000e+00 0.000000000000000000e+00 0.000000000000000000e+00 0.000000000000000000e+00 0.000000000000000000e+00 0.000000000000000000e+00 4.998162657920312557e-01 4.998162657920312557e-01 4.998162657920312557e-01 4.998162657920312557e-01 4.998162657920312557e-01 4.998162657920312557e-01 4.998162657920312557e-01 4.998162657920312557e-01 4.998162657920312557e-01 4.998162657920312557e-01 4.998162657920312557e-01 4.998162657920312557e-01 4.998162657920312557e-01 4.998162657920312557e-01 4.998162657920312557e-01 4.998162657920312557e-01 4.998162657920312557e-01 4.998162657920312557e-01 4.998162657920312557e-01 0.000000000000000000e+00 0.000000000000000000e+00 0.000000000000000000e+00 0.000000000000000000e+00 0.000000000000000000e+00 0.000000000000000000e+00 0.000000000000000000e+00 0.000000000000000000e+00 0.000000000000000000e+00 0.000000000000000000e+00 
0.000000000000000000e+00 0.000000000000000000e+00 0.000000000000000000e+00 0.000000000000000000e+00 0.000000000000000000e+00 0.000000000000000000e+00 0.000000000000000000e+00 0.000000000000000000e+00 0.000000000000000000e+00 0.000000000000000000e+00 5.002171404275999045e-01 5.002171404275999045e-01 5.002171404275999045e-01 5.002171404275999045e-01 5.002171404275999045e-01 5.002171404275999045e-01 5.002171404275999045e-01 5.002171404275999045e-01 5.002171404275999045e-01 5.002171404275999045e-01 5.002171404275999045e-01 5.002171404275999045e-01 5.002171404275999045e-01 5.002171404275999045e-01 5.002171404275999045e-01 5.002171404275999045e-01 5.002171404275999045e-01 5.002171404275999045e-01 5.002171404275999045e-01 0.000000000000000000e+00 0.000000000000000000e+00 0.000000000000000000e+00 0.000000000000000000e+00 0.000000000000000000e+00 0.000000000000000000e+00 0.000000000000000000e+00 0.000000000000000000e+00 0.000000000000000000e+00 
0.000000000000000000e+00 0.000000000000000000e+00 0.000000000000000000e+00 0.000000000000000000e+00 0.000000000000000000e+00 0.000000000000000000e+00 0.000000000000000000e+00 0.000000000000000000e+00 0.000000000000000000e+00 5.000000000000000000e-01 5.000000000000000000e-01 5.000000000000000000e-01 5.000000000000000000e-01 5.000000000000000000e-01 5.000000000000000000e-01 5.000000000000000000e-01 5.000000000000000000e-01 5.000000000000000000e-01 5.000000000000000000e-01 5.000000000000000000e-01 5.000000000000000000e-01 5.000000000000000000e-01 5.000000000000000000e-01 5.000000000000000000e-01 5.000000000000000000e-01 5.000000000000000000e-01 5.000000000000000000e-01 5.000000000000000000e-01 0.000000000000000000e+00 0.000000000000000000e+00 0.000000000000000000e+00 0.000000000000000000e+00 0.000000000000000000e+00 0.000000000000000000e+00 0.000000000000000000e+00 0.000000000000000000e+00 0.000000000000000000e+00 0.000000000000000000e+00 
0.000000000000000000e+00 0.000000000000000000e+00 0.000000000000000000e+00 0.000000000000000000e+00 0.000000000000000000e+00 0.000000000000000000e+00 0.000000000000000000e+00 0.000000000000000000e+00 0.000000000000000000e+00 0.000000000000000000e+00 4.999331875607384013e-01 4.999331875607384013e-01 4.999331875607384013e-01 4.999331875607384013e-01 4.999331875607384013e-01 4.999331875607384013e-01 4.999331875607384013e-01 4.999331875607384013e-01 4.999331875607384013e-01 4.999331875607384013e-01 4.999331875607384013e-01 4.999331875607384013e-01 4.999331875607384013e-01 4.999331875607384013e-01 4.999331875607384013e-01 4.999331875607384013e-01 4.999331875607384013e-01 4.999331875607384013e-01 4.999331875607384013e-01 0.000000000000000000e+00 0.000000000000000000e+00 0.000000000000000000e+00 0.000000000000000000e+00 0.000000000000000000e+00 0.000000000000000000e+00 0.000000000000000000e+00 0.000000000000000000e+00 0.000000000000000000e+00 
0.000000000000000000e+00 0.000000000000000000e+00 0.000000000000000000e+00 0.000000000000000000e+00 0.000000000000000000e+00 0.000000000000000000e+00 0.000000000000000000e+00 0.000000000000000000e+00 0.000000000000000000e+00 5.001670310981537471e-01 5.001670310981537471e-01 5.001670310981537471e-01 5.001670310981537471e-01 5.001670310981537471e-01 5.001670310981537471e-01 5.001670310981537471e-01 5.001670310981537471e-01 5.001670310981537471e-01 5.001670310981537471e-01 5.001670310981537471e-01 5.001670310981537471e-01 5.001670310981537471e-01 5.001670310981537471e-01 5.001670310981537471e-01 5.001670310981537471e-01 5.001670310981537471e-01 5.001670310981537471e-01 5.001670310981537471e-01 0.000000000000000000e+00 0.000000000000000000e+00 0.000000000000000000e+00 0.000000000000000000e+00 0.000000000000000000e+00 0.000000000000000000e+00 0.000000000000000000e+00 0.000000000000000000e+00 0.000000000000000000e+00 0.000000000000000000e+00 
0.000000000000000000e+00 0.000000000000000000e+00 0.000000000000000000e+00 0.000000000000000000e+00 0.000000000000000000e+00 0.000000000000000000e+00 0.000000000000000000e+00 0.000000000000000000e+00 0.000000000000000000e+00 0.000000000000000000e+00 4.999832968901845032e-01 4.999832968901845032e-01 4.999832968901845032e-01 4.999832968901845032e-01 4.999832968901845032e-01 4.999832968901845032e-01 4.999832968901845032e-01 4.999832968901845032e-01 4.999832968901845032e-01 4.999832968901845032e-01 4.999832968901845032e-01 4.999832968901845032e-01 4.999832968901845032e-01 4.999832968901845032e-01 4.999832968901845032e-01 4.999832968901845032e-01 4.999832968901845032e-01 4.999832968901845032e-01 4.999832968901845032e-01 0.000000000000000000e+00 0.000000000000000000e+00 0.000000000000000000e+00 0.000000000000000000e+00 0.000000000000000000e+00 0.000000000000000000e+00 0.000000000000000000e+00 0.000000000000000000e+00 0.000000000000000000e+00 
0.000000000000000000e+00 0.000000000000000000e+00 0.000000000000000000e+00 0.000000000000000000e+00 0.000000000000000000e+00 0.000000000000000000e+00 0.000000000000000000e+00 0.000000000000000000e+00 0.000000000000000000e+00 4.999832968901845032e-01 4.999832968901845032e-01 4.999832968901845032e-01 4.999832968901845032e-01 4.999832968901845032e-01 4.999832968901845032e-01 4.999832968901845032e-01 4.999832968901845032e-01 4.999832968901845032e-01 4.999832968901845032e-01 4.999832968901845032e-01 4.999832968901845032e-01 4.999832968901845032e-01 4.999832968901845032e-01 4.999832968901845032e-01 4.999832968901845032e-01 4.999832968901845032e-01 4.999832968901845032e-01 4.999832968901845032e-01 0.000000000000000000e+00 0.000000000000000000e+00 0.000000000000000000e+00 0.000000000000000000e+00 0.000000000000000000e+00 0.000000000000000000e+00 0.000000000000000000e+00 0.000000000000000000e+00 0.000000000000000000e+00 0.000000000000000000e+00 
0.000000000000000000e+00 0.000000000000000000e+00 0.000000000000000000e+00 0.000000000000000000e+00 0.000000000000000000e+00 0.000000000000000000e+00 0.000000000000000000e+00 0.000000000000000000e+00 0.000000000000000000e+00 5.001503279883383613e-01 5.001503279883383613e-01 5.001503279883383613e-01 5.001503279883383613e-01 5.001503279883383613e-01 5.001503279883383613e-01 5.001503279883383613e-01 5.001503279883383613e-01 5.001503279883383613e-01 5.001503279883383613e-01 5.001503279883383613e-01 5.001503279883383613e-01 5.001503279883383613e-01 5.001503279883383613e-01 5.001503279883383613e-01 5.001503279883383613e-01 5.001503279883383613e-01 5.001503279883383613e-01 5.001503279883383613e-01 0.000000000000000000e+00 0.000000000000000000e+00 0.000000000000000000e+00 0.000000000000000000e+00 0.000000000000000000e+00 0.000000000000000000e+00 0.000000000000000000e+00 0.000000000000000000e+00 0.000000000000000000e+00 0.000000000000000000e+00 
0.000000000000000000e+00 0.000000000000000000e+00 0.000000000000000000e+00 0.000000000000000000e+00 0.000000000000000000e+00 0.000000000000000000e+00 0.000000000000000000e+00 0.000000000000000000e+00 0.000000000000000000e+00 0.000000000000000000e+00 4.999331875607384568e-01 4.999331875607384568e-01 4.999331875607384568e-01 4.999331875607384568e-01 4.999331875607384568e-01 4.999331875607384568e-01 4.999331875607384568e-01 4.999331875607384568e-01 4.999331875607384568e-01 4.999331875607384568e-01 4.999331875607384568e-01 4.999331875607384568e-01 4.999331875607384568e-01 4.999331875607384568e-01 4.999331875607384568e-01 4.999331875607384568e-01 4.999331875607384568e-01 4.999331875607384568e-01 4.999331875607384568e-01 0.000000000000000000e+00 0.000000000000000000e+00 0.000000000000000000e+00 0.000000000000000000e+00 0.000000000000000000e+00 0.000000000000000000e+00 0.000000000000000000e+00 0.000000000000000000e+00 0.000000000000000000e+00 
0.000000000000000000e+00 0.000000000000000000e+00 0.000000000000000000e+00 0.000000000000000000e+00 0.000000000000000000e+00 0.000000000000000000e+00 0.000000000000000000e+00 0.000000000000000000e+00 0.000000000000000000e+00 0.000000000000000000e+00 4.999498906705539536e-01 4.999498906705539536e-01 4.999498906705539536e-01 4.999498906705539536e-01 4.999498906705539536e-01 4.999498906705539536e-01 4.999498906705539536e-01 4.999498906705539536e-01 4.999498906705539536e-01 4.999498906705539536e-01 4.999498906705539536e-01 4.999498906705539536e-01 4.999498906705539536e-01 4.999498906705539536e-01 4.999498906705539536e-01 4.999498906705539536e-01 4.999498906705539536e-01 4.999498906705539536e-01 4.999498906705539536e-01 0.000000000000000000e+00 0.000000000000000000e+00 0.000000000000000000e+00 0.000000000000000000e+00 0.000000000000000000e+00 0.000000000000000000e+00 0.000000000000000000e+00 0.000000000000000000e+00 0.000000000000000000e+00 
0.000000000000000000e+00 0.000000000000000000e+00 0.000000000000000000e+00 0.000000000000000000e+00 0.000000000000000000e+00 0.000000000000000000e+00 0.000000000000000000e+00 0.000000000000000000e+00 0.000000000000000000e+00 4.997661564625850983e-01 4.997661564625850983e-01 4.997661564625850983e-01 4.997661564625850983e-01 4.997661564625850983e-01 4.997661564625850983e-01 4.997661564625850983e-01 4.997661564625850983e-01 4.997661564625850983e-01 4.997661564625850983e-01 4.997661564625850983e-01 4.997661564625850983e-01 4.997661564625850983e-01 4.997661564625850983e-01 4.997661564625850983e-01 4.997661564625850983e-01 4.997661564625850983e-01 4.997661564625850983e-01 4.997661564625850983e-01 0.000000000000000000e+00 0.000000000000000000e+00 0.000000000000000000e+00 0.000000000000000000e+00 0.000000000000000000e+00 0.000000000000000000e+00 0.000000000000000000e+00 0.000000000000000000e+00 0.000000000000000000e+00 0.000000000000000000e+00 
0.000000000000000000e+00 0.000000000000000000e+00 0.000000000000000000e+00 0.000000000000000000e+00 0.000000000000000000e+00 0.000000000000000000e+00 0.000000000000000000e+00 0.000000000000000000e+00 0.000000000000000000e+00 5.000000000000000000e-01 5.000000000000000000e-01 5.000000000000000000e-01 5.000000000000000000e-01 5.000000000000000000e-01 5.000000000000000000e-01 5.000000000000000000e-01 5.000000000000000000e-01 5.000000000000000000e-01 5.000000000000000000e-01 5.000000000000000000e-01 5.000000000000000000e-01 5.000000000000000000e-01 5.000000000000000000e-01 5.000000000000000000e-01 5.000000000000000000e-01 5.000000000000000000e-01 5.000000000000000000e-01 5.000000000000000000e-01 0.000000000000000000e+00 0.000000000000000000e+00 0.000000000000000000e+00 0.000000000000000000e+00 0.000000000000000000e+00 0.000000000000000000e+00 0.000000000000000000e+00 0.000000000000000000e+00 0.000000000000000000e+00 0.000000000000000000e+00 
0.000000000000000000e+00 0.000000000000000000e+00 0.000000000000000000e+00 0.000000000000000000e+00 0.000000000000000000e+00 0.000000000000000000e+00 0.000000000000000000e+00 0.000000000000000000e+00 0.000000000000000000e+00 0.000000000000000000e+00 4.999164844509232930e-01 4.999164844509232930e-01 4.999164844509232930e-01 4.999164844509232930e-01 4.999164844509232930e-01 4.999164844509232930e-01 4.999164844509232930e-01 4.999164844509232930e-01 4.999164844509232930e-01 4.999164844509232930e-01 4.999164844509232930e-01 4.999164844509232930e-01 4.999164844509232930e-01 4.999164844509232930e-01 4.999164844509232930e-01 4.999164844509232930e-01 4.999164844509232930e-01 4.999164844509232930e-01 4.999164844509232930e-01 0.000000000000000000e+00 0.000000000000000000e+00 0.000000000000000000e+00 0.000000000000000000e+00 0.000000000000000000e+00 0.000000000000000000e+00 0.000000000000000000e+00 0.000000000000000000e+00 0.000000000000000000e+00 
0.000000000000000000e+00 0.000000000000000000e+00 0.000000000000000000e+00 0.000000000000000000e+00 0.000000000000000000e+00 0.000000000000000000e+00 0.000000000000000000e+00 0.000000000000000000e+00 0.000000000000000000e+00 0.000000000000000000e+00 5.000167031098152748e-01 5.000167031098152748e-01 5.000167031098152748e-01 5.000167031098152748e-01 5.000167031098152748e-01 5.000167031098152748e-01 5.000167031098152748e-01 5.000167031098152748e-01 5.000167031098152748e-01 5.000167031098152748e-01 5.000167031098152748e-01 5.000167031098152748e-01 5.000167031098152748e-01 5.000167031098152748e-01 5.000167031098152748e-01 5.000167031098152748e-01 5.000167031098152748e-01 5.000167031098152748e-01 5.000167031098152748e-01 0.000000000000000000e+00 0.000000000000000000e+00 0.000000000000000000e+00 0.000000000000000000e+00 0.000000000000000000e+00 0.000000000000000000e+00 0.000000000000000000e+00 0.000000000000000000e+00 0.000000000000000000e+00 
0.000000000000000000e+00 0.000000000000000000e+00 0.000000000000000000e+00 0.000000000000000000e+00 0.000000000000000000e+00 0.000000000000000000e+00 0.000000000000000000e+00 0.000000000000000000e+00 0.000000000000000000e+00 0.000000000000000000e+00 5.001336248785227534e-01 5.001336248785227534e-01 5.001336248785227534e-01 5.001336248785227534e-01 5.001336248785227534e-01 5.001336248785227534e-01 5.001336248785227534e-01 5.001336248785227534e-01 5.001336248785227534e-01 5.001336248785227534e-01 5.001336248785227534e-01 5.001336248785227534e-01 5.001336248785227534e-01 5.001336248785227534e-01 5.001336248785227534e-01 5.001336248785227534e-01 5.001336248785227534e-01 5.001336248785227534e-01 5.001336248785227534e-01 0.000000000000000000e+00 0.000000000000000000e+00 0.000000000000000000e+00 0.000000000000000000e+00 0.000000000000000000e+00 0.000000000000000000e+00 0.000000000000000000e+00 0.000000000000000000e+00 0.000000000000000000e+00 
0.000000000000000000e+00 0.000000000000000000e+00 0.000000000000000000e+00 0.000000000000000000e+00 0.000000000000000000e+00 0.000000000000000000e+00 0.000000000000000000e+00 0.000000000000000000e+00 0.000000000000000000e+00 0.000000000000000000e+00 4.998329689018465860e-01 4.998329689018465860e-01 4.998329689018465860e-01 4.998329689018465860e-01 4.998329689018465860e-01 4.998329689018465860e-01 4.998329689018465860e-01 4.998329689018465860e-01 4.998329689018465860e-01 4.998329689018465860e-01 4.998329689018465860e-01 4.998329689018465860e-01 4.998329689018465860e-01 4.998329689018465860e-01 4.998329689018465860e-01 4.998329689018465860e-01 4.998329689018465860e-01 4.998329689018465860e-01 4.998329689018465860e-01 0.000000000000000000e+00 0.000000000000000000e+00 0.000000000000000000e+00 0.000000000000000000e+00 0.000000000000000000e+00 0.000000000000000000e+00 0.000000000000000000e+00 0.000000000000000000e+00 0.000000000000000000e+00 
0.000000000000000000e+00 0.000000000000000000e+00 0.000000000000000000e+00 0.000000000000000000e+00 0.000000000000000000e+00 0.000000000000000000e+00 0.000000000000000000e+00 0.000000000000000000e+00 0.000000000000000000e+00 5.000334062196307716e-01 5.000334062196307716e-01 5.000334062196307716e-01 5.000334062196307716e-01 5.000334062196307716e-01 5.000334062196307716e-01 5.000334062196307716e-01 5.000334062196307716e-01 5.000334062196307716e-01 5.000334062196307716e-01 5.000334062196307716e-01 5.000334062196307716e-01 5.000334062196307716e-01 5.000334062196307716e-01 5.000334062196307716e-01 5.000334062196307716e-01 5.000334062196307716e-01 5.000334062196307716e-01 5.000334062196307716e-01 0.000000000000000000e+00 0.000000000000000000e+00 0.000000000000000000e+00 0.000000000000000000e+00 0.000000000000000000e+00 0.000000000000000000e+00 0.000000000000000000e+00 0.000000000000000000e+00 0.000000000000000000e+00 0.000000000000000000e+00 
0.000000000000000000e+00 0.000000000000000000e+00 0.000000000000000000e+00 0.000000000000000000e+00 0.000000000000000000e+00 0.000000000000000000e+00 0.000000000000000000e+00 0.000000000000000000e+00 0.000000000000000000e+00 5.001670310981536360e-01 5.001670310981536360e-01 5.001670310981536360e-01 5.001670310981536360e-01 5.001670310981536360e-01 5.001670310981536360e-01 5.001670310981536360e-01 5.001670310981536360e-01 5.001670310981536360e-01 5.001670310981536360e-01 5.001670310981536360e-01 5.001670310981536360e-01 5.001670310981536360e-01 5.001670310981536360e-01 5.001670310981536360e-01 5.001670310981536360e-01 5.001670310981536360e-01 5.001670310981536360e-01 5.001670310981536360e-01 0.000000000000000000e+00 0.000000000000000000e+00 0.000000000000000000e+00 0.000000000000000000e+00 0.000000000000000000e+00 0.000000000000000000e+00 0.000000000000000000e+00 0.000000000000000000e+00 0.000000000000000000e+00 0.000000000000000000e+00 
0.000000000000000000e+00 0.000000000000000000e+00 0.000000000000000000e+00 0.000000000000000000e+00 0.000000000000000000e+00 0.000000000000000000e+00 0.000000000000000000e+00 0.000000000000000000e+00 0.000000000000000000e+00 0.000000000000000000e+00 5.000501093294461574e-01 5.000501093294461574e-01 5.000501093294461574e-01 5.000501093294461574e-01 5.000501093294461574e-01 5.000501093294461574e-01 5.000501093294461574e-01 5.000501093294461574e-01 5.000501093294461574e-01 5.000501093294461574e-01 5.000501093294461574e-01 5.000501093294461574e-01 5.000501093294461574e-01 5.000501093294461574e-01 5.000501093294461574e-01 5.000501093294461574e-01 5.000501093294461574e-01 5.000501093294461574e-01 5.000501093294461574e-01 0.000000000000000000e+00 0.000000000000000000e+00 0.000000000000000000e+00 0.000000000000000000e+00 0.000000000000000000e+00 0.000000000000000000e+00 0.000000000000000000e+00 0.000000000000000000e+00 0.000000000000000000e+00 
0.000000000000000000e+00 0.000000000000000000e+00 0.000000000000000000e+00 0.000000000000000000e+00 0.000000000000000000e+00 0.000000000000000000e+00 0.000000000000000000e+00 0.000000000000000000e+00 0.000000000000000000e+00 5.000334062196306606e-01 5.000334062196306606e-01 5.000334062196306606e-01 5.000334062196306606e-01 5.000334062196306606e-01 5.000334062196306606e-01 5.000334062196306606e-01 5.000334062196306606e-01 5.000334062196306606e-01 5.000334062196306606e-01 5.000334062196306606e-01 5.000334062196306606e-01 5.000334062196306606e-01 5.000334062196306606e-01 5.000334062196306606e-01 5.000334062196306606e-01 5.000334062196306606e-01 5.000334062196306606e-01 5.000334062196306606e-01 0.000000000000000000e+00 0.000000000000000000e+00 0.000000000000000000e+00 0.000000000000000000e+00 0.000000000000000000e+00 0.000000000000000000e+00 0.000000000000000000e+00 0.000000000000000000e+00 0.000000000000000000e+00 0.000000000000000000e+00 
0.000000000000000000e+00 0.000000000000000000e+00 0.000000000000000000e+00 0.000000000000000000e+00 0.000000000000000000e+00 0.000000000000000000e+00 0.000000000000000000e+00 0.000000000000000000e+00 0.000000000000000000e+00 0.000000000000000000e+00 4.999331875607384568e-01 4.999331875607384568e-01 4.999331875607384568e-01 4.999331875607384568e-01 4.999331875607384568e-01 4.999331875607384568e-01 4.999331875607384568e-01 4.999331875607384568e-01 4.999331875607384568e-01 4.999331875607384568e-01 4.999331875607384568e-01 4.999331875607384568e-01 4.999331875607384568e-01 4.999331875607384568e-01 4.999331875607384568e-01 4.999331875607384568e-01 4.999331875607384568e-01 4.999331875607384568e-01 4.999331875607384568e-01 0.000000000000000000e+00 0.000000000000000000e+00 0.000000000000000000e+00 0.000000000000000000e+00 0.000000000000000000e+00 0.000000000000000000e+00 0.000000000000000000e+00 0.000000000000000000e+00 0.000000000000000000e+00 
0.000000000000000000e+00 0.000000000000000000e+00 0.000000000000000000e+00 0.000000000000000000e+00 0.000000000000000000e+00 0.000000000000000000e+00 0.000000000000000000e+00 0.000000000000000000e+00 0.000000000000000000e+00 4.997995626822157589e-01 4.997995626822157589e-01 4.997995626822157589e-01 4.997995626822157589e-01 4.997995626822157589e-01 4.997995626822157589e-01 4.997995626822157589e-01 4.997995626822157589e-01 4.997995626822157589e-01 4.997995626822157589e-01 4.997995626822157589e-01 4.997995626822157589e-01 4.997995626822157589e-01 4.997995626822157589e-01 4.997995626822157589e-01 4.997995626822157589e-01 4.997995626822157589e-01 4.997995626822157589e-01 4.997995626822157589e-01 0.000000000000000000e+00 0.000000000000000000e+00 0.000000000000000000e+00 0.000000000000000000e+00 0.000000000000000000e+00 0.000000000000000000e+00 0.000000000000000000e+00 0.000000000000000000e+00 0.000000000000000000e+00 0.000000000000000000e+00 
0.000000000000000000e+00 0.000000000000000000e+00 0.000000000000000000e+00 0.000000000000000000e+00 0.000000000000000000e+00 0.000000000000000000e+00 0.000000000000000000e+00 0.000000000000000000e+00 0.000000000000000000e+00 0.000000000000000000e+00 4.999999999999997780e-01 4.999999999999997780e-01 4.999999999999997780e-01 4.999999999999997780e-01 4.999999999999997780e-01 4.999999999999997780e-01 4.999999999999997780e-01 4.999999999999997780e-01 4.999999999999997780e-01 4.999999999999997780e-01 4.999999999999997780e-01 4.999999999999997780e-01 4.999999999999997780e-01 4.999999999999997780e-01 4.999999999999997780e-01 4.999999999999997780e-01 4.999999999999997780e-01 4.999999999999997780e-01 4.999999999999997780e-01 0.000000000000000000e+00 0.000000000000000000e+00 0.000000000000000000e+00 0.000000000000000000e+00 0.000000000000000000e+00 0.000000000000000000e+00 0.000000000000000000e+00 0.000000000000000000e+00 0.000000000000000000e+00 
0.000000000000000000e+00 0.000000000000000000e+00 0.000000000000000000e+00 0.000000000000000000e+00 0.000000000000000000e+00 0.000000000000000000e+00 0.000000000000000000e+00 0.000000000000000000e+00 0.000000000000000000e+00 5.001670310981536360e-01 5.001670310981536360e-01 5.001670310981536360e-01 5.001670310981536360e-01 5.001670310981536360e-01 5.001670310981536360e-01 5.001670310981536360e-01 5.001670310981536360e-01 5.001670310981536360e-01 5.001670310981536360e-01 5.001670310981536360e-01 5.001670310981536360e-01 5.001670310981536360e-01 5.001670310981536360e-01 5.001670310981536360e-01 5.001670310981536360e-01 5.001670310981536360e-01 5.001670310981536360e-01 5.001670310981536360e-01 0.000000000000000000e+00 0.000000000000000000e+00 0.000000000000000000e+00 0.000000000000000000e+00 0.000000000000000000e+00 0.000000000000000000e+00 0.000000000000000000e+00 0.000000000000000000e+00 0.000000000000000000e+00 0.000000000000000000e+00 
0.000000000000000000e+00 0.000000000000000000e+00 0.000000000000000000e+00 0.000000000000000000e+00 0.000000000000000000e+00 0.000000000000000000e+00 0.000000000000000000e+00 0.000000000000000000e+00 0.000000000000000000e+00 4.999331875607384013e-01 4.999331875607384013e-01 4.999331875607384013e-01 4.999331875607384013e-01 4.999331875607384013e-01 4.999331875607384013e-01 4.999331875607384013e-01 4.999331875607384013e-01 4.999331875607384013e-01 4.999331875607384013e-01 4.999331875607384013e-01 4.999331875607384013e-01 4.999331875607384013e-01 4.999331875607384013e-01 4.999331875607384013e-01 4.999331875607384013e-01 4.999331875607384013e-01 4.999331875607384013e-01 4.999331875607384013e-01 0.000000000000000000e+00 0.000000000000000000e+00 0.000000000000000000e+00 0.000000000000000000e+00 0.000000000000000000e+00 0.000000000000000000e+00 0.000000000000000000e+00 0.000000000000000000e+00 0.000000000000000000e+00 0.000000000000000000e+00 
