1.206363081932067871e+00 1.198944687843322754e+00 0.000000000000000000e+00 5.000000000000000000e-01 5.000000000000000000e-01 0.000000000000000000e+00 5.000000000000000000e-01 0.000000000000000000e+00 0.000000000000000000e+00 0.000000000000000000e+00 
1.033744215965270996e+00 1.026725172996520996e+00 0.000000000000000000e+00 5.000000000000000000e-01 5.000000000000000000e-01 0.000000000000000000e+00 5.000000000000000000e-01 0.000000000000000000e+00 0.000000000000000000e+00 0.000000000000000000e+00 
8.713943958282470703e-01 8.667894005775451660e-01 0.000000000000000000e+00 5.000000000000000000e-01 5.000000000000000000e-01 0.000000000000000000e+00 5.000000000000000000e-01 0.000000000000000000e+00 0.000000000000000000e+00 0.000000000000000000e+00 
7.337328791618347168e-01 7.387568950653076172e-01 0.000000000000000000e+00 5.000000000000000000e-01 5.000000000000000000e-01 0.000000000000000000e+00 5.000000000000000000e-01 0.000000000000000000e+00 0.000000000000000000e+00 0.000000000000000000e+00 
6.820749044418334961e-01 7.005491852760314941e-01 0.000000000000000000e+00 5.781250000000000000e-01 4.551282051282051211e-01 0.000000000000000000e+00 4.731800766283524862e-01 0.000000000000000000e+00 3.627450980392156743e-01 0.000000000000000000e+00 
6.696023941040039062e-01 6.999185681343078613e-01 0.000000000000000000e+00 6.406250000000000000e-01 4.599358974358974117e-01 0.000000000000000000e+00 4.060150375939849399e-01 0.000000000000000000e+00 4.745417515274948927e-01 0.000000000000000000e+00 
6.510356664657592773e-01 6.983210444450378418e-01 0.000000000000000000e+00 7.968750000000000000e-01 4.583333333333333148e-01 0.000000000000000000e+00 4.514925373134328623e-01 0.000000000000000000e+00 4.634831460674157522e-01 0.000000000000000000e+00 
6.296702623367309570e-01 6.949642896652221680e-01 0.000000000000000000e+00 8.437500000000000000e-01 4.855769230769230727e-01 0.000000000000000000e+00 4.845360824742268036e-01 0.000000000000000000e+00 4.864864864864865135e-01 0.000000000000000000e+00 
5.979528427124023438e-01 6.850833296775817871e-01 0.000000000000000000e+00 8.906250000000000000e-01 5.432692307692307265e-01 0.000000000000000000e+00 5.460750853242321012e-01 0.000000000000000000e+00 5.407854984894260308e-01 0.000000000000000000e+00 
5.514522790908813477e-01 6.646448373794555664e-01 0.000000000000000000e+00 9.687500000000000000e-01 6.394230769230768718e-01 0.000000000000000000e+00 6.474576271186440746e-01 0.000000000000000000e+00 6.322188449848024083e-01 0.000000000000000000e+00 
4.951442480087280273e-01 6.231031417846679688e-01 0.000000000000000000e+00 9.843750000000000000e-01 7.580128205128204844e-01 0.000000000000000000e+00 7.588424437299035041e-01 0.000000000000000000e+00 7.571884984025558651e-01 0.000000000000000000e+00 
4.005048871040344238e-01 5.472032427787780762e-01 0.000000000000000000e+00 1.000000000000000000e+00 8.509615384615384359e-01 0.000000000000000000e+00 8.432601880877742540e-01 0.000000000000000000e+00 8.590163934426229275e-01 0.000000000000000000e+00 
2.834432125091552734e-01 4.321062564849853516e-01 0.000000000000000000e+00 1.000000000000000000e+00 9.326923076923077094e-01 0.000000000000000000e+00 9.272151898734176667e-01 0.000000000000000000e+00 9.383116883116883189e-01 0.000000000000000000e+00 
1.951004266738891602e-01 3.216526210308074951e-01 0.000000000000000000e+00 1.000000000000000000e+00 9.487179487179486781e-01 0.000000000000000000e+00 9.402515723270440384e-01 0.000000000000000000e+00 9.575163398692810857e-01 0.000000000000000000e+00 
1.412972509860992432e-01 2.494142055511474609e-01 0.000000000000000000e+00 1.000000000000000000e+00 9.503205128205127750e-01 0.000000000000000000e+00 9.404388714733542542e-01 0.000000000000000000e+00 9.606557377049180779e-01 0.000000000000000000e+00 
1.049008741974830627e-01 2.042203098535537720e-01 0.000000000000000000e+00 1.000000000000000000e+00 9.583333333333333703e-01 0.000000000000000000e+00 9.496855345911949797e-01 0.000000000000000000e+00 9.673202614379085018e-01 0.000000000000000000e+00 
8.625838160514831543e-02 1.751125007867813110e-01 0.000000000000000000e+00 1.000000000000000000e+00 9.599358974358974672e-01 0.000000000000000000e+00 9.526813880126182577e-01 0.000000000000000000e+00 9.674267100977198552e-01 0.000000000000000000e+00 
6.829479336738586426e-02 1.599440425634384155e-01 0.000000000000000000e+00 1.000000000000000000e+00 9.567307692307692735e-01 0.000000000000000000e+00 9.467084639498433152e-01 0.000000000000000000e+00 9.672131147540983243e-01 0.000000000000000000e+00 
5.745078623294830322e-02 1.434470713138580322e-01 0.000000000000000000e+00 1.000000000000000000e+00 9.567307692307692735e-01 0.000000000000000000e+00 9.495268138801261637e-01 0.000000000000000000e+00 9.641693811074918408e-01 0.000000000000000000e+00 
4.921694472432136536e-02 1.321631968021392822e-01 0.000000000000000000e+00 1.000000000000000000e+00 9.631410256410256610e-01 0.000000000000000000e+00 9.529780564263322651e-01 0.000000000000000000e+00 9.737704918032786816e-01 0.000000000000000000e+00 
4.467921704053878784e-02 1.207362934947013855e-01 0.000000000000000000e+00 1.000000000000000000e+00 9.615384615384615641e-01 0.000000000000000000e+00 9.585987261146496907e-01 0.000000000000000000e+00 9.645161290322580294e-01 0.000000000000000000e+00 
3.786737471818923950e-02 1.160373687744140625e-01 0.000000000000000000e+00 1.000000000000000000e+00 9.679487179487179516e-01 0.000000000000000000e+00 9.534161490683229490e-01 0.000000000000000000e+00 9.834437086092715496e-01 0.000000000000000000e+00 
3.401178121566772461e-02 1.119385138154029846e-01 0.000000000000000000e+00 1.000000000000000000e+00 9.679487179487179516e-01 0.000000000000000000e+00 9.478527607361962870e-01 0.000000000000000000e+00 9.899328859060402275e-01 0.000000000000000000e+00 
3.042526729404926300e-02 9.895274043083190918e-02 0.000000000000000000e+00 1.000000000000000000e+00 9.743589743589743390e-01 0.000000000000000000e+00 9.596273291925465632e-01 0.000000000000000000e+00 9.900662251655628632e-01 0.000000000000000000e+00 
2.807640284299850464e-02 9.357307106256484985e-02 0.000000000000000000e+00 1.000000000000000000e+00 9.775641025641025328e-01 0.000000000000000000e+00 9.656249999999999556e-01 0.000000000000000000e+00 9.901315789473684736e-01 0.000000000000000000e+00 
2.634070068597793579e-02 8.461861312389373779e-02 0.000000000000000000e+00 1.000000000000000000e+00 9.823717948717948234e-01 0.000000000000000000e+00 9.747634069400631374e-01 0.000000000000000000e+00 9.902280130293159566e-01 0.000000000000000000e+00 
2.481556497514247894e-02 7.787042856216430664e-02 0.000000000000000000e+00 1.000000000000000000e+00 9.807692307692307265e-01 0.000000000000000000e+00 9.777070063694267565e-01 0.000000000000000000e+00 9.838709677419354982e-01 0.000000000000000000e+00 
2.835072576999664307e-02 7.791992276906967163e-02 0.000000000000000000e+00 1.000000000000000000e+00 9.839743589743589203e-01 0.000000000000000000e+00 9.778481012658227778e-01 0.000000000000000000e+00 9.902597402597402843e-01 0.000000000000000000e+00 
2.219706401228904724e-02 7.180255651473999023e-02 0.000000000000000000e+00 1.000000000000000000e+00 9.807692307692307265e-01 0.000000000000000000e+00 9.807692307692307265e-01 0.000000000000000000e+00 9.807692307692307265e-01 0.000000000000000000e+00 
2.097094617784023285e-02 6.741964071989059448e-02 0.000000000000000000e+00 1.000000000000000000e+00 9.807692307692307265e-01 0.000000000000000000e+00 9.807692307692307265e-01 0.000000000000000000e+00 9.807692307692307265e-01 0.000000000000000000e+00 
1.999415084719657898e-02 6.549367308616638184e-02 0.000000000000000000e+00 1.000000000000000000e+00 9.839743589743589203e-01 0.000000000000000000e+00 9.808917197452229342e-01 0.000000000000000000e+00 9.870967741935483541e-01 0.000000000000000000e+00 
1.939976587891578674e-02 6.162191182374954224e-02 0.000000000000000000e+00 1.000000000000000000e+00 9.823717948717948234e-01 0.000000000000000000e+00 9.870550161812298162e-01 0.000000000000000000e+00 9.777777777777777457e-01 0.000000000000000000e+00 
1.885314658284187317e-02 5.901531130075454712e-02 0.000000000000000000e+00 1.000000000000000000e+00 9.823717948717948234e-01 0.000000000000000000e+00 9.870550161812298162e-01 0.000000000000000000e+00 9.777777777777777457e-01 0.000000000000000000e+00 
1.819768175482749939e-02 5.772211775183677673e-02 0.000000000000000000e+00 1.000000000000000000e+00 9.823717948717948234e-01 0.000000000000000000e+00 9.870550161812298162e-01 0.000000000000000000e+00 9.777777777777777457e-01 0.000000000000000000e+00 
1.728743128478527069e-02 5.678185448050498962e-02 0.000000000000000000e+00 1.000000000000000000e+00 9.839743589743589203e-01 0.000000000000000000e+00 9.902597402597402843e-01 0.000000000000000000e+00 9.778481012658227778e-01 0.000000000000000000e+00 
1.669213548302650452e-02 5.505689233541488647e-02 0.000000000000000000e+00 1.000000000000000000e+00 9.839743589743589203e-01 0.000000000000000000e+00 9.902597402597402843e-01 0.000000000000000000e+00 9.778481012658227778e-01 0.000000000000000000e+00 
1.632376387715339661e-02 5.539578571915626526e-02 0.000000000000000000e+00 1.000000000000000000e+00 9.839743589743589203e-01 0.000000000000000000e+00 9.902597402597402843e-01 0.000000000000000000e+00 9.778481012658227778e-01 0.000000000000000000e+00 
1.557093672454357147e-02 5.081053450703620911e-02 0.000000000000000000e+00 1.000000000000000000e+00 9.855769230769231282e-01 0.000000000000000000e+00 9.902912621359223344e-01 0.000000000000000000e+00 9.809523809523809090e-01 0.000000000000000000e+00 
1.506530679762363434e-02 5.263739451766014099e-02 0.000000000000000000e+00 1.000000000000000000e+00 9.855769230769231282e-01 0.000000000000000000e+00 9.934853420195439710e-01 0.000000000000000000e+00 9.779179810725552313e-01 0.000000000000000000e+00 
1.497774478048086166e-02 5.558565258979797363e-02 0.000000000000000000e+00 1.000000000000000000e+00 9.855769230769231282e-01 0.000000000000000000e+00 9.967213114754098768e-01 0.000000000000000000e+00 9.749216300940438673e-01 0.000000000000000000e+00 
1.449957117438316345e-02 5.227191001176834106e-02 0.000000000000000000e+00 1.000000000000000000e+00 9.871794871794872250e-01 0.000000000000000000e+00 9.967320261437908613e-01 0.000000000000000000e+00 9.779874213836478036e-01 0.000000000000000000e+00 
1.406391151249408722e-02 5.576581880450248718e-02 0.000000000000000000e+00 1.000000000000000000e+00 9.823717948717948234e-01 0.000000000000000000e+00 1.000000000000000000e+00 0.000000000000000000e+00 9.659442724458204843e-01 0.000000000000000000e+00 
1.366759371012449265e-02 5.291773751378059387e-02 0.000000000000000000e+00 1.000000000000000000e+00 9.839743589743589203e-01 0.000000000000000000e+00 1.000000000000000000e+00 0.000000000000000000e+00 9.689440993788820400e-01 0.000000000000000000e+00 
1.338290795683860779e-02 5.422910675406455994e-02 0.000000000000000000e+00 1.000000000000000000e+00 9.807692307692307265e-01 0.000000000000000000e+00 1.000000000000000000e+00 0.000000000000000000e+00 9.629629629629629095e-01 0.000000000000000000e+00 
1.294792257249355316e-02 4.818775877356529236e-02 0.000000000000000000e+00 1.000000000000000000e+00 9.855769230769231282e-01 0.000000000000000000e+00 1.000000000000000000e+00 0.000000000000000000e+00 9.719626168224299034e-01 0.000000000000000000e+00 
1.275149546563625336e-02 5.196752399206161499e-02 0.000000000000000000e+00 1.000000000000000000e+00 9.839743589743589203e-01 0.000000000000000000e+00 1.000000000000000000e+00 0.000000000000000000e+00 9.689440993788820400e-01 0.000000000000000000e+00 
1.329009979963302612e-02 5.192894861102104187e-02 0.000000000000000000e+00 1.000000000000000000e+00 9.823717948717948234e-01 0.000000000000000000e+00 1.000000000000000000e+00 0.000000000000000000e+00 9.659442724458204843e-01 0.000000000000000000e+00 
1.206836197525262833e-02 4.239629954099655151e-02 0.000000000000000000e+00 1.000000000000000000e+00 9.887820512820513219e-01 0.000000000000000000e+00 1.000000000000000000e+00 0.000000000000000000e+00 9.780564263322883978e-01 0.000000000000000000e+00 
1.184807531535625458e-02 5.502214282751083374e-02 0.000000000000000000e+00 1.000000000000000000e+00 9.823717948717948234e-01 0.000000000000000000e+00 1.000000000000000000e+00 0.000000000000000000e+00 9.659442724458204843e-01 0.000000000000000000e+00 
1.168069615960121155e-02 5.140542611479759216e-02 0.000000000000000000e+00 1.000000000000000000e+00 9.823717948717948234e-01 0.000000000000000000e+00 1.000000000000000000e+00 0.000000000000000000e+00 9.659442724458204843e-01 0.000000000000000000e+00 
1.141021493822336197e-02 5.257692188024520874e-02 0.000000000000000000e+00 1.000000000000000000e+00 9.807692307692307265e-01 0.000000000000000000e+00 1.000000000000000000e+00 0.000000000000000000e+00 9.629629629629629095e-01 0.000000000000000000e+00 
1.113545056432485580e-02 5.007994174957275391e-02 0.000000000000000000e+00 1.000000000000000000e+00 9.823717948717948234e-01 0.000000000000000000e+00 1.000000000000000000e+00 0.000000000000000000e+00 9.659442724458204843e-01 0.000000000000000000e+00 
1.092692278325557709e-02 5.304052308201789856e-02 0.000000000000000000e+00 1.000000000000000000e+00 9.823717948717948234e-01 0.000000000000000000e+00 1.000000000000000000e+00 0.000000000000000000e+00 9.659442724458204843e-01 0.000000000000000000e+00 
1.079727523028850555e-02 5.412590876221656799e-02 0.000000000000000000e+00 1.000000000000000000e+00 9.807692307692307265e-01 0.000000000000000000e+00 1.000000000000000000e+00 0.000000000000000000e+00 9.629629629629629095e-01 0.000000000000000000e+00 
1.050753146409988403e-02 5.351932346820831299e-02 0.000000000000000000e+00 1.000000000000000000e+00 9.823717948717948234e-01 0.000000000000000000e+00 1.000000000000000000e+00 0.000000000000000000e+00 9.659442724458204843e-01 0.000000000000000000e+00 
1.036467403173446655e-02 5.330245941877365112e-02 0.000000000000000000e+00 1.000000000000000000e+00 9.823717948717948234e-01 0.000000000000000000e+00 1.000000000000000000e+00 0.000000000000000000e+00 9.659442724458204843e-01 0.000000000000000000e+00 
1.009334996342658997e-02 5.829864367842674255e-02 0.000000000000000000e+00 1.000000000000000000e+00 9.791666666666666297e-01 0.000000000000000000e+00 1.000000000000000000e+00 0.000000000000000000e+00 9.599999999999999645e-01 0.000000000000000000e+00 
9.957062080502510071e-03 5.405267328023910522e-02 0.000000000000000000e+00 1.000000000000000000e+00 9.791666666666666297e-01 0.000000000000000000e+00 1.000000000000000000e+00 0.000000000000000000e+00 9.599999999999999645e-01 0.000000000000000000e+00 
9.748487733304500580e-03 4.089925438165664673e-02 0.000000000000000000e+00 1.000000000000000000e+00 9.855769230769231282e-01 0.000000000000000000e+00 1.000000000000000000e+00 0.000000000000000000e+00 9.719626168224299034e-01 0.000000000000000000e+00 
9.641045704483985901e-03 5.440641194581985474e-02 0.000000000000000000e+00 1.000000000000000000e+00 9.807692307692307265e-01 0.000000000000000000e+00 1.000000000000000000e+00 0.000000000000000000e+00 9.629629629629629095e-01 0.000000000000000000e+00 
9.542179293930530548e-03 5.744174122810363770e-02 0.000000000000000000e+00 1.000000000000000000e+00 9.775641025641025328e-01 0.000000000000000000e+00 1.000000000000000000e+00 0.000000000000000000e+00 9.570552147239264063e-01 0.000000000000000000e+00 
9.315249510109424591e-03 5.828275531530380249e-02 0.000000000000000000e+00 1.000000000000000000e+00 9.775641025641025328e-01 0.000000000000000000e+00 1.000000000000000000e+00 0.000000000000000000e+00 9.570552147239264063e-01 0.000000000000000000e+00 
9.204371832311153412e-03 3.373525291681289673e-02 0.000000000000000000e+00 1.000000000000000000e+00 9.935897435897436125e-01 0.000000000000000000e+00 1.000000000000000000e+00 0.000000000000000000e+00 9.873417721518987777e-01 0.000000000000000000e+00 
8.953735232353210449e-03 4.853064194321632385e-02 0.000000000000000000e+00 1.000000000000000000e+00 9.855769230769231282e-01 0.000000000000000000e+00 1.000000000000000000e+00 0.000000000000000000e+00 9.719626168224299034e-01 0.000000000000000000e+00 
8.900351822376251221e-03 5.774806812405586243e-02 0.000000000000000000e+00 1.000000000000000000e+00 9.807692307692307265e-01 0.000000000000000000e+00 1.000000000000000000e+00 0.000000000000000000e+00 9.629629629629629095e-01 0.000000000000000000e+00 
8.755626156926155090e-03 4.689969122409820557e-02 0.000000000000000000e+00 1.000000000000000000e+00 9.855769230769231282e-01 0.000000000000000000e+00 1.000000000000000000e+00 0.000000000000000000e+00 9.719626168224299034e-01 0.000000000000000000e+00 
8.558605797588825226e-03 5.692260339856147766e-02 0.000000000000000000e+00 1.000000000000000000e+00 9.807692307692307265e-01 0.000000000000000000e+00 1.000000000000000000e+00 0.000000000000000000e+00 9.629629629629629095e-01 0.000000000000000000e+00 
8.476029150187969208e-03 5.597625672817230225e-02 0.000000000000000000e+00 1.000000000000000000e+00 9.807692307692307265e-01 0.000000000000000000e+00 1.000000000000000000e+00 0.000000000000000000e+00 9.629629629629629095e-01 0.000000000000000000e+00 
8.363552391529083252e-03 3.483584523200988770e-02 0.000000000000000000e+00 1.000000000000000000e+00 9.903846153846154188e-01 0.000000000000000000e+00 9.967532467532467244e-01 0.000000000000000000e+00 9.841772151898734444e-01 0.000000000000000000e+00 
8.096043951809406281e-03 5.642331019043922424e-02 0.000000000000000000e+00 1.000000000000000000e+00 9.791666666666666297e-01 0.000000000000000000e+00 1.000000000000000000e+00 0.000000000000000000e+00 9.599999999999999645e-01 0.000000000000000000e+00 
7.932808250188827515e-03 5.782257765531539917e-02 0.000000000000000000e+00 1.000000000000000000e+00 9.791666666666666297e-01 0.000000000000000000e+00 1.000000000000000000e+00 0.000000000000000000e+00 9.599999999999999645e-01 0.000000000000000000e+00 
7.825938984751701355e-03 4.831486567854881287e-02 0.000000000000000000e+00 1.000000000000000000e+00 9.823717948717948234e-01 0.000000000000000000e+00 1.000000000000000000e+00 0.000000000000000000e+00 9.659442724458204843e-01 0.000000000000000000e+00 
7.759772241115570068e-03 5.295291915535926819e-02 0.000000000000000000e+00 1.000000000000000000e+00 9.823717948717948234e-01 0.000000000000000000e+00 1.000000000000000000e+00 0.000000000000000000e+00 9.659442724458204843e-01 0.000000000000000000e+00 
7.582635618746280670e-03 5.262289196252822876e-02 0.000000000000000000e+00 1.000000000000000000e+00 9.823717948717948234e-01 0.000000000000000000e+00 1.000000000000000000e+00 0.000000000000000000e+00 9.659442724458204843e-01 0.000000000000000000e+00 
7.495397701859474182e-03 5.126334354281425476e-02 0.000000000000000000e+00 1.000000000000000000e+00 9.823717948717948234e-01 0.000000000000000000e+00 1.000000000000000000e+00 0.000000000000000000e+00 9.659442724458204843e-01 0.000000000000000000e+00 
7.355671375989913940e-03 5.194380506873130798e-02 0.000000000000000000e+00 1.000000000000000000e+00 9.823717948717948234e-01 0.000000000000000000e+00 1.000000000000000000e+00 0.000000000000000000e+00 9.659442724458204843e-01 0.000000000000000000e+00 
7.267076987773180008e-03 5.256788432598114014e-02 0.000000000000000000e+00 1.000000000000000000e+00 9.823717948717948234e-01 0.000000000000000000e+00 1.000000000000000000e+00 0.000000000000000000e+00 9.659442724458204843e-01 0.000000000000000000e+00 
7.141555193811655045e-03 5.264646187424659729e-02 0.000000000000000000e+00 1.000000000000000000e+00 9.823717948717948234e-01 0.000000000000000000e+00 1.000000000000000000e+00 0.000000000000000000e+00 9.659442724458204843e-01 0.000000000000000000e+00 
7.077632006257772446e-03 2.842267416417598724e-02 0.000000000000000000e+00 1.000000000000000000e+00 9.919871794871795156e-01 0.000000000000000000e+00 9.967637540453074818e-01 0.000000000000000000e+00 9.873015873015873467e-01 0.000000000000000000e+00 
7.000382989645004272e-03 4.628441855311393738e-02 0.000000000000000000e+00 1.000000000000000000e+00 9.855769230769231282e-01 0.000000000000000000e+00 1.000000000000000000e+00 0.000000000000000000e+00 9.719626168224299034e-01 0.000000000000000000e+00 
6.893228739500045776e-03 4.768711701035499573e-02 0.000000000000000000e+00 1.000000000000000000e+00 9.823717948717948234e-01 0.000000000000000000e+00 1.000000000000000000e+00 0.000000000000000000e+00 9.659442724458204843e-01 0.000000000000000000e+00 
6.780288182199001312e-03 4.834606498479843140e-02 0.000000000000000000e+00 1.000000000000000000e+00 9.823717948717948234e-01 0.000000000000000000e+00 1.000000000000000000e+00 0.000000000000000000e+00 9.659442724458204843e-01 0.000000000000000000e+00 
6.727453786879777908e-03 5.085079371929168701e-02 0.000000000000000000e+00 1.000000000000000000e+00 9.823717948717948234e-01 0.000000000000000000e+00 1.000000000000000000e+00 0.000000000000000000e+00 9.659442724458204843e-01 0.000000000000000000e+00 
6.593854166567325592e-03 5.156356468796730042e-02 0.000000000000000000e+00 1.000000000000000000e+00 9.823717948717948234e-01 0.000000000000000000e+00 1.000000000000000000e+00 0.000000000000000000e+00 9.659442724458204843e-01 0.000000000000000000e+00 
6.495275534689426422e-03 4.928838089108467102e-02 0.000000000000000000e+00 1.000000000000000000e+00 9.823717948717948234e-01 0.000000000000000000e+00 1.000000000000000000e+00 0.000000000000000000e+00 9.659442724458204843e-01 0.000000000000000000e+00 
6.406921893358230591e-03 5.098448693752288818e-02 0.000000000000000000e+00 1.000000000000000000e+00 9.823717948717948234e-01 0.000000000000000000e+00 1.000000000000000000e+00 0.000000000000000000e+00 9.659442724458204843e-01 0.000000000000000000e+00 
6.350582465529441833e-03 5.180742219090461731e-02 0.000000000000000000e+00 1.000000000000000000e+00 9.823717948717948234e-01 0.000000000000000000e+00 1.000000000000000000e+00 0.000000000000000000e+00 9.659442724458204843e-01 0.000000000000000000e+00 
6.315748207271099091e-03 5.300624668598175049e-02 0.000000000000000000e+00 1.000000000000000000e+00 9.823717948717948234e-01 0.000000000000000000e+00 1.000000000000000000e+00 0.000000000000000000e+00 9.659442724458204843e-01 0.000000000000000000e+00 
6.394588388502597809e-03 2.952213585376739502e-02 0.000000000000000000e+00 1.000000000000000000e+00 9.935897435897436125e-01 0.000000000000000000e+00 1.000000000000000000e+00 0.000000000000000000e+00 9.873417721518987777e-01 0.000000000000000000e+00 
6.258692592382431030e-03 3.891152888536453247e-02 0.000000000000000000e+00 1.000000000000000000e+00 9.903846153846154188e-01 0.000000000000000000e+00 1.000000000000000000e+00 0.000000000000000000e+00 9.811320754716981174e-01 0.000000000000000000e+00 
6.146167404949665070e-03 1.825485751032829285e-02 0.000000000000000000e+00 1.000000000000000000e+00 9.967948717948718063e-01 0.000000000000000000e+00 1.000000000000000000e+00 0.000000000000000000e+00 9.936305732484076447e-01 0.000000000000000000e+00 
6.012356840074062347e-03 1.865715347230434418e-02 0.000000000000000000e+00 1.000000000000000000e+00 9.967948717948718063e-01 0.000000000000000000e+00 1.000000000000000000e+00 0.000000000000000000e+00 9.936305732484076447e-01 0.000000000000000000e+00 
5.935716442763805389e-03 2.029848098754882812e-02 0.000000000000000000e+00 1.000000000000000000e+00 9.951923076923077094e-01 0.000000000000000000e+00 1.000000000000000000e+00 0.000000000000000000e+00 9.904761904761905100e-01 0.000000000000000000e+00 
5.842840764671564102e-03 2.144461683928966522e-02 0.000000000000000000e+00 1.000000000000000000e+00 9.951923076923077094e-01 0.000000000000000000e+00 1.000000000000000000e+00 0.000000000000000000e+00 9.904761904761905100e-01 0.000000000000000000e+00 
5.758431740105152130e-03 2.225667983293533325e-02 0.000000000000000000e+00 1.000000000000000000e+00 9.935897435897436125e-01 0.000000000000000000e+00 1.000000000000000000e+00 0.000000000000000000e+00 9.873417721518987777e-01 0.000000000000000000e+00 
5.839671008288860321e-03 1.089939754456281662e-02 0.000000000000000000e+00 1.000000000000000000e+00 9.967948717948718063e-01 0.000000000000000000e+00 9.967948717948718063e-01 0.000000000000000000e+00 9.967948717948718063e-01 0.000000000000000000e+00 
5.748289637267589569e-03 1.052732858806848526e-02 0.000000000000000000e+00 1.000000000000000000e+00 9.967948717948718063e-01 0.000000000000000000e+00 9.967948717948718063e-01 0.000000000000000000e+00 9.967948717948718063e-01 0.000000000000000000e+00 
5.640742368996143341e-03 1.257894560694694519e-02 0.000000000000000000e+00 1.000000000000000000e+00 9.967948717948718063e-01 0.000000000000000000e+00 1.000000000000000000e+00 0.000000000000000000e+00 9.936305732484076447e-01 0.000000000000000000e+00 
5.545044317841529846e-03 1.617079041898250580e-02 0.000000000000000000e+00 1.000000000000000000e+00 9.951923076923077094e-01 0.000000000000000000e+00 1.000000000000000000e+00 0.000000000000000000e+00 9.904761904761905100e-01 0.000000000000000000e+00 
5.457537248730659485e-03 1.809527911245822906e-02 0.000000000000000000e+00 1.000000000000000000e+00 9.951923076923077094e-01 0.000000000000000000e+00 1.000000000000000000e+00 0.000000000000000000e+00 9.904761904761905100e-01 0.000000000000000000e+00 
5.494218319654464722e-03 1.941880583763122559e-02 0.000000000000000000e+00 1.000000000000000000e+00 9.951923076923077094e-01 0.000000000000000000e+00 1.000000000000000000e+00 0.000000000000000000e+00 9.904761904761905100e-01 0.000000000000000000e+00 
5.307994782924652100e-03 2.014885842800140381e-02 0.000000000000000000e+00 1.000000000000000000e+00 9.951923076923077094e-01 0.000000000000000000e+00 1.000000000000000000e+00 0.000000000000000000e+00 9.904761904761905100e-01 0.000000000000000000e+00 
5.241525359451770782e-03 2.081752382218837738e-02 0.000000000000000000e+00 1.000000000000000000e+00 9.951923076923077094e-01 0.000000000000000000e+00 1.000000000000000000e+00 0.000000000000000000e+00 9.904761904761905100e-01 0.000000000000000000e+00 
5.195605102926492691e-03 2.123436518013477325e-02 0.000000000000000000e+00 1.000000000000000000e+00 9.951923076923077094e-01 0.000000000000000000e+00 1.000000000000000000e+00 0.000000000000000000e+00 9.904761904761905100e-01 0.000000000000000000e+00 
5.147723946720361710e-03 2.149228937923908234e-02 0.000000000000000000e+00 1.000000000000000000e+00 9.951923076923077094e-01 0.000000000000000000e+00 1.000000000000000000e+00 0.000000000000000000e+00 9.904761904761905100e-01 0.000000000000000000e+00 
5.069026257842779160e-03 2.186340652406215668e-02 0.000000000000000000e+00 1.000000000000000000e+00 9.951923076923077094e-01 0.000000000000000000e+00 1.000000000000000000e+00 0.000000000000000000e+00 9.904761904761905100e-01 0.000000000000000000e+00 
5.029686726629734039e-03 2.224293164908885956e-02 0.000000000000000000e+00 1.000000000000000000e+00 9.951923076923077094e-01 0.000000000000000000e+00 1.000000000000000000e+00 0.000000000000000000e+00 9.904761904761905100e-01 0.000000000000000000e+00 
4.972902126610279083e-03 2.265015244483947754e-02 0.000000000000000000e+00 1.000000000000000000e+00 9.951923076923077094e-01 0.000000000000000000e+00 1.000000000000000000e+00 0.000000000000000000e+00 9.904761904761905100e-01 0.000000000000000000e+00 
4.881428554654121399e-03 2.292106114327907562e-02 0.000000000000000000e+00 1.000000000000000000e+00 9.951923076923077094e-01 0.000000000000000000e+00 1.000000000000000000e+00 0.000000000000000000e+00 9.904761904761905100e-01 0.000000000000000000e+00 
4.832166247069835663e-03 2.310010418295860291e-02 0.000000000000000000e+00 1.000000000000000000e+00 9.951923076923077094e-01 0.000000000000000000e+00 1.000000000000000000e+00 0.000000000000000000e+00 9.904761904761905100e-01 0.000000000000000000e+00 
4.810765385627746582e-03 2.330159023404121399e-02 0.000000000000000000e+00 1.000000000000000000e+00 9.951923076923077094e-01 0.000000000000000000e+00 1.000000000000000000e+00 0.000000000000000000e+00 9.904761904761905100e-01 0.000000000000000000e+00 
4.699366167187690735e-03 2.344808913767337799e-02 0.000000000000000000e+00 1.000000000000000000e+00 9.935897435897436125e-01 0.000000000000000000e+00 1.000000000000000000e+00 0.000000000000000000e+00 9.873417721518987777e-01 0.000000000000000000e+00 
4.656218923628330231e-03 2.359476312994956970e-02 0.000000000000000000e+00 1.000000000000000000e+00 9.935897435897436125e-01 0.000000000000000000e+00 1.000000000000000000e+00 0.000000000000000000e+00 9.873417721518987777e-01 0.000000000000000000e+00 
4.687782842665910721e-03 2.362932637333869934e-02 0.000000000000000000e+00 1.000000000000000000e+00 9.935897435897436125e-01 0.000000000000000000e+00 1.000000000000000000e+00 0.000000000000000000e+00 9.873417721518987777e-01 0.000000000000000000e+00 
4.565903916954994202e-03 2.349865809082984924e-02 0.000000000000000000e+00 1.000000000000000000e+00 9.935897435897436125e-01 0.000000000000000000e+00 1.000000000000000000e+00 0.000000000000000000e+00 9.873417721518987777e-01 0.000000000000000000e+00 
4.507750738412141800e-03 2.368638105690479279e-02 0.000000000000000000e+00 1.000000000000000000e+00 9.935897435897436125e-01 0.000000000000000000e+00 1.000000000000000000e+00 0.000000000000000000e+00 9.873417721518987777e-01 0.000000000000000000e+00 
4.471512045711278915e-03 2.394331060349941254e-02 0.000000000000000000e+00 1.000000000000000000e+00 9.935897435897436125e-01 0.000000000000000000e+00 1.000000000000000000e+00 0.000000000000000000e+00 9.873417721518987777e-01 0.000000000000000000e+00 
4.398776218295097351e-03 2.403427287936210632e-02 0.000000000000000000e+00 1.000000000000000000e+00 9.935897435897436125e-01 0.000000000000000000e+00 1.000000000000000000e+00 0.000000000000000000e+00 9.873417721518987777e-01 0.000000000000000000e+00 
4.333973396569490433e-03 2.411394938826560974e-02 0.000000000000000000e+00 1.000000000000000000e+00 9.935897435897436125e-01 0.000000000000000000e+00 1.000000000000000000e+00 0.000000000000000000e+00 9.873417721518987777e-01 0.000000000000000000e+00 
4.303760826587677002e-03 2.444704063236713409e-02 0.000000000000000000e+00 1.000000000000000000e+00 9.935897435897436125e-01 0.000000000000000000e+00 1.000000000000000000e+00 0.000000000000000000e+00 9.873417721518987777e-01 0.000000000000000000e+00 
4.245507530868053436e-03 2.458558045327663422e-02 0.000000000000000000e+00 1.000000000000000000e+00 9.935897435897436125e-01 0.000000000000000000e+00 1.000000000000000000e+00 0.000000000000000000e+00 9.873417721518987777e-01 0.000000000000000000e+00 
4.213484469801187515e-03 2.469052746891975403e-02 0.000000000000000000e+00 1.000000000000000000e+00 9.935897435897436125e-01 0.000000000000000000e+00 1.000000000000000000e+00 0.000000000000000000e+00 9.873417721518987777e-01 0.000000000000000000e+00 
4.122766200453042984e-03 2.467867359519004822e-02 0.000000000000000000e+00 1.000000000000000000e+00 9.935897435897436125e-01 0.000000000000000000e+00 1.000000000000000000e+00 0.000000000000000000e+00 9.873417721518987777e-01 0.000000000000000000e+00 
4.109130240976810455e-03 2.476171031594276428e-02 0.000000000000000000e+00 1.000000000000000000e+00 9.935897435897436125e-01 0.000000000000000000e+00 1.000000000000000000e+00 0.000000000000000000e+00 9.873417721518987777e-01 0.000000000000000000e+00 
4.037480801343917847e-03 2.478395774960517883e-02 0.000000000000000000e+00 1.000000000000000000e+00 9.935897435897436125e-01 0.000000000000000000e+00 1.000000000000000000e+00 0.000000000000000000e+00 9.873417721518987777e-01 0.000000000000000000e+00 
4.017123952507972717e-03 2.474449202418327332e-02 0.000000000000000000e+00 1.000000000000000000e+00 9.935897435897436125e-01 0.000000000000000000e+00 1.000000000000000000e+00 0.000000000000000000e+00 9.873417721518987777e-01 0.000000000000000000e+00 
3.947434946894645691e-03 2.482534386217594147e-02 0.000000000000000000e+00 1.000000000000000000e+00 9.935897435897436125e-01 0.000000000000000000e+00 1.000000000000000000e+00 0.000000000000000000e+00 9.873417721518987777e-01 0.000000000000000000e+00 
3.922689706087112427e-03 2.502058073878288269e-02 0.000000000000000000e+00 1.000000000000000000e+00 9.935897435897436125e-01 0.000000000000000000e+00 1.000000000000000000e+00 0.000000000000000000e+00 9.873417721518987777e-01 0.000000000000000000e+00 
3.858047304674983025e-03 2.529245242476463318e-02 0.000000000000000000e+00 1.000000000000000000e+00 9.935897435897436125e-01 0.000000000000000000e+00 1.000000000000000000e+00 0.000000000000000000e+00 9.873417721518987777e-01 0.000000000000000000e+00 
3.819386474788188934e-03 2.539070136845111847e-02 0.000000000000000000e+00 1.000000000000000000e+00 9.935897435897436125e-01 0.000000000000000000e+00 1.000000000000000000e+00 0.000000000000000000e+00 9.873417721518987777e-01 0.000000000000000000e+00 
3.773456905037164688e-03 2.550060115754604340e-02 0.000000000000000000e+00 1.000000000000000000e+00 9.935897435897436125e-01 0.000000000000000000e+00 1.000000000000000000e+00 0.000000000000000000e+00 9.873417721518987777e-01 0.000000000000000000e+00 
3.739905543625354767e-03 2.573815174400806427e-02 0.000000000000000000e+00 1.000000000000000000e+00 9.935897435897436125e-01 0.000000000000000000e+00 1.000000000000000000e+00 0.000000000000000000e+00 9.873417721518987777e-01 0.000000000000000000e+00 
3.697814652696251869e-03 2.595401369035243988e-02 0.000000000000000000e+00 1.000000000000000000e+00 9.935897435897436125e-01 0.000000000000000000e+00 1.000000000000000000e+00 0.000000000000000000e+00 9.873417721518987777e-01 0.000000000000000000e+00 
3.660606686025857925e-03 2.604688145220279694e-02 0.000000000000000000e+00 1.000000000000000000e+00 9.935897435897436125e-01 0.000000000000000000e+00 1.000000000000000000e+00 0.000000000000000000e+00 9.873417721518987777e-01 0.000000000000000000e+00 
3.607949707657098770e-03 2.629943750798702240e-02 0.000000000000000000e+00 1.000000000000000000e+00 9.935897435897436125e-01 0.000000000000000000e+00 1.000000000000000000e+00 0.000000000000000000e+00 9.873417721518987777e-01 0.000000000000000000e+00 
3.578189760446548462e-03 2.646371722221374512e-02 0.000000000000000000e+00 1.000000000000000000e+00 9.935897435897436125e-01 0.000000000000000000e+00 1.000000000000000000e+00 0.000000000000000000e+00 9.873417721518987777e-01 0.000000000000000000e+00 
3.504961030557751656e-03 2.652190253138542175e-02 0.000000000000000000e+00 1.000000000000000000e+00 9.935897435897436125e-01 0.000000000000000000e+00 1.000000000000000000e+00 0.000000000000000000e+00 9.873417721518987777e-01 0.000000000000000000e+00 
3.467156551778316498e-03 2.668067812919616699e-02 0.000000000000000000e+00 1.000000000000000000e+00 9.935897435897436125e-01 0.000000000000000000e+00 1.000000000000000000e+00 0.000000000000000000e+00 9.873417721518987777e-01 0.000000000000000000e+00 
3.435929305851459503e-03 2.677888423204421997e-02 0.000000000000000000e+00 1.000000000000000000e+00 9.919871794871795156e-01 0.000000000000000000e+00 1.000000000000000000e+00 0.000000000000000000e+00 9.842271293375394192e-01 0.000000000000000000e+00 
3.395768348127603531e-03 2.692880667746067047e-02 0.000000000000000000e+00 1.000000000000000000e+00 9.919871794871795156e-01 0.000000000000000000e+00 1.000000000000000000e+00 0.000000000000000000e+00 9.842271293375394192e-01 0.000000000000000000e+00 
3.346829209476709366e-03 2.702612243592739105e-02 0.000000000000000000e+00 1.000000000000000000e+00 9.919871794871795156e-01 0.000000000000000000e+00 1.000000000000000000e+00 0.000000000000000000e+00 9.842271293375394192e-01 0.000000000000000000e+00 
3.311979584395885468e-03 2.706925757229328156e-02 0.000000000000000000e+00 1.000000000000000000e+00 9.919871794871795156e-01 0.000000000000000000e+00 1.000000000000000000e+00 0.000000000000000000e+00 9.842271293375394192e-01 0.000000000000000000e+00 
3.300944808870553970e-03 2.692761830985546112e-02 0.000000000000000000e+00 1.000000000000000000e+00 9.919871794871795156e-01 0.000000000000000000e+00 1.000000000000000000e+00 0.000000000000000000e+00 9.842271293375394192e-01 0.000000000000000000e+00 
3.241574857383966446e-03 2.628839947283267975e-02 0.000000000000000000e+00 1.000000000000000000e+00 9.919871794871795156e-01 0.000000000000000000e+00 1.000000000000000000e+00 0.000000000000000000e+00 9.842271293375394192e-01 0.000000000000000000e+00 
3.198834834620356560e-03 2.645985595881938934e-02 0.000000000000000000e+00 1.000000000000000000e+00 9.919871794871795156e-01 0.000000000000000000e+00 1.000000000000000000e+00 0.000000000000000000e+00 9.842271293375394192e-01 0.000000000000000000e+00 
3.159978426992893219e-03 2.685798704624176025e-02 0.000000000000000000e+00 1.000000000000000000e+00 9.919871794871795156e-01 0.000000000000000000e+00 1.000000000000000000e+00 0.000000000000000000e+00 9.842271293375394192e-01 0.000000000000000000e+00 
3.141223918646574020e-03 2.717318385839462280e-02 0.000000000000000000e+00 1.000000000000000000e+00 9.919871794871795156e-01 0.000000000000000000e+00 1.000000000000000000e+00 0.000000000000000000e+00 9.842271293375394192e-01 0.000000000000000000e+00 
3.080689581111073494e-03 2.715184725821018219e-02 0.000000000000000000e+00 1.000000000000000000e+00 9.919871794871795156e-01 0.000000000000000000e+00 1.000000000000000000e+00 0.000000000000000000e+00 9.842271293375394192e-01 0.000000000000000000e+00 
3.071792423725128174e-03 2.719512023031711578e-02 0.000000000000000000e+00 1.000000000000000000e+00 9.919871794871795156e-01 0.000000000000000000e+00 1.000000000000000000e+00 0.000000000000000000e+00 9.842271293375394192e-01 0.000000000000000000e+00 
3.031528089195489883e-03 2.738914079964160919e-02 0.000000000000000000e+00 1.000000000000000000e+00 9.919871794871795156e-01 0.000000000000000000e+00 1.000000000000000000e+00 0.000000000000000000e+00 9.842271293375394192e-01 0.000000000000000000e+00 
2.978590549901127815e-03 2.749178931117057800e-02 0.000000000000000000e+00 1.000000000000000000e+00 9.919871794871795156e-01 0.000000000000000000e+00 1.000000000000000000e+00 0.000000000000000000e+00 9.842271293375394192e-01 0.000000000000000000e+00 
2.963236067444086075e-03 2.741311118006706238e-02 0.000000000000000000e+00 1.000000000000000000e+00 9.919871794871795156e-01 0.000000000000000000e+00 1.000000000000000000e+00 0.000000000000000000e+00 9.842271293375394192e-01 0.000000000000000000e+00 
2.911080140620470047e-03 2.731130644679069519e-02 0.000000000000000000e+00 1.000000000000000000e+00 9.919871794871795156e-01 0.000000000000000000e+00 1.000000000000000000e+00 0.000000000000000000e+00 9.842271293375394192e-01 0.000000000000000000e+00 
2.898668404668569565e-03 2.750030532479286194e-02 0.000000000000000000e+00 1.000000000000000000e+00 9.919871794871795156e-01 0.000000000000000000e+00 1.000000000000000000e+00 0.000000000000000000e+00 9.842271293375394192e-01 0.000000000000000000e+00 
2.878391649574041367e-03 2.778294496238231659e-02 0.000000000000000000e+00 1.000000000000000000e+00 9.919871794871795156e-01 0.000000000000000000e+00 1.000000000000000000e+00 0.000000000000000000e+00 9.842271293375394192e-01 0.000000000000000000e+00 
2.829082543030381203e-03 2.786188013851642609e-02 0.000000000000000000e+00 1.000000000000000000e+00 9.919871794871795156e-01 0.000000000000000000e+00 1.000000000000000000e+00 0.000000000000000000e+00 9.842271293375394192e-01 0.000000000000000000e+00 
2.791812876239418983e-03 2.788286283612251282e-02 0.000000000000000000e+00 1.000000000000000000e+00 9.919871794871795156e-01 0.000000000000000000e+00 1.000000000000000000e+00 0.000000000000000000e+00 9.842271293375394192e-01 0.000000000000000000e+00 
2.755730180069804192e-03 2.800593711435794830e-02 0.000000000000000000e+00 1.000000000000000000e+00 9.919871794871795156e-01 0.000000000000000000e+00 1.000000000000000000e+00 0.000000000000000000e+00 9.842271293375394192e-01 0.000000000000000000e+00 
2.720658434554934502e-03 2.821490727365016937e-02 0.000000000000000000e+00 1.000000000000000000e+00 9.919871794871795156e-01 0.000000000000000000e+00 1.000000000000000000e+00 0.000000000000000000e+00 9.842271293375394192e-01 0.000000000000000000e+00 
2.716018585488200188e-03 2.831645309925079346e-02 0.000000000000000000e+00 1.000000000000000000e+00 9.919871794871795156e-01 0.000000000000000000e+00 1.000000000000000000e+00 0.000000000000000000e+00 9.842271293375394192e-01 0.000000000000000000e+00 
2.671379828825592995e-03 2.817736193537712097e-02 0.000000000000000000e+00 1.000000000000000000e+00 9.919871794871795156e-01 0.000000000000000000e+00 1.000000000000000000e+00 0.000000000000000000e+00 9.842271293375394192e-01 0.000000000000000000e+00 
2.631982322782278061e-03 2.842273749411106110e-02 0.000000000000000000e+00 1.000000000000000000e+00 9.919871794871795156e-01 0.000000000000000000e+00 1.000000000000000000e+00 0.000000000000000000e+00 9.842271293375394192e-01 0.000000000000000000e+00 
2.608285751193761826e-03 2.827405929565429688e-02 0.000000000000000000e+00 1.000000000000000000e+00 9.919871794871795156e-01 0.000000000000000000e+00 1.000000000000000000e+00 0.000000000000000000e+00 9.842271293375394192e-01 0.000000000000000000e+00 
2.583656460046768188e-03 2.819620072841644287e-02 0.000000000000000000e+00 1.000000000000000000e+00 9.919871794871795156e-01 0.000000000000000000e+00 1.000000000000000000e+00 0.000000000000000000e+00 9.842271293375394192e-01 0.000000000000000000e+00 
2.545924624428153038e-03 2.804050780832767487e-02 0.000000000000000000e+00 1.000000000000000000e+00 9.919871794871795156e-01 0.000000000000000000e+00 1.000000000000000000e+00 0.000000000000000000e+00 9.842271293375394192e-01 0.000000000000000000e+00 
2.527166856452822685e-03 2.815463580191135406e-02 0.000000000000000000e+00 1.000000000000000000e+00 9.919871794871795156e-01 0.000000000000000000e+00 1.000000000000000000e+00 0.000000000000000000e+00 9.842271293375394192e-01 0.000000000000000000e+00 
2.485010307282209396e-03 2.838184870779514313e-02 0.000000000000000000e+00 1.000000000000000000e+00 9.919871794871795156e-01 0.000000000000000000e+00 1.000000000000000000e+00 0.000000000000000000e+00 9.842271293375394192e-01 0.000000000000000000e+00 
2.469878643751144409e-03 2.825834788382053375e-02 0.000000000000000000e+00 1.000000000000000000e+00 9.919871794871795156e-01 0.000000000000000000e+00 1.000000000000000000e+00 0.000000000000000000e+00 9.842271293375394192e-01 0.000000000000000000e+00 
2.446448430418968201e-03 2.812954224646091461e-02 0.000000000000000000e+00 1.000000000000000000e+00 9.919871794871795156e-01 0.000000000000000000e+00 1.000000000000000000e+00 0.000000000000000000e+00 9.842271293375394192e-01 0.000000000000000000e+00 
2.424453850835561752e-03 2.847219817340373993e-02 0.000000000000000000e+00 1.000000000000000000e+00 9.919871794871795156e-01 0.000000000000000000e+00 1.000000000000000000e+00 0.000000000000000000e+00 9.842271293375394192e-01 0.000000000000000000e+00 
2.393325325101613998e-03 2.873032540082931519e-02 0.000000000000000000e+00 1.000000000000000000e+00 9.919871794871795156e-01 0.000000000000000000e+00 1.000000000000000000e+00 0.000000000000000000e+00 9.842271293375394192e-01 0.000000000000000000e+00 
2.350958064198493958e-03 2.881207503378391266e-02 0.000000000000000000e+00 1.000000000000000000e+00 9.919871794871795156e-01 0.000000000000000000e+00 1.000000000000000000e+00 0.000000000000000000e+00 9.842271293375394192e-01 0.000000000000000000e+00 
2.329121343791484833e-03 2.860414050519466400e-02 0.000000000000000000e+00 1.000000000000000000e+00 9.919871794871795156e-01 0.000000000000000000e+00 1.000000000000000000e+00 0.000000000000000000e+00 9.842271293375394192e-01 0.000000000000000000e+00 
2.304850611835718155e-03 2.868058159947395325e-02 0.000000000000000000e+00 1.000000000000000000e+00 9.919871794871795156e-01 0.000000000000000000e+00 1.000000000000000000e+00 0.000000000000000000e+00 9.842271293375394192e-01 0.000000000000000000e+00 
2.277341205626726151e-03 2.886241860687732697e-02 0.000000000000000000e+00 1.000000000000000000e+00 9.919871794871795156e-01 0.000000000000000000e+00 1.000000000000000000e+00 0.000000000000000000e+00 9.842271293375394192e-01 0.000000000000000000e+00 
2.255951985716819763e-03 2.904858998954296112e-02 0.000000000000000000e+00 1.000000000000000000e+00 9.919871794871795156e-01 0.000000000000000000e+00 1.000000000000000000e+00 0.000000000000000000e+00 9.842271293375394192e-01 0.000000000000000000e+00 
2.231628634035587311e-03 2.890833653509616852e-02 0.000000000000000000e+00 1.000000000000000000e+00 9.919871794871795156e-01 0.000000000000000000e+00 1.000000000000000000e+00 0.000000000000000000e+00 9.842271293375394192e-01 0.000000000000000000e+00 
2.196100540459156036e-03 2.888953499495983124e-02 0.000000000000000000e+00 1.000000000000000000e+00 9.919871794871795156e-01 0.000000000000000000e+00 1.000000000000000000e+00 0.000000000000000000e+00 9.842271293375394192e-01 0.000000000000000000e+00 
2.182077849283814430e-03 2.884651720523834229e-02 0.000000000000000000e+00 1.000000000000000000e+00 9.919871794871795156e-01 0.000000000000000000e+00 1.000000000000000000e+00 0.000000000000000000e+00 9.842271293375394192e-01 0.000000000000000000e+00 
2.152009168639779091e-03 2.892862260341644287e-02 0.000000000000000000e+00 1.000000000000000000e+00 9.919871794871795156e-01 0.000000000000000000e+00 1.000000000000000000e+00 0.000000000000000000e+00 9.842271293375394192e-01 0.000000000000000000e+00 
2.141475211828947067e-03 2.899100258946418762e-02 0.000000000000000000e+00 1.000000000000000000e+00 9.919871794871795156e-01 0.000000000000000000e+00 1.000000000000000000e+00 0.000000000000000000e+00 9.842271293375394192e-01 0.000000000000000000e+00 
2.115836832672357559e-03 2.901777066290378571e-02 0.000000000000000000e+00 1.000000000000000000e+00 9.919871794871795156e-01 0.000000000000000000e+00 1.000000000000000000e+00 0.000000000000000000e+00 9.842271293375394192e-01 0.000000000000000000e+00 
2.091163769364356995e-03 2.904539555311203003e-02 0.000000000000000000e+00 1.000000000000000000e+00 9.919871794871795156e-01 0.000000000000000000e+00 1.000000000000000000e+00 0.000000000000000000e+00 9.842271293375394192e-01 0.000000000000000000e+00 
2.065605716779828072e-03 2.914355322718620300e-02 0.000000000000000000e+00 1.000000000000000000e+00 9.919871794871795156e-01 0.000000000000000000e+00 1.000000000000000000e+00 0.000000000000000000e+00 9.842271293375394192e-01 0.000000000000000000e+00 
2.053584204986691475e-03 2.925148792564868927e-02 0.000000000000000000e+00 1.000000000000000000e+00 9.919871794871795156e-01 0.000000000000000000e+00 1.000000000000000000e+00 0.000000000000000000e+00 9.842271293375394192e-01 0.000000000000000000e+00 
2.018678933382034302e-03 2.917435579001903534e-02 0.000000000000000000e+00 1.000000000000000000e+00 9.919871794871795156e-01 0.000000000000000000e+00 1.000000000000000000e+00 0.000000000000000000e+00 9.842271293375394192e-01 0.000000000000000000e+00 
2.007851842790842056e-03 2.915298938751220703e-02 0.000000000000000000e+00 1.000000000000000000e+00 9.919871794871795156e-01 0.000000000000000000e+00 1.000000000000000000e+00 0.000000000000000000e+00 9.842271293375394192e-01 0.000000000000000000e+00 
1.985228154808282852e-03 2.921163849532604218e-02 0.000000000000000000e+00 1.000000000000000000e+00 9.919871794871795156e-01 0.000000000000000000e+00 1.000000000000000000e+00 0.000000000000000000e+00 9.842271293375394192e-01 0.000000000000000000e+00 
1.960769295692443848e-03 2.933027222752571106e-02 0.000000000000000000e+00 1.000000000000000000e+00 9.919871794871795156e-01 0.000000000000000000e+00 1.000000000000000000e+00 0.000000000000000000e+00 9.842271293375394192e-01 0.000000000000000000e+00 
1.950820442289113998e-03 2.929274551570415497e-02 0.000000000000000000e+00 1.000000000000000000e+00 9.919871794871795156e-01 0.000000000000000000e+00 1.000000000000000000e+00 0.000000000000000000e+00 9.842271293375394192e-01 0.000000000000000000e+00 
1.914162538014352322e-03 2.835184521973133087e-02 0.000000000000000000e+00 1.000000000000000000e+00 9.919871794871795156e-01 0.000000000000000000e+00 1.000000000000000000e+00 0.000000000000000000e+00 9.842271293375394192e-01 0.000000000000000000e+00 
1.894018845632672310e-03 2.834403514862060547e-02 0.000000000000000000e+00 1.000000000000000000e+00 9.919871794871795156e-01 0.000000000000000000e+00 1.000000000000000000e+00 0.000000000000000000e+00 9.842271293375394192e-01 0.000000000000000000e+00 
1.924511627294123173e-03 2.854147367179393768e-02 0.000000000000000000e+00 1.000000000000000000e+00 9.919871794871795156e-01 0.000000000000000000e+00 1.000000000000000000e+00 0.000000000000000000e+00 9.842271293375394192e-01 0.000000000000000000e+00 
1.847175066359341145e-03 2.811376377940177917e-02 0.000000000000000000e+00 1.000000000000000000e+00 9.919871794871795156e-01 0.000000000000000000e+00 1.000000000000000000e+00 0.000000000000000000e+00 9.842271293375394192e-01 0.000000000000000000e+00 
1.843034056946635246e-03 2.834848873317241669e-02 0.000000000000000000e+00 1.000000000000000000e+00 9.919871794871795156e-01 0.000000000000000000e+00 1.000000000000000000e+00 0.000000000000000000e+00 9.842271293375394192e-01 0.000000000000000000e+00 
1.813912764191627502e-03 2.853374555706977844e-02 0.000000000000000000e+00 1.000000000000000000e+00 9.919871794871795156e-01 0.000000000000000000e+00 1.000000000000000000e+00 0.000000000000000000e+00 9.842271293375394192e-01 0.000000000000000000e+00 
1.795639982447028160e-03 2.865481935441493988e-02 0.000000000000000000e+00 1.000000000000000000e+00 9.919871794871795156e-01 0.000000000000000000e+00 1.000000000000000000e+00 0.000000000000000000e+00 9.842271293375394192e-01 0.000000000000000000e+00 
1.773511874489486217e-03 2.887461706995964050e-02 0.000000000000000000e+00 1.000000000000000000e+00 9.919871794871795156e-01 0.000000000000000000e+00 1.000000000000000000e+00 0.000000000000000000e+00 9.842271293375394192e-01 0.000000000000000000e+00 
1.760793849825859070e-03 2.876114845275878906e-02 0.000000000000000000e+00 1.000000000000000000e+00 9.919871794871795156e-01 0.000000000000000000e+00 1.000000000000000000e+00 0.000000000000000000e+00 9.842271293375394192e-01 0.000000000000000000e+00 
1.728943316265940666e-03 2.895872481167316437e-02 0.000000000000000000e+00 1.000000000000000000e+00 9.919871794871795156e-01 0.000000000000000000e+00 1.000000000000000000e+00 0.000000000000000000e+00 9.842271293375394192e-01 0.000000000000000000e+00 
1.714343321509659290e-03 2.897276356816291809e-02 0.000000000000000000e+00 1.000000000000000000e+00 9.919871794871795156e-01 0.000000000000000000e+00 1.000000000000000000e+00 0.000000000000000000e+00 9.842271293375394192e-01 0.000000000000000000e+00 
