0.000000000000000000e+00 0.000000000000000000e+00 0.000000000000000000e+00 0.000000000000000000e+00 0.000000000000000000e+00 0.000000000000000000e+00 0.000000000000000000e+00 0.000000000000000000e+00 0.000000000000000000e+00 5.147411017753262819e-01 5.084775874635568682e-01 5.084775874635568682e-01 5.084775874635568682e-01 5.084775874635568682e-01 5.084775874635568682e-01 5.084775874635568682e-01 5.084775874635568682e-01 5.084775874635568682e-01 5.084775874635568682e-01 5.084775874635568682e-01 5.084775874635568682e-01 5.084775874635568682e-01 5.084775874635568682e-01 5.084775874635568682e-01 5.084775874635568682e-01 5.084775874635568682e-01 5.084775874635568682e-01 5.084775874635568682e-01 5.059803529153087398e-01 0.000000000000000000e+00 0.000000000000000000e+00 0.000000000000000000e+00 0.000000000000000000e+00 0.000000000000000000e+00 0.000000000000000000e+00 0.000000000000000000e+00 0.000000000000000000e+00 0.000000000000000000e+00 
0.000000000000000000e+00 0.000000000000000000e+00 0.000000000000000000e+00 0.000000000000000000e+00 0.000000000000000000e+00 0.000000000000000000e+00 0.000000000000000000e+00 0.000000000000000000e+00 0.000000000000000000e+00 5.899603848206864676e-01 5.427174639651379806e-01 5.442844995140913023e-01 5.442844995140913023e-01 5.442844995140913023e-01 5.442844995140913023e-01 5.442844995140913023e-01 5.442844995140913023e-01 5.442844995140913023e-01 5.442844995140913023e-01 5.442844995140913023e-01 5.442844995140913023e-01 5.442844995140913023e-01 5.442844995140913023e-01 5.442844995140913023e-01 5.442844995140913023e-01 5.442844995140913023e-01 5.442844995140913023e-01 5.442844995140913023e-01 5.294512369860239209e-01 6.713273404599935379e-01 0.000000000000000000e+00 0.000000000000000000e+00 0.000000000000000000e+00 0.000000000000000000e+00 0.000000000000000000e+00 0.000000000000000000e+00 0.000000000000000000e+00 0.000000000000000000e+00 
1.020408163265306041e-02 9.529537639231515644e-01 9.101386447384576250e-01 8.640101321768519638e-01 8.310528216146707559e-01 7.975906463073011432e-01 7.700448575366186654e-01 7.408142788764346953e-01 7.159249115946824116e-01 6.919371496779709307e-01 6.783663923925656869e-01 6.709534587101620984e-01 6.706226062476466909e-01 6.734463143413056407e-01 6.773979744739365705e-01 6.858757956532011146e-01 6.958921090756732264e-01 7.051552038026392966e-01 7.086658770651118600e-01 7.086568805197852594e-01 7.039454780591584138e-01 6.904919108996034893e-01 6.787553225938721679e-01 6.710511262160464563e-01 6.702145004585530197e-01 6.737012859663352726e-01 6.849313297270196443e-01 7.019309570511629293e-01 7.282536338421995437e-01 7.548524733042712986e-01 7.816407231172897152e-01 8.032194765610914944e-01 8.269491151043713018e-01 8.602691782511195928e-01 8.887121272128675198e-01 9.171178579946521747e-01 9.532069970845480356e-01 0.000000000000000000e+00 
9.854508317240092685e-01 9.534748113527181657e-01 9.268919509734511175e-01 9.071983154073961497e-01 8.890275053345131351e-01 8.706857320042304949e-01 8.551720247143828058e-01 8.380082182413532976e-01 8.196806288006868169e-01 8.025723581638662951e-01 7.902445176369842228e-01 7.793977481098912641e-01 7.718105576943310453e-01 7.675024226788152992e-01 7.663569085739957432e-01 7.676503666139892212e-01 7.719833371806263944e-01 7.823694251348128903e-01 8.023296732019298272e-01 8.008029254983268785e-01 7.785737104209152770e-01 7.702147886091332829e-01 7.672216338972047689e-01 7.683824084940114041e-01 7.736173298683963750e-01 7.800289536979926330e-01 7.907486625356062726e-01 8.060300748514496183e-01 8.234351857948984943e-01 8.391898246995391775e-01 8.568030747730659424e-01 8.743972211636346081e-01 8.907282008538891516e-01 9.070677805683241557e-01 9.233553557363853859e-01 9.421100157962938315e-01 9.612623327300851006e-01 9.871344439067317733e-01 
9.907739979759355720e-01 9.751289639495904771e-01 9.599913693885463450e-01 9.458204063307045217e-01 9.354979075042786363e-01 9.219390573317128856e-01 9.088276115719905457e-01 8.953905369830021943e-01 8.821093611867087958e-01 8.711657400323528089e-01 8.540364299909996015e-01 8.407490475210920300e-01 8.282528590940667623e-01 8.208229788122276549e-01 8.141438683029185164e-01 8.124813872948458693e-01 8.138374261433110046e-01 8.211021337396285924e-01 8.389986849124615453e-01 8.410772858084483161e-01 8.252827483320009927e-01 8.183010306412289436e-01 8.160237201979674282e-01 8.152547465755488609e-01 8.178946057006230008e-01 8.226368441996284586e-01 8.293575054672643887e-01 8.382382388529416861e-01 8.468947687136457736e-01 8.633928407329173327e-01 8.782925943099882948e-01 8.956260699713837203e-01 9.098500657970101102e-01 9.269963576589642651e-01 9.410297674986088934e-01 9.565338958816506088e-01 9.727467761274828373e-01 9.916148925064541819e-01 
9.714459836935059878e-01 9.470085095973564959e-01 9.270596567318734049e-01 9.095982707820757796e-01 8.947259538593154149e-01 8.803940977880069241e-01 8.667897825740910056e-01 8.538776174069439007e-01 8.422783409948499944e-01 8.296268654380886121e-01 8.262738430850841143e-01 8.249140534762120502e-01 8.239822342965883450e-01 8.238459643343120087e-01 8.245475759392103532e-01 8.267857447365838386e-01 8.297680614070374050e-01 8.358325626753546622e-01 8.489455139888500979e-01 8.304651564027404342e-01 8.270077984602216548e-01 8.338412218319329883e-01 8.441783274473080301e-01 8.556824466672766638e-01 8.687501320903161517e-01 8.833094188524767132e-01 8.989255299683845957e-01 9.149852010255956625e-01 9.339284483096810252e-01 9.419399444502766228e-01 9.483768695505104818e-01 9.550185406356074269e-01 9.610877787193966570e-01 9.669396511998215038e-01 9.727292810501443343e-01 9.796562990829235096e-01 9.865763589744563911e-01 9.915301627237829152e-01 
9.839588001900607672e-01 9.682555608105354317e-01 9.564239484731738017e-01 9.441649810320000835e-01 9.333939696930739771e-01 9.231331404170423083e-01 9.123650030999986837e-01 9.033290755016547546e-01 8.936899526153485596e-01 8.830872653433676778e-01 8.774180245707635661e-01 8.717811397291992392e-01 8.692262389128152522e-01 8.661957830941277026e-01 8.639213611227007927e-01 8.624848223852641382e-01 8.627827911961045704e-01 8.653026343539985676e-01 8.742864439580483316e-01 8.691473518959643707e-01 8.645464138601994808e-01 8.662062085030745040e-01 8.716996004001454912e-01 8.779993419704651414e-01 8.855423651384318751e-01 8.948925337251475431e-01 9.035184789783146098e-01 9.136423303179280753e-01 9.259142864534881667e-01 9.335427299185923289e-01 9.419736003092835652e-01 9.476667503331066555e-01 9.548346574560316879e-01 9.620957862624802681e-01 9.696303842664876216e-01 9.761894473666841154e-01 9.836665834490075921e-01 9.914223241133381936e-01 
9.904461462944761374e-01 9.825153432513511476e-01 9.755985581355681724e-01 9.699086914614368782e-01 9.634018287369600086e-01 9.591663255629233609e-01 9.537017855166222136e-01 9.470343333619339887e-01 9.408028323908619317e-01 9.341513806680596943e-01 9.216597390056563421e-01 9.124924282229023298e-01 9.047279079847416750e-01 8.972614978511469497e-01 8.909125455902772162e-01 8.849879939996313505e-01 8.800727630781542965e-01 8.764815801242855642e-01 8.772519248371376532e-01 8.833847980404220257e-01 8.775390235330775557e-01 8.766030106491689011e-01 8.768519991385786971e-01 8.790495787682790496e-01 8.803616318928605411e-01 8.831642987318544247e-01 8.872947076446902059e-01 8.916125022993499627e-01 8.967172064627367822e-01 9.077154833296562364e-01 9.164971963691024293e-01 9.246142398029495446e-01 9.330546145013761672e-01 9.411915375887472957e-01 9.499529915338535968e-01 9.590940541366085315e-01 9.693130941201837381e-01 9.829856705375085157e-01 
9.889453567814914248e-01 9.798817971874317356e-01 9.738510502584862838e-01 9.681328057918305863e-01 9.619712169793430689e-01 9.554312717199267002e-01 9.491966335361822216e-01 9.429721503577610520e-01 9.361287431629592426e-01 9.292473162262383513e-01 9.223275200180675037e-01 9.164726131500389172e-01 9.123328523349389929e-01 9.083217547980116935e-01 9.041364287713189452e-01 9.009357955145158581e-01 8.983675396822375925e-01 8.963628951941602363e-01 8.988375334209683931e-01 8.998320851777976692e-01 8.981525811323813890e-01 8.989280462739542843e-01 9.008794956051392466e-01 9.043713652193440256e-01 9.087157794535505317e-01 9.134222796741292560e-01 9.187246339164673037e-01 9.249634383859941522e-01 9.316388994487302400e-01 9.389537401733912825e-01 9.456447902025928443e-01 9.506890857076329970e-01 9.562250425746644522e-01 9.624876670709487936e-01 9.682756350411318991e-01 9.743763611447946449e-01 9.823299081262205634e-01 9.905132481912388709e-01 
9.946863749126010346e-01 9.894679757279988275e-01 9.858753779125979388e-01 9.824519210287641080e-01 9.787697408569124846e-01 9.755377690937090396e-01 9.712330166253816399e-01 9.668388491079904501e-01 9.627206001494060805e-01 9.581945479754788719e-01 9.477839513607468902e-01 9.382058964841301085e-01 9.297513443989738890e-01 9.226160393592476305e-01 9.163642480571466686e-01 9.101684745635136853e-01 9.036076852607914933e-01 8.988623382445752874e-01 8.969659542768093630e-01 9.032734656921506122e-01 8.985115035497172054e-01 8.966348918062418960e-01 8.962998325803931410e-01 8.968310290835157517e-01 8.976327600365200388e-01 8.996980729622557904e-01 9.021085815673715036e-01 9.045940038849653586e-01 9.077479139723410029e-01 9.165209620292927850e-01 9.250709763174617128e-01 9.332845218149099509e-01 9.407116088842081281e-01 9.475500674996566453e-01 9.550748013512518897e-01 9.644917683831341071e-01 9.737356767488952736e-01 9.852490535386926318e-01 
9.923794340341033360e-01 9.864724822604040710e-01 9.821715365750819382e-01 9.774662170158652241e-01 9.729785804781883041e-01 9.680753240868638088e-01 9.647390531551527371e-01 9.601633734554888555e-01 9.562341872513328012e-01 9.502209713233620292e-01 9.448868051499608178e-01 9.391171194977322445e-01 9.344241507479763564e-01 9.315207017092671515e-01 9.275404299835549038e-01 9.236125964550567780e-01 9.205687373041397947e-01 9.177964970734969752e-01 9.184552456027893497e-01 9.202896770850451658e-01 9.192867154319058765e-01 9.200785518194439794e-01 9.223164750622676600e-01 9.251246745328781662e-01 9.286502859268555010e-01 9.312409774736396528e-01 9.350753662759581086e-01 9.384698919087823832e-01 9.441563710627804973e-01 9.494878106877889801e-01 9.555885025261516841e-01 9.608428270323390308e-01 9.644375727165331869e-01 9.696988881320286469e-01 9.755809508081146886e-01 9.809078602013616699e-01 9.872527850871761768e-01 9.926963442644989311e-01 
9.892636021438719895e-01 9.825847516940469095e-01 9.756633029038765947e-01 9.703003740411809686e-01 9.653158586600398827e-01 9.596875990308317839e-01 9.559672629126479970e-01 9.497682362690728075e-01 9.447881811890052051e-01 9.385482618263197852e-01 9.348432126399331965e-01 9.321227248908251495e-01 9.303233931866657924e-01 9.281568381183455951e-01 9.260481858920387443e-01 9.245316695441195831e-01 9.234161213453551120e-01 9.226409358655657256e-01 9.242517969871997252e-01 9.235404127259662088e-01 9.252470220901445330e-01 9.294132751580166385e-01 9.333614317517485715e-01 9.374385317922538929e-01 9.425370902618395164e-01 9.459766205177804199e-01 9.523255813203139741e-01 9.574634242401139916e-01 9.642218606548861315e-01 9.685449155711116642e-01 9.718007752959426648e-01 9.742961914221928144e-01 9.774456763608728727e-01 9.808382264734070155e-01 9.838490765832225149e-01 9.868930557308399631e-01 9.907494471536324454e-01 9.940467361928119194e-01 
9.944035444442748117e-01 9.900377662020265479e-01 9.873052942127051868e-01 9.841828597313315719e-01 9.806137118565058097e-01 9.774601066557083717e-01 9.742001152170852718e-01 9.708782446666366361e-01 9.684363476790128766e-01 9.646352777884279472e-01 9.593661510142122983e-01 9.552932410787576822e-01 9.508265118305188057e-01 9.474390493215447684e-01 9.432413219250155301e-01 9.402000577876044041e-01 9.364861771365372567e-01 9.340601017806665629e-01 9.318598920980993849e-01 9.341013671106462857e-01 9.335866275124762304e-01 9.341830178647660965e-01 9.356733287749557926e-01 9.378905005578167531e-01 9.401965152753278820e-01 9.426789720485706514e-01 9.454264273241174132e-01 9.475064623166247202e-01 9.509803904183773415e-01 9.560919503261940955e-01 9.601869232165404222e-01 9.648223691292781012e-01 9.684686851874385605e-01 9.732390384965161623e-01 9.771844879027052899e-01 9.822204367769407085e-01 9.866172080884406670e-01 9.931671728400146559e-01 
9.948432768219377387e-01 9.905432387800142680e-01 9.878195564578839960e-01 9.847807658461231739e-01 9.820787169378150105e-01 9.792288440849686859e-01 9.764998006647650497e-01 9.734110222141036939e-01 9.708363166280055134e-01 9.673004882951823369e-01 9.623218862054424561e-01 9.583941219034575187e-01 9.555806672916107303e-01 9.526790131209091905e-01 9.492355027316459193e-01 9.463835473832186151e-01 9.429246749092029534e-01 9.408106822566647542e-01 9.384185123672665885e-01 9.384446455649869678e-01 9.389822949028826526e-01 9.397844593700908078e-01 9.416371902538833716e-01 9.433414582553459882e-01 9.453934544762955250e-01 9.475746837520895305e-01 9.503198326542621199e-01 9.526293845437616703e-01 9.558299452065067703e-01 9.607099657092290634e-01 9.646847354433708555e-01 9.676066316521829691e-01 9.707890392715451400e-01 9.746625692293278131e-01 9.781452722366178465e-01 9.826506214899692893e-01 9.862032309219315174e-01 9.920829664157224670e-01 
9.957247523459804572e-01 9.931280643069083647e-01 9.904315060501788226e-01 9.878008952904451245e-01 9.857524100544140522e-01 9.830901611158510134e-01 9.808986862829286446e-01 9.786999793822621641e-01 9.761655326592456605e-01 9.730722787079830738e-01 9.688900163346269023e-01 9.644165325805146294e-01 9.593624322883556044e-01 9.545931245167419421e-01 9.514968046913864219e-01 9.471012571486259191e-01 9.432113333207104988e-01 9.394629492986971142e-01 9.368778140254837572e-01 9.383797596962077936e-01 9.371793587696350958e-01 9.377591256925498220e-01 9.389109469110206163e-01 9.398997129278972018e-01 9.417204776829036783e-01 9.432821403033671004e-01 9.449814451697930995e-01 9.470110413656952497e-01 9.496700368777261092e-01 9.535384696051777409e-01 9.578574892516441563e-01 9.629733841936694017e-01 9.680076765488139223e-01 9.713603727077912975e-01 9.762764268702797121e-01 9.811150715466235850e-01 9.864957385423163139e-01 9.923661687165468148e-01 
9.931697326132999937e-01 9.881630077842128435e-01 9.851581606656875101e-01 9.823407508270398658e-01 9.786592419583599600e-01 9.746951911294768900e-01 9.724425996725494237e-01 9.695234044113874017e-01 9.659347614722066933e-01 9.628503916644667315e-01 9.609696849723020629e-01 9.588447165374204273e-01 9.558946761693489780e-01 9.536711486547686523e-01 9.518258666832353221e-01 9.500530054778146827e-01 9.488650887698530934e-01 9.471830544809787256e-01 9.458311598819874044e-01 9.456834948828978238e-01 9.482251940528571010e-01 9.501959166619732278e-01 9.523265323542646765e-01 9.554932673288646372e-01 9.590181421532226747e-01 9.611529836975666319e-01 9.638651393201521644e-01 9.674149462830461399e-01 9.705242822805535408e-01 9.724616033775111967e-01 9.748049439996783194e-01 9.780369543484619399e-01 9.805858933060066507e-01 9.829208539924148003e-01 9.851280023834406707e-01 9.869544691567390116e-01 9.899371329315210799e-01 9.937231089611255896e-01 
9.933990837682410424e-01 9.898877226981754873e-01 9.864760148928424233e-01 9.829137724477565730e-01 9.798520711968000674e-01 9.769025153986432564e-01 9.740114376130279972e-01 9.714279723957199852e-01 9.690297980270220490e-01 9.654094328021805005e-01 9.626913817464327616e-01 9.602163381935827635e-01 9.581435574199398397e-01 9.562783994304548951e-01 9.548438485388327512e-01 9.530194703351451135e-01 9.514768531150983311e-01 9.508995860511131326e-01 9.499300049947758673e-01 9.503560774916577358e-01 9.517704064348966320e-01 9.540447609956098640e-01 9.568524163509947167e-01 9.594504645168042689e-01 9.620303443855191539e-01 9.646845021486923910e-01 9.671650216243368181e-01 9.696054140344461114e-01 9.732861862369334149e-01 9.761156320930950425e-01 9.787907857169511061e-01 9.811213527798248180e-01 9.833358598037093001e-01 9.852040155270523902e-01 9.877681296582393466e-01 9.900940718904621685e-01 9.917158469468764226e-01 9.953796485727205434e-01 
9.950071322392008977e-01 9.923581216068105837e-01 9.902166179697364790e-01 9.875571457844760648e-01 9.847510502249794406e-01 9.817535206541657677e-01 9.793077815370946348e-01 9.769925663441612063e-01 9.745523877473948327e-01 9.713869663901049112e-01 9.681804770788149384e-01 9.654278329433488848e-01 9.625697156112384967e-01 9.610622939206963089e-01 9.597100223869869939e-01 9.573692650861015396e-01 9.552702417980194483e-01 9.532587085145544092e-01 9.526506591084801245e-01 9.534858956652244588e-01 9.540239790587903279e-01 9.550959315077727219e-01 9.569837626861991131e-01 9.592180559909114779e-01 9.618066811946348604e-01 9.639149396497990185e-01 9.660707494135771789e-01 9.684476069580147950e-01 9.716238424446955735e-01 9.748579757723029315e-01 9.778013508503791140e-01 9.808722612391069795e-01 9.825471257132619707e-01 9.840795258035881510e-01 9.870622083573556971e-01 9.898481088641986059e-01 9.928909955662387210e-01 9.952639723558357465e-01 
9.942252164920760693e-01 9.912743230415405060e-01 9.884302293460249800e-01 9.860546683350204233e-01 9.839551783233086990e-01 9.809361792498461075e-01 9.787252887920431244e-01 9.755745357983195420e-01 9.733850713613231287e-01 9.697136714531902069e-01 9.676541207051991833e-01 9.655541055038812104e-01 9.639359177033658410e-01 9.616391560172480313e-01 9.593764719780319972e-01 9.579906782640311702e-01 9.561216345351609691e-01 9.549887334080269241e-01 9.545839196371866953e-01 9.555822064527886850e-01 9.568621833862729353e-01 9.589244207040116263e-01 9.607578116259100076e-01 9.624697290841729425e-01 9.651332848692495414e-01 9.671803018112233863e-01 9.701976249268715602e-01 9.723680828173372204e-01 9.759681644552066215e-01 9.780677530588288704e-01 9.804076935747899624e-01 9.822010965041105823e-01 9.848058255433411734e-01 9.874625394416062241e-01 9.892417099053697482e-01 9.918625527403549524e-01 9.938465557699072139e-01 9.957573139066453471e-01 
9.947665047392320048e-01 9.916052465456096643e-01 9.896646585515002092e-01 9.869622311199427456e-01 9.848890385255553159e-01 9.835029074510250879e-01 9.815040230750164962e-01 9.798005113598748927e-01 9.765058099732049079e-01 9.743895950105009307e-01 9.728370349322508215e-01 9.702657555393072730e-01 9.675786895168377866e-01 9.663489298663339166e-01 9.645225910041635986e-01 9.632904999130067480e-01 9.616374045780433644e-01 9.603093370941774287e-01 9.583797806823588505e-01 9.589332283744498309e-01 9.605314756931316866e-01 9.617865718684824872e-01 9.638599617631448124e-01 9.656133331870885295e-01 9.668245252856068062e-01 9.687109599430737683e-01 9.703277754292792823e-01 9.734900361113414391e-01 9.755931987890752444e-01 9.771779620745921768e-01 9.799170997591932775e-01 9.827857982938699166e-01 9.841593359011299169e-01 9.862592494558781731e-01 9.878432114860263846e-01 9.900138879606094067e-01 9.920370494419799012e-01 9.955444993744423376e-01 
9.978108742891702576e-01 9.956443325424658708e-01 9.939676399945250873e-01 9.924383004988910351e-01 9.910453068706085444e-01 9.895108314522492732e-01 9.876127829609699926e-01 9.858367813121339251e-01 9.837923078687802469e-01 9.820622883951999338e-01 9.783412477232805715e-01 9.750729395419395207e-01 9.723643292415308226e-01 9.695973851462009740e-01 9.666743844896732440e-01 9.640343464123350969e-01 9.608902537943696531e-01 9.581468750763669773e-01 9.562789250484143855e-01 9.558875752575907159e-01 9.559346907021800677e-01 9.566100926252735226e-01 9.573533997107660509e-01 9.582296837678803136e-01 9.593297175926437381e-01 9.608316244466440503e-01 9.622860854406355413e-01 9.640831844224074798e-01 9.656807528784101535e-01 9.691674617766393718e-01 9.723484820838148579e-01 9.750311497192495347e-01 9.779016009200803827e-01 9.809407154670681805e-01 9.838355627732311426e-01 9.874011802184720077e-01 9.910010620823066496e-01 9.942464111169190266e-01 
9.940508521502233741e-01 9.904956790798741251e-01 9.878276871117124269e-01 9.844345399458395152e-01 9.816751853919790660e-01 9.798925843510610800e-01 9.774811179655222837e-01 9.746702624001790660e-01 9.720612386543810990e-01 9.684956588267519262e-01 9.668102938580378503e-01 9.655535222472445556e-01 9.640447534818558095e-01 9.629020337686153841e-01 9.618405794945813492e-01 9.609272969627086214e-01 9.599481265110483275e-01 9.592207371100949231e-01 9.586147759953013159e-01 9.600399720161026940e-01 9.624239283717399562e-01 9.645830223817662974e-01 9.675843785288489318e-01 9.701289851534328212e-01 9.717988327909043988e-01 9.741937348828733079e-01 9.769979737409897336e-01 9.796255781170869481e-01 9.833128903201165949e-01 9.850600439793012475e-01 9.864023771028357368e-01 9.881913582579121558e-01 9.895721396078206444e-01 9.909218425967379895e-01 9.921690255890635024e-01 9.935724542353848721e-01 9.950071941905429540e-01 9.970604256313261304e-01 
9.955987392842085004e-01 9.924899421751897099e-01 9.904425940678858176e-01 9.881801304731373525e-01 9.860482390500840966e-01 9.837235330481731710e-01 9.810572121245546562e-01 9.786235246797129195e-01 9.767661201655707393e-01 9.739226294417144825e-01 9.724158270852745201e-01 9.710358686465306866e-01 9.693459827640699134e-01 9.679004392532496448e-01 9.669121758956058521e-01 9.658032488199738141e-01 9.648328156290195690e-01 9.638003083822568318e-01 9.626076067302310468e-01 9.631304298469758329e-01 9.650421083079028239e-01 9.666315090799018073e-01 9.685647777841621675e-01 9.705037996006565804e-01 9.726141142859121569e-01 9.751501390974245398e-01 9.775650857814573991e-01 9.794536431146960709e-01 9.823685871749905374e-01 9.839694516604712282e-01 9.854600809864048072e-01 9.873596267973780982e-01 9.889672253827881399e-01 9.901541166696459229e-01 9.914596644069864073e-01 9.928467351251819561e-01 9.945128958377558170e-01 9.968779195148121941e-01 
9.874372419688512981e-01 9.816132055492928776e-01 9.770763333336287548e-01 9.729819900570910729e-01 9.684538875705736016e-01 9.638259612650514896e-01 9.596775891530818781e-01 9.553059753506882856e-01 9.510690122090266208e-01 9.472367568030668483e-01 9.470037125082739760e-01 9.464270429861195710e-01 9.459940986758695880e-01 9.458781673777277854e-01 9.459677876556805698e-01 9.462617129502138846e-01 9.460295728869568821e-01 9.463877719862551219e-01 9.476829062842681006e-01 9.514562072759469302e-01 9.566177192473456214e-01 9.608035057776665999e-01 9.648128888058353780e-01 9.695370341171126727e-01 9.744692580137178650e-01 9.788912218751013583e-01 9.837292959743575427e-01 9.885947219200300617e-01 9.929096337357226076e-01 9.934972014596845646e-01 9.944092586207371465e-01 9.952469299262602931e-01 9.957511061616267645e-01 9.961914407936739435e-01 9.964279816805435841e-01 9.975127459193272594e-01 9.982448125387363147e-01 9.987800309498159335e-01 
9.943964262120773556e-01 9.916690934470523411e-01 9.891488259043051956e-01 9.871213182540056197e-01 9.842533369217649764e-01 9.816385245796624970e-01 9.793343025875724805e-01 9.767416938632637047e-01 9.743180306011612890e-01 9.701346068516125687e-01 9.690676152785920872e-01 9.679480313386417123e-01 9.662475732106291515e-01 9.646845610798456816e-01 9.638434245027368563e-01 9.632012987894927880e-01 9.623890620525903383e-01 9.615567138833532868e-01 9.609878281768801100e-01 9.627476785840238804e-01 9.645109351213917437e-01 9.665371874524392171e-01 9.683040777301349378e-01 9.709623349073580600e-01 9.734028473839505535e-01 9.756516706610208756e-01 9.782378381951356561e-01 9.807184734482252697e-01 9.850575525165282675e-01 9.862113790348323583e-01 9.874807757017554088e-01 9.894127346426979663e-01 9.912202096225716241e-01 9.923793187951769346e-01 9.933198200795574362e-01 9.946078533553213141e-01 9.961085859113727459e-01 9.979505441806031385e-01 
9.932158875695533684e-01 9.895917450196834997e-01 9.854967807749585029e-01 9.832962883071735272e-01 9.807972488945552181e-01 9.777692628022249810e-01 9.750123822501047810e-01 9.723779534436506333e-01 9.702198319684471883e-01 9.668346268833339918e-01 9.659800168158787503e-01 9.645788479745361910e-01 9.636235649558323457e-01 9.628619309533219539e-01 9.617878398984454069e-01 9.610666705550429123e-01 9.605315197556948403e-01 9.602131453751765466e-01 9.599648968305947161e-01 9.626415744101454175e-01 9.653742848854363068e-01 9.690367929921028800e-01 9.710816976100525855e-01 9.733977164076437205e-01 9.763543834772737684e-01 9.791546263420117802e-01 9.818615673757588036e-01 9.841817135368979841e-01 9.878213989683083396e-01 9.888102253190503843e-01 9.904344266753536408e-01 9.916773058324586110e-01 9.926047270288103075e-01 9.940315591299001552e-01 9.951689509184669102e-01 9.962183223063101334e-01 9.971288009021479493e-01 9.985952088854829212e-01 
9.966936635538914402e-01 9.949616394218139259e-01 9.930581388027137635e-01 9.917360531791531431e-01 9.902662060503403252e-01 9.879292305616842462e-01 9.864614783768113071e-01 9.849163407436661855e-01 9.828310360734525686e-01 9.808823162098105897e-01 9.794099310246963119e-01 9.778397040460864442e-01 9.763293500562877369e-01 9.746776228576631285e-01 9.732615198267099421e-01 9.720484520735263034e-01 9.710585498946742167e-01 9.699027018671170230e-01 9.692673291760066645e-01 9.695939606728750659e-01 9.704902183583301589e-01 9.719650727451829564e-01 9.729454905581449431e-01 9.741665947904148970e-01 9.763324459768272234e-01 9.776908522737846052e-01 9.791823894630966585e-01 9.812818541141518081e-01 9.832454626921474095e-01 9.846821933968067375e-01 9.863307443310231903e-01 9.879703723584498665e-01 9.896910801494678278e-01 9.913316821239617216e-01 9.927916964250065313e-01 9.940653282164443327e-01 9.956269585684328627e-01 9.969911502753197041e-01 
9.975498634154448263e-01 9.958924567009347362e-01 9.945002900325219386e-01 9.932143040050553928e-01 9.916531778575500278e-01 9.903134257728372081e-01 9.890666732823266694e-01 9.878616221308818002e-01 9.863149587483925895e-01 9.850594269303051265e-01 9.831703496574789591e-01 9.814949370624661551e-01 9.799870023727648150e-01 9.783318766954824941e-01 9.766261829794634641e-01 9.750702890732287909e-01 9.732531094518666048e-01 9.720470375845658983e-01 9.705264212843517369e-01 9.702079460767214503e-01 9.710826208769650636e-01 9.721001959924802094e-01 9.731157013347689899e-01 9.744515799971856795e-01 9.756164439251524545e-01 9.767722230013470286e-01 9.779920038006977290e-01 9.794680288083198461e-01 9.806618929951403940e-01 9.825068972800561351e-01 9.842051656327419629e-01 9.857837962452117297e-01 9.875348125965578427e-01 9.893466221873841171e-01 9.910193585143958206e-01 9.931108145897822315e-01 9.946352365624407943e-01 9.967642909874023793e-01 
9.954166426940347367e-01 9.927738720073004952e-01 9.896166919141382579e-01 9.872313752694948930e-01 9.852276926178439309e-01 9.825115527868609755e-01 9.810818480877913084e-01 9.785053039295074084e-01 9.762318116984473049e-01 9.734188298676126339e-01 9.721358257664060032e-01 9.712476772872714603e-01 9.707698207010485580e-01 9.699764613283582415e-01 9.693069067311408382e-01 9.686010654367394057e-01 9.681633990281224289e-01 9.679016634501059757e-01 9.678741396798489216e-01 9.692286037930504250e-01 9.712664116655380653e-01 9.741356801395785192e-01 9.763607274952210702e-01 9.782787188840584847e-01 9.809752246715394142e-01 9.824278784172879586e-01 9.850570938261850040e-01 9.873600940771032342e-01 9.903508655852244491e-01 9.917608454474573509e-01 9.927702246721865631e-01 9.933925554535747438e-01 9.943398594232427667e-01 9.952527699160005348e-01 9.962267573702623391e-01 9.969954735709918303e-01 9.977041541556971316e-01 9.985747426583516662e-01 
9.964232715734804291e-01 9.945795507324783902e-01 9.930752637875636113e-01 9.916917299839358435e-01 9.899224545029695621e-01 9.884929874839913921e-01 9.872543842219225763e-01 9.856978923463229902e-01 9.841769282451409140e-01 9.831076234457343244e-01 9.816313048482069314e-01 9.805988327906282054e-01 9.792154985738505957e-01 9.779439031948238270e-01 9.771171776453636548e-01 9.761738575109253357e-01 9.743698858844329624e-01 9.733320062319771315e-01 9.725775428511893583e-01 9.729758866893688518e-01 9.741952358334947659e-01 9.753914145591322526e-01 9.765738221427106014e-01 9.782114620396983318e-01 9.795671819353936050e-01 9.807609360581444058e-01 9.823075309825497481e-01 9.838497899714742090e-01 9.849665831349001532e-01 9.864287546845541543e-01 9.874701089795701048e-01 9.888987772002039156e-01 9.902609700623404843e-01 9.912120038227176799e-01 9.922871100870480632e-01 9.943581206904454906e-01 9.956985528564060717e-01 9.970535926930690351e-01 
9.978023968515975506e-01 9.960542139430268449e-01 9.943620403003202712e-01 9.925830309960940179e-01 9.917131022249401351e-01 9.906051166742181335e-01 9.894583241937038309e-01 9.879454292610436728e-01 9.864742782512793129e-01 9.853669714502633070e-01 9.836235943491148381e-01 9.826241895819108896e-01 9.811120196449140130e-01 9.800382969515755160e-01 9.789323647395572481e-01 9.779302080107772355e-01 9.761537328637118760e-01 9.750188851932493073e-01 9.735870322255062437e-01 9.730457134369367989e-01 9.741071537816643477e-01 9.753834293700107683e-01 9.769469614855323947e-01 9.776753579225152535e-01 9.787078932532911058e-01 9.798607769255270883e-01 9.812716498527589426e-01 9.826694633421596548e-01 9.837432643040404656e-01 9.854659163609676975e-01 9.865163589489773788e-01 9.880760708386934210e-01 9.891863149619685158e-01 9.903658402165970154e-01 9.914840766241596048e-01 9.935378697844530205e-01 9.949172792630633921e-01 9.970007995108099985e-01 
9.966941855314609411e-01 9.949760668639322514e-01 9.938750614689992879e-01 9.926071821252467897e-01 9.908327255947597667e-01 9.893927607695245374e-01 9.880442360046078898e-01 9.865220626252755309e-01 9.850505746727025169e-01 9.834234087547897296e-01 9.815947421456716615e-01 9.799988787947768731e-01 9.785093509906764853e-01 9.770839191178852801e-01 9.754214023698557501e-01 9.738059024596313895e-01 9.721816903782397601e-01 9.709793504377367546e-01 9.694698884380955617e-01 9.697823449685781805e-01 9.707279683540930293e-01 9.715167542153153590e-01 9.726500222850313904e-01 9.743067937803023826e-01 9.756159092872451755e-01 9.769223899555568025e-01 9.784541572930028908e-01 9.799090241835136661e-01 9.816199447133142630e-01 9.833855307064783835e-01 9.849980036963027485e-01 9.865672495165379585e-01 9.880617533239193229e-01 9.898152977761172089e-01 9.915682228885464022e-01 9.934993896659862767e-01 9.949714162291669606e-01 9.970819033649704899e-01 
9.975657241384680018e-01 9.960382904338876964e-01 9.946811935033047503e-01 9.935167119581750361e-01 9.923711907157993783e-01 9.912807187286684085e-01 9.900718771961745102e-01 9.884522290000853362e-01 9.870713889845589284e-01 9.854454352375605630e-01 9.831301998765772376e-01 9.811991945504915380e-01 9.799777819285915292e-01 9.787954260106497273e-01 9.776922676911902199e-01 9.767692715890415878e-01 9.753939872588419657e-01 9.749569770947144054e-01 9.737086464426490950e-01 9.736719988328884634e-01 9.745550139655643207e-01 9.755154366753094886e-01 9.765388139671221657e-01 9.775032920360539057e-01 9.784482813633115228e-01 9.795546619237930352e-01 9.811057300086319932e-01 9.824338171813711273e-01 9.841057546326636984e-01 9.865015501374229112e-01 9.885298824278261343e-01 9.898004780572811079e-01 9.910701535222106173e-01 9.922616512011216416e-01 9.932868381023580717e-01 9.948672537155082152e-01 9.955466471803431361e-01 9.974185825328605315e-01 
9.971969083178958693e-01 9.954807640556951887e-01 9.941373075038759666e-01 9.930189023999086428e-01 9.911253715027660283e-01 9.891946401879350148e-01 9.877449593919778170e-01 9.864464733695574861e-01 9.844924637306032844e-01 9.831391391673452995e-01 9.813636002904135847e-01 9.798211306375146368e-01 9.785053600625733816e-01 9.773391416045104085e-01 9.765156193374361360e-01 9.753523402044205204e-01 9.749117293585519706e-01 9.737669917501051708e-01 9.733143666942869476e-01 9.733751448083943769e-01 9.744985624443480710e-01 9.755167859671678432e-01 9.765135472034168762e-01 9.782272516925661909e-01 9.800824228852861308e-01 9.814298875582763149e-01 9.826930190266199849e-01 9.845759232871672539e-01 9.858910717409063995e-01 9.876892532167664829e-01 9.893520982184134116e-01 9.908294113416165061e-01 9.921100785425773783e-01 9.930740216517829344e-01 9.944216077647686225e-01 9.950195139110831200e-01 9.964810056467542365e-01 9.975243671156867054e-01 
9.971564800873403689e-01 9.948765139022006654e-01 9.930472527608935618e-01 9.917930368521005180e-01 9.901167026550291572e-01 9.883141615733365137e-01 9.870263784611329472e-01 9.852791072432259822e-01 9.835099177978150475e-01 9.811736034434156428e-01 9.798522634429895906e-01 9.786465645401770663e-01 9.777520591175360432e-01 9.766309212973800502e-01 9.755619241975016509e-01 9.751140995327987060e-01 9.745274405285171415e-01 9.739175188126809601e-01 9.736840836443790836e-01 9.741023246429265647e-01 9.756938351897891382e-01 9.772272015415958135e-01 9.783342558526860744e-01 9.799499290714103195e-01 9.817141831538330754e-01 9.830024193508337671e-01 9.847263559715671022e-01 9.865021991851024019e-01 9.889110432302972153e-01 9.902897213732220205e-01 9.915264744734766378e-01 9.924372883017604785e-01 9.937486024755842751e-01 9.949543868280777970e-01 9.955184932004735865e-01 9.963582252343702317e-01 9.973279902785397999e-01 9.981501109073986910e-01 
9.956632620427361413e-01 9.936702656006735079e-01 9.922183720373487503e-01 9.912928934263428582e-01 9.900364932761583914e-01 9.887514812178436197e-01 9.873897944473425392e-01 9.865747472206278790e-01 9.842211402047742475e-01 9.827549430379902695e-01 9.817242479758899742e-01 9.805225979030249839e-01 9.797010737781343126e-01 9.789026783797193376e-01 9.780122385088365622e-01 9.776149009054576622e-01 9.770883584866580929e-01 9.761109591346146530e-01 9.756930148831080007e-01 9.772606269316749250e-01 9.789171315643214744e-01 9.801955629077884202e-01 9.810323578170274672e-01 9.822181656036039765e-01 9.834885274108213782e-01 9.847980639939970526e-01 9.855799741480505416e-01 9.879639846097806322e-01 9.894856730734544747e-01 9.905369191393270656e-01 9.917830696308579386e-01 9.926726942960726330e-01 9.935580416153096950e-01 9.945773373454566135e-01 9.950758142882729640e-01 9.957793478020648958e-01 9.969975839330134093e-01 9.979078511012494657e-01 
9.961063677994865806e-01 9.935973192571991852e-01 9.916731843034648497e-01 9.902364159139807054e-01 9.888940052714210172e-01 9.873462526147390728e-01 9.856210503509509335e-01 9.840561461965109391e-01 9.826858904611479595e-01 9.806023779175100374e-01 9.796566898641784205e-01 9.789540386816213413e-01 9.779610118912889227e-01 9.772527695160371231e-01 9.767103901811975408e-01 9.758330274981967811e-01 9.752766960823266995e-01 9.748626341804359496e-01 9.745868076585944006e-01 9.762240073125628692e-01 9.782566704771377131e-01 9.800022263357410779e-01 9.813668465348859282e-01 9.826905910018561841e-01 9.842111815110636819e-01 9.859490830445921672e-01 9.874863507095363868e-01 9.889153224849961399e-01 9.910673213467305898e-01 9.920818898858856372e-01 9.928330212935251309e-01 9.938950912312500829e-01 9.947283072647261637e-01 9.953789564560633352e-01 9.964071724297759447e-01 9.971952863114487142e-01 9.979061194983591676e-01 9.987684429173638856e-01 
9.975691605320736732e-01 9.959604329440532311e-01 9.944344633549949686e-01 9.932330518675325237e-01 9.917612919515066405e-01 9.905112019423588654e-01 9.894530926426293727e-01 9.883402957408213840e-01 9.870898144081717840e-01 9.860255103379746977e-01 9.848445238740041185e-01 9.839449463024686482e-01 9.829088472189088099e-01 9.812956195457626096e-01 9.801202682937163457e-01 9.793054307946954529e-01 9.785484461743986229e-01 9.776780393988725448e-01 9.764031319914924234e-01 9.764207191690322807e-01 9.775552488042104082e-01 9.788259010760634871e-01 9.798685242217666236e-01 9.812408353936697969e-01 9.824540165047911389e-01 9.834832466956631158e-01 9.845727849850534064e-01 9.857932722060345210e-01 9.868378510192938879e-01 9.880066440318562293e-01 9.889437250609135477e-01 9.899936036098150316e-01 9.915950429779419872e-01 9.928628596598790823e-01 9.938285573525481587e-01 9.947158099110113838e-01 9.958117349562883858e-01 9.975802343990365362e-01 
9.967470435048271238e-01 9.949273860754956900e-01 9.941329620801870881e-01 9.928088104988140872e-01 9.915789319253329737e-01 9.908526482378381406e-01 9.894859625504504042e-01 9.878045729204714132e-01 9.871265773693200796e-01 9.855170642981431195e-01 9.845225812062240456e-01 9.831638218017968445e-01 9.824451447800611747e-01 9.811949585909588434e-01 9.804013092947854169e-01 9.795278571325519712e-01 9.787986754640025655e-01 9.777533002325856648e-01 9.770953785107830969e-01 9.781975845172871109e-01 9.796262068140609847e-01 9.802583224363804471e-01 9.814472068716503239e-01 9.826634227817332423e-01 9.833776419252127088e-01 9.846565220253993278e-01 9.863327784166073808e-01 9.870025725083587664e-01 9.886087261756468791e-01 9.895831042156031376e-01 9.910020821822850268e-01 9.917594690813913427e-01 9.931049349979786944e-01 9.940117855566199534e-01 9.950545986815291233e-01 9.959478887891153320e-01 9.972540303980851339e-01 9.982623338808546132e-01 
9.975068785794061199e-01 9.958263533690044911e-01 9.948335770770068143e-01 9.939468552270458446e-01 9.927258858926298890e-01 9.916571253755985804e-01 9.906001433552432678e-01 9.894633325902049137e-01 9.880163900910285957e-01 9.866169027964731830e-01 9.850946393254383926e-01 9.842759542792726135e-01 9.827486551119865021e-01 9.819392815558591892e-01 9.804237351866113004e-01 9.792636291127492232e-01 9.779571071139383509e-01 9.769651953984941350e-01 9.759846628625753473e-01 9.761123753116236479e-01 9.772553293345603853e-01 9.780787441875664623e-01 9.788245618132240811e-01 9.798857014486630490e-01 9.808734717505313006e-01 9.819019479578233733e-01 9.829613942296903106e-01 9.843733623263621890e-01 9.857568897553259379e-01 9.872132859136697469e-01 9.879857988862543738e-01 9.895446967362003798e-01 9.904242742050298753e-01 9.919799583949574506e-01 9.932364595903683258e-01 9.947098822016439135e-01 9.959169241658885063e-01 9.973215843605517383e-01 
9.973301875827317309e-01 9.953038635380232479e-01 9.941698121913786768e-01 9.928047981956945600e-01 9.917210369782931689e-01 9.902682913233530337e-01 9.890862903370474246e-01 9.872351439272141205e-01 9.861148945012020439e-01 9.847232825251345245e-01 9.835844060681062651e-01 9.824181374487772622e-01 9.812965540013646182e-01 9.807916234053918325e-01 9.798612194043482271e-01 9.793388958044616510e-01 9.786083611713507491e-01 9.780577681223898701e-01 9.771638833468601071e-01 9.776773595864020061e-01 9.792500546719777876e-01 9.801711387175994217e-01 9.814115705410656476e-01 9.823792999267457748e-01 9.837604942435576039e-01 9.849221739677902487e-01 9.868036039221513844e-01 9.879105241281938010e-01 9.892588673767188645e-01 9.904655800215877992e-01 9.917505462845752628e-01 9.929743635516445899e-01 9.935308460713858647e-01 9.945501530290896675e-01 9.951845677851141048e-01 9.960934408329303880e-01 9.968632023224780481e-01 9.982024676822027764e-01 
9.973150100957995923e-01 9.963739455496194442e-01 9.953229931447064027e-01 9.941512060021060471e-01 9.931352975000276029e-01 9.927635874109866920e-01 9.916773513844642229e-01 9.910738763900228676e-01 9.901918086684521336e-01 9.888121070674731339e-01 9.869798361306845180e-01 9.856256576330353347e-01 9.849518458907509100e-01 9.841803026564216461e-01 9.834632417803064186e-01 9.818523030691189701e-01 9.810795109316490237e-01 9.801793033511725373e-01 9.790330068841877065e-01 9.794838629496390725e-01 9.800836673954498313e-01 9.808664073619581814e-01 9.819341983967547760e-01 9.828615124885478060e-01 9.831947878008518993e-01 9.842023315767564062e-01 9.848127449152893620e-01 9.856351405047979464e-01 9.869733609415892728e-01 9.887682631758982765e-01 9.901515131672991021e-01 9.908342232090056045e-01 9.916742848820675471e-01 9.924358560270596374e-01 9.941185923354203258e-01 9.949916631653596966e-01 9.960787375563793233e-01 9.975458033781051670e-01 
9.974528403655121833e-01 9.962187084188737218e-01 9.951391507910798406e-01 9.939994331872943345e-01 9.932584937482876741e-01 9.920400982180361815e-01 9.909172370984969946e-01 9.902257895192860815e-01 9.894113264024524401e-01 9.883630353031036542e-01 9.871696311939469615e-01 9.862985414706049170e-01 9.850881224652132673e-01 9.845594730051898669e-01 9.835471335212053745e-01 9.826870352471190895e-01 9.819664282223696805e-01 9.812140097608652578e-01 9.802039719112825011e-01 9.805050859553579023e-01 9.814014234336028153e-01 9.823175803191290800e-01 9.833377918687455921e-01 9.840224564465616108e-01 9.851498539704113266e-01 9.862457462551059706e-01 9.869105406355022092e-01 9.877021721201061366e-01 9.887782918724612458e-01 9.899588014027516092e-01 9.908298336900158709e-01 9.920919138232550116e-01 9.926567601948776964e-01 9.937218946706163347e-01 9.946313054649748020e-01 9.954376827667317240e-01 9.963325885219952438e-01 9.976802849373163085e-01 
9.975054616062863921e-01 9.962220440246226660e-01 9.957357349887695497e-01 9.952399448807109916e-01 9.943583855289764850e-01 9.935300522210360752e-01 9.925772783456285886e-01 9.918463906013669229e-01 9.913547388871322141e-01 9.904157616244684270e-01 9.889384179823063059e-01 9.879845263133041344e-01 9.867669970037881155e-01 9.858002960585835472e-01 9.847814724636468897e-01 9.833542783154081146e-01 9.824428729161239771e-01 9.810805637736293994e-01 9.797836407834343841e-01 9.797796474907730646e-01 9.806772212623617868e-01 9.809605070870470733e-01 9.813718089757539342e-01 9.821506174428439317e-01 9.828900109853795364e-01 9.837863171447209787e-01 9.844469918371696604e-01 9.849187204595242218e-01 9.858269851725059985e-01 9.872822477171577793e-01 9.881793859984165929e-01 9.894408872045626913e-01 9.904365401816296322e-01 9.915012741336425295e-01 9.930352158043929123e-01 9.940325884847021065e-01 9.955565280075926449e-01 9.972964989699905081e-01 
9.974129294039485449e-01 9.960075916476496261e-01 9.948088003843709171e-01 9.933187758011088331e-01 9.925163730628335790e-01 9.911056647609769454e-01 9.899711464774081371e-01 9.887251374760752665e-01 9.871653456954690986e-01 9.852946173393652973e-01 9.841123588847136006e-01 9.829084388755044976e-01 9.821249091516581764e-01 9.813047835067645330e-01 9.802625745504024435e-01 9.795672573923726034e-01 9.790591378735966632e-01 9.782492011197940762e-01 9.775705238735673541e-01 9.788490777526570596e-01 9.798806269704578575e-01 9.809217724022362139e-01 9.822330637240027640e-01 9.829999897971514189e-01 9.843417136460047567e-01 9.854364757383001772e-01 9.866661220006539557e-01 9.882183556417870607e-01 9.901070492716069760e-01 9.912845660921802970e-01 9.925513257611677798e-01 9.933540314101522162e-01 9.942367100291710225e-01 9.954119835946055872e-01 9.961705990625017160e-01 9.968032876109272911e-01 9.978430386057944856e-01 9.988579246982903781e-01 
9.985413411186161436e-01 9.975718659923306086e-01 9.966483384254437583e-01 9.956699220854151600e-01 9.947925711969258789e-01 9.940906982804902370e-01 9.931830032864534807e-01 9.925702895925382352e-01 9.916941222624123808e-01 9.908230259790495875e-01 9.894420353390050993e-01 9.880063254095455827e-01 9.860815298416171215e-01 9.848734650535295732e-01 9.833125962020985433e-01 9.816171383071065071e-01 9.794988349538060746e-01 9.778652889589450892e-01 9.762260018047107524e-01 9.746624290885294029e-01 9.750850385190987790e-01 9.756490529569876724e-01 9.763813586604072059e-01 9.771015727093674830e-01 9.776590177470977361e-01 9.784925012383821619e-01 9.790767688061411400e-01 9.798835006976787110e-01 9.807137940613160909e-01 9.820692270802717783e-01 9.834852845843575775e-01 9.854166838279865281e-01 9.866786491514947244e-01 9.882379033377346467e-01 9.899996473255772145e-01 9.921765144500839240e-01 9.939402108818713444e-01 9.959006459175108184e-01 
9.976041055417118608e-01 9.964960531077523553e-01 9.958908719261180265e-01 9.949785437396939658e-01 9.943754540356719573e-01 9.937898523398687178e-01 9.919298272257861537e-01 9.908833191032160315e-01 9.902681714155099346e-01 9.890268726242630315e-01 9.884813889403871734e-01 9.876145136636972355e-01 9.869667397694690258e-01 9.862212713740362569e-01 9.855680200114665945e-01 9.845726846923144038e-01 9.837125771819594799e-01 9.829803044534466405e-01 9.817492860154316547e-01 9.822074969689434942e-01 9.831159880168227616e-01 9.836574880834406676e-01 9.845455400919330691e-01 9.851316687761000335e-01 9.856496457203315353e-01 9.874261648294145877e-01 9.884887174130847498e-01 9.891106583584263756e-01 9.902542604525939041e-01 9.908110656977608954e-01 9.916853990287756160e-01 9.923390036354315935e-01 9.930820886755844512e-01 9.937713167146133841e-01 9.948685493538881319e-01 9.958317207983206076e-01 9.967466533542237439e-01 9.983295719714062599e-01 
9.967174557540718904e-01 9.949635850558362637e-01 9.928635124666987943e-01 9.912437121505139892e-01 9.895111315265059382e-01 9.879035436506313772e-01 9.865244681611178290e-01 9.852373158679030851e-01 9.830707627450305797e-01 9.812501074505315390e-01 9.804405252116903391e-01 9.797746065002578275e-01 9.796448841246284678e-01 9.792687100972087277e-01 9.788659483050150545e-01 9.779935802276847889e-01 9.777846885536443100e-01 9.776458064136120951e-01 9.774545775940809422e-01 9.787713452949170501e-01 9.802361016394850468e-01 9.821884693975941882e-01 9.837146804258406485e-01 9.854384838048408923e-01 9.870574569728263192e-01 9.885302099422279554e-01 9.898698411486278603e-01 9.921453994857212244e-01 9.939611628993882952e-01 9.948560904676507777e-01 9.956268277889721574e-01 9.958143351393956566e-01 9.962944868330099180e-01 9.967997180494502230e-01 9.978373631404012789e-01 9.982306142842537477e-01 9.986084659973747391e-01 9.992705938137604882e-01 
9.970505267730189747e-01 9.957642610034472819e-01 9.941665308255348554e-01 9.921987681182399266e-01 9.902440257261432288e-01 9.891234117772758072e-01 9.878079901088738790e-01 9.866510200481565240e-01 9.852754705449106032e-01 9.837191250880237270e-01 9.829627165287690982e-01 9.825672886918306315e-01 9.821090264127447789e-01 9.816526703875172455e-01 9.810923977614527391e-01 9.806020620348581129e-01 9.800200765082804910e-01 9.795579084838892392e-01 9.793944198160625669e-01 9.803792283800747409e-01 9.813572836002127930e-01 9.828416328687207271e-01 9.847193443775397181e-01 9.866230707987280191e-01 9.877391748194370713e-01 9.890475539856080633e-01 9.902434256070616891e-01 9.916797397587679974e-01 9.932451468241891845e-01 9.940759916624838377e-01 9.945232881402261693e-01 9.950220461681367201e-01 9.955270812120177171e-01 9.961482549135604048e-01 9.967166914390702681e-01 9.974199690323707346e-01 9.980752031419706238e-01 9.985900156646796422e-01 
9.981487789161794799e-01 9.974454897520164121e-01 9.963426042373852987e-01 9.957062594167701564e-01 9.950558118973465982e-01 9.943754359830913048e-01 9.937879944667475929e-01 9.931330778834006612e-01 9.924531556344078354e-01 9.913395095694658155e-01 9.894760917397478206e-01 9.883311513285421013e-01 9.867267051026159530e-01 9.850380039384669661e-01 9.839332526968277426e-01 9.828340958406674988e-01 9.820603208555960251e-01 9.810461871142875934e-01 9.800764341348938702e-01 9.789309066387198444e-01 9.792596196987582990e-01 9.801423608051175185e-01 9.806486586005603856e-01 9.811603939749664605e-01 9.817907826751992584e-01 9.822610561064660795e-01 9.828148125742814933e-01 9.834645531337917745e-01 9.845707073709868418e-01 9.863484055129377870e-01 9.874509901096024667e-01 9.890773250483057000e-01 9.907598427855834888e-01 9.918837233833415201e-01 9.930491250329491759e-01 9.939328659064093907e-01 9.951616511987287916e-01 9.963548659505853111e-01 
9.980310784930134238e-01 9.975419969100024487e-01 9.965613059008390229e-01 9.959251475556367694e-01 9.950821805563639932e-01 9.943940062071353614e-01 9.939071598950132147e-01 9.933305893870848502e-01 9.923217152063610325e-01 9.913782301765128313e-01 9.890016340284112362e-01 9.878506677113487733e-01 9.858417173777300757e-01 9.844880945365031000e-01 9.834007253864404108e-01 9.821296893409234841e-01 9.809606202492332505e-01 9.792670006258848980e-01 9.779387613567442905e-01 9.775485006364700302e-01 9.776688474697067255e-01 9.783617845726443329e-01 9.788468303516387747e-01 9.795377142091973299e-01 9.801334102782351954e-01 9.805757819761572458e-01 9.810777341107075333e-01 9.820340886019288673e-01 9.829260438998383975e-01 9.851862957730721515e-01 9.863522588945220493e-01 9.883458468747182701e-01 9.897188353280975681e-01 9.908446803002989300e-01 9.921573455535408481e-01 9.934266716789891261e-01 9.953108929107425951e-01 9.968839586104522033e-01 
9.983653109740672216e-01 9.975009040672854210e-01 9.964811231307351136e-01 9.956394784614435167e-01 9.942937066210035812e-01 9.938728393285319873e-01 9.933895482451218228e-01 9.925263334414585747e-01 9.922073610382146081e-01 9.914440687328401891e-01 9.898727664084935318e-01 9.889302431197123378e-01 9.879982036985648364e-01 9.876371165044700584e-01 9.866609660871210608e-01 9.854571428226149843e-01 9.844467973183992360e-01 9.838977612905035475e-01 9.828802474486015850e-01 9.824164352345077234e-01 9.830090504667619022e-01 9.838440050147387872e-01 9.845604620184242872e-01 9.857805948732947243e-01 9.861887694645975477e-01 9.866786559558446967e-01 9.875392980516785046e-01 9.878224509462817382e-01 9.885466704986712871e-01 9.901109269688955772e-01 9.910390447362250610e-01 9.919739596950896132e-01 9.923276304888267729e-01 9.933207879566892107e-01 9.945663117569515377e-01 9.956328102146795311e-01 9.962549133821410052e-01 9.974634335222621884e-01 
9.964743479849729191e-01 9.946929964362779542e-01 9.933026814735106402e-01 9.918881870201139428e-01 9.900863332499515446e-01 9.885981344754395383e-01 9.868882880017362247e-01 9.849392559031433514e-01 9.834402992050096382e-01 9.818739760285420948e-01 9.810858528043292504e-01 9.800694279351620519e-01 9.795500476242519072e-01 9.785960852733510684e-01 9.781127041094198615e-01 9.777693293213887138e-01 9.774378470632413274e-01 9.766457872345188918e-01 9.765837198446254419e-01 9.781821282974352272e-01 9.796601033760823363e-01 9.809173178732605303e-01 9.823236291431033385e-01 9.841247671830670729e-01 9.856172704892938174e-01 9.873357146011324526e-01 9.892787014707118409e-01 9.908432648396992004e-01 9.925388185529756546e-01 9.933369580420863265e-01 9.944115866470955023e-01 9.949741038884342137e-01 9.960286066616205192e-01 9.966025605463163517e-01 9.970474503898405505e-01 9.975544582877281519e-01 9.986505141566471844e-01 9.991789358762601658e-01 
9.983340333226354835e-01 9.973048108807185397e-01 9.963998779414325879e-01 9.955803848350736063e-01 9.947609042076421826e-01 9.942495245270815962e-01 9.936728014739207859e-01 9.923829144040458017e-01 9.909934504791970689e-01 9.894622590248033367e-01 9.885317225025018750e-01 9.875649363772082134e-01 9.866861433443873119e-01 9.862662585645863844e-01 9.854566589478896965e-01 9.850302895913345402e-01 9.846357041803746046e-01 9.839870398264959350e-01 9.829943673479072386e-01 9.830720686533491737e-01 9.838838855763152313e-01 9.846349298209617906e-01 9.853838334036483237e-01 9.861451906243261512e-01 9.866245998996258093e-01 9.871391165274501223e-01 9.883607733593995359e-01 9.897149066057594480e-01 9.912486187305736829e-01 9.921987991666278983e-01 9.931588907143330536e-01 9.940274631635886982e-01 9.944574246815515162e-01 9.952562379884467569e-01 9.957201754502182922e-01 9.961498779261431791e-01 9.969130355014362843e-01 9.981340999618373289e-01 
9.984864316738238932e-01 9.973799805556898823e-01 9.965525010748303991e-01 9.959912688054175511e-01 9.951646331255831202e-01 9.941145472251556869e-01 9.934277932823456503e-01 9.924297375336523785e-01 9.919807518356780207e-01 9.910230937605749579e-01 9.898225405409973865e-01 9.888626994453586505e-01 9.875434312821130822e-01 9.865777055979763066e-01 9.856761806143021776e-01 9.842249492602355154e-01 9.832810619055815105e-01 9.822651911522981560e-01 9.812773207348665094e-01 9.805553864924716478e-01 9.813285755410064981e-01 9.819761723053256341e-01 9.824478745718703276e-01 9.831940159902184950e-01 9.842223491347856790e-01 9.848708610977643385e-01 9.858582677399474470e-01 9.862659183715764000e-01 9.871792933611098775e-01 9.883678679405558665e-01 9.892884752913616575e-01 9.905868286490289165e-01 9.914863777871062434e-01 9.924249446692280374e-01 9.939704249103707978e-01 9.949926761586670443e-01 9.961514499103163445e-01 9.973539143882972358e-01 
9.989280376569770192e-01 9.981508642533575282e-01 9.974413629072875764e-01 9.970064040024819718e-01 9.963056315742391256e-01 9.959259220831517823e-01 9.954533425404479274e-01 9.947652629505662203e-01 9.945313061279852374e-01 9.936986633380824330e-01 9.922309501579420488e-01 9.910375676886491458e-01 9.900883304205702062e-01 9.890035924092798192e-01 9.879333052726075870e-01 9.869559997361454506e-01 9.861922729794354581e-01 9.845470887950100725e-01 9.831981366166090419e-01 9.818430598411231891e-01 9.823360209750292560e-01 9.828769876582843512e-01 9.832264747388071990e-01 9.838534372765179725e-01 9.841732499717403826e-01 9.846029509244919042e-01 9.852623389863551795e-01 9.854895485444131742e-01 9.862679431906851146e-01 9.876963975501842352e-01 9.888861257087427914e-01 9.898088487198823948e-01 9.908486382374476209e-01 9.919691560903047822e-01 9.929877424854748336e-01 9.937979547653087442e-01 9.955793771655335744e-01 9.970545832836136269e-01 
9.980276500212393875e-01 9.967830202198286749e-01 9.951266130416087652e-01 9.937137451951406630e-01 9.933381120546220799e-01 9.925372423163680846e-01 9.913296472903677659e-01 9.903381621488877018e-01 9.890220703668551883e-01 9.878641175076849912e-01 9.871389027870476340e-01 9.862269066782761717e-01 9.856393490519801404e-01 9.850499098828843225e-01 9.841627283047547081e-01 9.836621471398447891e-01 9.827352611559448947e-01 9.824566859663359519e-01 9.818052959291809767e-01 9.817207763949212795e-01 9.826643454245201914e-01 9.841846524199836521e-01 9.854688381568549316e-01 9.857978086898774306e-01 9.865908472243294369e-01 9.877461949239312311e-01 9.887233097401950666e-01 9.900274818746065408e-01 9.912561816543101756e-01 9.920238973265982363e-01 9.929847714161210703e-01 9.936294079890616304e-01 9.942631530901597792e-01 9.952125509874667486e-01 9.957820461283882763e-01 9.967969078888332390e-01 9.971604001124148020e-01 9.980326316844198020e-01 
9.989398836591064645e-01 9.983962311121522548e-01 9.973343330418279473e-01 9.971540743766071913e-01 9.968385875664610429e-01 9.960184532097823285e-01 9.953094212292613596e-01 9.947463543223032945e-01 9.942366012643517603e-01 9.937348371606297137e-01 9.920634461212897159e-01 9.906744555225698301e-01 9.896827649850470365e-01 9.886280079884934846e-01 9.875065840491947800e-01 9.864486405944214997e-01 9.853560067842058734e-01 9.844833981222153030e-01 9.832969652351124523e-01 9.819702395536032968e-01 9.822608038880875636e-01 9.831068314091377935e-01 9.832076768548788648e-01 9.834485902277917413e-01 9.842188208193703991e-01 9.848729980477415324e-01 9.854039409610676481e-01 9.858545042140949288e-01 9.863374302294237728e-01 9.879241556266837865e-01 9.892918554651647378e-01 9.903005509812863316e-01 9.913789227268873239e-01 9.924965063280998256e-01 9.935556922579186212e-01 9.946979251574945557e-01 9.956306792868558908e-01 9.970287076571523466e-01 
9.976996754293403491e-01 9.966643644127836099e-01 9.953328057172412535e-01 9.943777844308813174e-01 9.936213994590737952e-01 9.922736730895759250e-01 9.910092477911769393e-01 9.899614911447187637e-01 9.890096327185015079e-01 9.874380588847595508e-01 9.868750678407482990e-01 9.864012472635158568e-01 9.855474235590611087e-01 9.852051982919236561e-01 9.845485103962569040e-01 9.841052468049164004e-01 9.836837611268807180e-01 9.834125377904006093e-01 9.831659083103295727e-01 9.836328519390703518e-01 9.844518009468630204e-01 9.856935268734132727e-01 9.865843076241949117e-01 9.873131587757907335e-01 9.885816802340016141e-01 9.898100101904679926e-01 9.908874296827617778e-01 9.918100480200729985e-01 9.933807046791538475e-01 9.939998524412946290e-01 9.945011811755610776e-01 9.953889978996499632e-01 9.957641278734065127e-01 9.964720421812378603e-01 9.969872725585143813e-01 9.975058231412584631e-01 9.978833000145903576e-01 9.983907270987596450e-01 
9.966604020626861349e-01 9.953303978366785376e-01 9.938116212218547352e-01 9.925180361249605898e-01 9.915179967076331868e-01 9.905509212383951656e-01 9.897514657616875988e-01 9.892116859788099292e-01 9.880855628027223059e-01 9.865447810803767981e-01 9.854830763437302243e-01 9.847490077329971170e-01 9.835164324177445572e-01 9.829196430098922077e-01 9.817239497644676405e-01 9.812691632464846103e-01 9.804193010863365698e-01 9.796849597539890597e-01 9.791517346225913077e-01 9.800405432225330893e-01 9.811080059400248965e-01 9.824767039176411920e-01 9.836860099992467132e-01 9.846151739984277951e-01 9.854943229887556111e-01 9.862885903678697552e-01 9.868545976462660407e-01 9.879697014562448532e-01 9.895466232103511395e-01 9.906056434723813364e-01 9.913542824359697914e-01 9.926019272365094182e-01 9.932765402366052765e-01 9.946044482662396158e-01 9.950936991321989167e-01 9.960955753444166172e-01 9.970448414519103020e-01 9.978394883338655985e-01 
