1.474617242813110352e+00 1.413365125656127930e+00 0.000000000000000000e+00 5.000000000000000000e-01 5.000000000000000000e-01 0.000000000000000000e+00 5.000000000000000000e-01 0.000000000000000000e+00 0.000000000000000000e+00 0.000000000000000000e+00 
1.025906562805175781e+00 9.963400363922119141e-01 0.000000000000000000e+00 5.000000000000000000e-01 5.000000000000000000e-01 0.000000000000000000e+00 5.000000000000000000e-01 0.000000000000000000e+00 0.000000000000000000e+00 0.000000000000000000e+00 
8.165928125381469727e-01 8.015629649162292480e-01 0.000000000000000000e+00 5.000000000000000000e-01 5.000000000000000000e-01 0.000000000000000000e+00 5.000000000000000000e-01 0.000000000000000000e+00 0.000000000000000000e+00 0.000000000000000000e+00 
7.187839746475219727e-01 7.130673527717590332e-01 0.000000000000000000e+00 5.000000000000000000e-01 5.000000000000000000e-01 0.000000000000000000e+00 5.000000000000000000e-01 0.000000000000000000e+00 0.000000000000000000e+00 0.000000000000000000e+00 
6.905621290206909180e-01 6.893339157104492188e-01 0.000000000000000000e+00 5.625000000000000000e-01 5.256410256410256610e-01 0.000000000000000000e+00 5.140845070422535024e-01 0.000000000000000000e+00 6.428571428571429047e-01 0.000000000000000000e+00 
6.885262727737426758e-01 6.875078678131103516e-01 0.000000000000000000e+00 5.546875000000000000e-01 5.464743589743589203e-01 0.000000000000000000e+00 6.464646464646465196e-01 0.000000000000000000e+00 5.276190476190476542e-01 0.000000000000000000e+00 
6.859617829322814941e-01 6.869203448295593262e-01 0.000000000000000000e+00 5.312500000000000000e-01 5.240384615384615641e-01 0.000000000000000000e+00 6.595744680851063357e-01 0.000000000000000000e+00 5.129982668977469684e-01 0.000000000000000000e+00 
6.814500093460083008e-01 6.838053464889526367e-01 0.000000000000000000e+00 5.546875000000000000e-01 5.608974358974359031e-01 0.000000000000000000e+00 6.862745098039215730e-01 0.000000000000000000e+00 5.363984674329501656e-01 0.000000000000000000e+00 
6.766548156738281250e-01 6.797112226486206055e-01 0.000000000000000000e+00 5.937500000000000000e-01 6.009615384615384359e-01 0.000000000000000000e+00 6.307053941908713490e-01 0.000000000000000000e+00 5.822454308093995001e-01 0.000000000000000000e+00 
6.710551977157592773e-01 6.747318506240844727e-01 0.000000000000000000e+00 6.406250000000000000e-01 6.426282051282051766e-01 0.000000000000000000e+00 6.328358208955223718e-01 0.000000000000000000e+00 6.539792387543252872e-01 0.000000000000000000e+00 
6.626893281936645508e-01 6.677291989326477051e-01 0.000000000000000000e+00 6.796875000000000000e-01 6.650641025641025328e-01 0.000000000000000000e+00 6.467236467236466835e-01 0.000000000000000000e+00 6.886446886446886406e-01 0.000000000000000000e+00 
6.551215648651123047e-01 6.587855815887451172e-01 0.000000000000000000e+00 6.953125000000000000e-01 6.987179487179486781e-01 0.000000000000000000e+00 6.823529411764706065e-01 0.000000000000000000e+00 7.183098591549296197e-01 0.000000000000000000e+00 
6.455379128456115723e-01 6.487197279930114746e-01 0.000000000000000000e+00 7.265625000000000000e-01 7.211538461538461453e-01 0.000000000000000000e+00 7.103658536585365502e-01 0.000000000000000000e+00 7.331081081081081141e-01 0.000000000000000000e+00 
6.286798715591430664e-01 6.377731561660766602e-01 0.000000000000000000e+00 7.500000000000000000e-01 7.387820512820513219e-01 0.000000000000000000e+00 7.292307692307692379e-01 0.000000000000000000e+00 7.491638795986621524e-01 0.000000000000000000e+00 
6.088166236877441406e-01 6.249057650566101074e-01 0.000000000000000000e+00 7.968750000000000000e-01 7.692307692307692735e-01 0.000000000000000000e+00 7.576687116564416735e-01 0.000000000000000000e+00 7.818791946308725205e-01 0.000000000000000000e+00 
5.930025577545166016e-01 6.088628768920898438e-01 0.000000000000000000e+00 8.359375000000000000e-01 8.060897435897436125e-01 0.000000000000000000e+00 7.817109144542773169e-01 0.000000000000000000e+00 8.350877192982456565e-01 0.000000000000000000e+00 
5.668162703514099121e-01 5.898768901824951172e-01 0.000000000000000000e+00 8.671875000000000000e-01 8.253205128205127750e-01 0.000000000000000000e+00 7.959183673469387710e-01 0.000000000000000000e+00 8.612099644128113907e-01 0.000000000000000000e+00 
5.426334142684936523e-01 5.682978630065917969e-01 0.000000000000000000e+00 8.828125000000000000e-01 8.541666666666666297e-01 0.000000000000000000e+00 8.184438040345821674e-01 0.000000000000000000e+00 8.989169675090252776e-01 0.000000000000000000e+00 
5.183722972869873047e-01 5.442191362380981445e-01 0.000000000000000000e+00 9.296875000000000000e-01 8.750000000000000000e-01 0.000000000000000000e+00 8.381502890173410103e-01 0.000000000000000000e+00 9.208633093525180335e-01 0.000000000000000000e+00 
4.796915054321289062e-01 5.176789760589599609e-01 0.000000000000000000e+00 9.375000000000000000e-01 8.878205128205127750e-01 0.000000000000000000e+00 8.517441860465115866e-01 0.000000000000000000e+00 9.321428571428571619e-01 0.000000000000000000e+00 
4.487563371658325195e-01 4.886120557785034180e-01 0.000000000000000000e+00 9.453125000000000000e-01 9.054487179487179516e-01 0.000000000000000000e+00 8.666666666666666963e-01 0.000000000000000000e+00 9.534050179211469578e-01 0.000000000000000000e+00 
4.140707552433013916e-01 4.580392539501190186e-01 0.000000000000000000e+00 9.609375000000000000e-01 9.086538461538461453e-01 0.000000000000000000e+00 8.717201166180758021e-01 0.000000000000000000e+00 9.537366548042705006e-01 0.000000000000000000e+00 
3.697892725467681885e-01 4.262036085128784180e-01 0.000000000000000000e+00 9.921875000000000000e-01 9.214743589743589203e-01 0.000000000000000000e+00 8.879056047197639856e-01 0.000000000000000000e+00 9.614035087719298156e-01 0.000000000000000000e+00 
3.327967226505279541e-01 3.903622329235076904e-01 0.000000000000000000e+00 9.921875000000000000e-01 9.278846153846154188e-01 0.000000000000000000e+00 8.914956011730205132e-01 0.000000000000000000e+00 9.717314487632509046e-01 0.000000000000000000e+00 
2.960925102233886719e-01 3.555451631546020508e-01 0.000000000000000000e+00 9.765625000000000000e-01 9.342948717948718063e-01 0.000000000000000000e+00 9.020771513353115223e-01 0.000000000000000000e+00 9.721254355400696934e-01 0.000000000000000000e+00 
2.498864382505416870e-01 3.166253268718719482e-01 0.000000000000000000e+00 1.000000000000000000e+00 9.455128205128204844e-01 0.000000000000000000e+00 9.212121212121212599e-01 0.000000000000000000e+00 9.727891156462584732e-01 0.000000000000000000e+00 
2.055092602968215942e-01 2.804622650146484375e-01 0.000000000000000000e+00 9.921875000000000000e-01 9.535256410256410797e-01 0.000000000000000000e+00 9.249249249249249516e-01 0.000000000000000000e+00 9.862542955326460969e-01 0.000000000000000000e+00 
1.681257188320159912e-01 2.402362376451492310e-01 0.000000000000000000e+00 1.000000000000000000e+00 9.631410256410256610e-01 0.000000000000000000e+00 9.392097264437689885e-01 0.000000000000000000e+00 9.898305084745763205e-01 0.000000000000000000e+00 
1.356872618198394775e-01 2.056012004613876343e-01 0.000000000000000000e+00 1.000000000000000000e+00 9.711538461538461453e-01 0.000000000000000000e+00 9.537037037037037202e-01 0.000000000000000000e+00 9.899999999999999911e-01 0.000000000000000000e+00 
1.109544336795806885e-01 1.742371022701263428e-01 0.000000000000000000e+00 1.000000000000000000e+00 9.775641025641025328e-01 0.000000000000000000e+00 9.685534591194968623e-01 0.000000000000000000e+00 9.869281045751634451e-01 0.000000000000000000e+00 
8.840358257293701172e-02 1.488869488239288330e-01 0.000000000000000000e+00 1.000000000000000000e+00 9.855769230769231282e-01 0.000000000000000000e+00 9.809523809523809090e-01 0.000000000000000000e+00 9.902912621359223344e-01 0.000000000000000000e+00 
7.057774066925048828e-02 1.293763220310211182e-01 0.000000000000000000e+00 1.000000000000000000e+00 9.855769230769231282e-01 0.000000000000000000e+00 9.840255591054313244e-01 0.000000000000000000e+00 9.871382636655948728e-01 0.000000000000000000e+00 
5.856146663427352905e-02 1.132180169224739075e-01 0.000000000000000000e+00 1.000000000000000000e+00 9.887820512820513219e-01 0.000000000000000000e+00 9.872204472843449929e-01 0.000000000000000000e+00 9.903536977491961268e-01 0.000000000000000000e+00 
5.069340765476226807e-02 1.002191379666328430e-01 0.000000000000000000e+00 1.000000000000000000e+00 9.887820512820513219e-01 0.000000000000000000e+00 9.872204472843449929e-01 0.000000000000000000e+00 9.903536977491961268e-01 0.000000000000000000e+00 
4.464343190193176270e-02 9.137740731239318848e-02 0.000000000000000000e+00 1.000000000000000000e+00 9.887820512820513219e-01 0.000000000000000000e+00 9.903536977491961268e-01 0.000000000000000000e+00 9.872204472843449929e-01 0.000000000000000000e+00 
3.898557648062705994e-02 8.175222575664520264e-02 0.000000000000000000e+00 1.000000000000000000e+00 9.919871794871795156e-01 0.000000000000000000e+00 9.904153354632587725e-01 0.000000000000000000e+00 9.935691318327973809e-01 0.000000000000000000e+00 
3.373196721076965332e-02 7.563252002000808716e-02 0.000000000000000000e+00 1.000000000000000000e+00 9.935897435897436125e-01 0.000000000000000000e+00 9.935897435897436125e-01 0.000000000000000000e+00 9.935897435897436125e-01 0.000000000000000000e+00 
3.174892440438270569e-02 6.885677576065063477e-02 0.000000000000000000e+00 1.000000000000000000e+00 9.935897435897436125e-01 0.000000000000000000e+00 9.935897435897436125e-01 0.000000000000000000e+00 9.935897435897436125e-01 0.000000000000000000e+00 
2.791211754083633423e-02 6.429258733987808228e-02 0.000000000000000000e+00 1.000000000000000000e+00 9.935897435897436125e-01 0.000000000000000000e+00 9.935897435897436125e-01 0.000000000000000000e+00 9.935897435897436125e-01 0.000000000000000000e+00 
2.689241431653499603e-02 6.048982590436935425e-02 0.000000000000000000e+00 1.000000000000000000e+00 9.935897435897436125e-01 0.000000000000000000e+00 9.935897435897436125e-01 0.000000000000000000e+00 9.935897435897436125e-01 0.000000000000000000e+00 
2.535685524344444275e-02 5.581816285848617554e-02 0.000000000000000000e+00 1.000000000000000000e+00 9.951923076923077094e-01 0.000000000000000000e+00 9.967845659163987460e-01 0.000000000000000000e+00 9.936102236421725520e-01 0.000000000000000000e+00 
2.192444913089275360e-02 5.262240394949913025e-02 0.000000000000000000e+00 1.000000000000000000e+00 9.951923076923077094e-01 0.000000000000000000e+00 9.967845659163987460e-01 0.000000000000000000e+00 9.936102236421725520e-01 0.000000000000000000e+00 
2.086522057652473450e-02 4.935463890433311462e-02 0.000000000000000000e+00 1.000000000000000000e+00 9.951923076923077094e-01 0.000000000000000000e+00 9.967845659163987460e-01 0.000000000000000000e+00 9.936102236421725520e-01 0.000000000000000000e+00 
1.867404952645301819e-02 4.727471619844436646e-02 0.000000000000000000e+00 1.000000000000000000e+00 9.951923076923077094e-01 0.000000000000000000e+00 9.967845659163987460e-01 0.000000000000000000e+00 9.936102236421725520e-01 0.000000000000000000e+00 
1.768068969249725342e-02 4.494106397032737732e-02 0.000000000000000000e+00 1.000000000000000000e+00 9.951923076923077094e-01 0.000000000000000000e+00 9.967845659163987460e-01 0.000000000000000000e+00 9.936102236421725520e-01 0.000000000000000000e+00 
1.615126803517341614e-02 4.275573790073394775e-02 0.000000000000000000e+00 1.000000000000000000e+00 9.951923076923077094e-01 0.000000000000000000e+00 9.967845659163987460e-01 0.000000000000000000e+00 9.936102236421725520e-01 0.000000000000000000e+00 
1.604554802179336548e-02 4.044790938496589661e-02 0.000000000000000000e+00 1.000000000000000000e+00 9.951923076923077094e-01 0.000000000000000000e+00 9.967845659163987460e-01 0.000000000000000000e+00 9.936102236421725520e-01 0.000000000000000000e+00 
1.512905303388834000e-02 3.777385875582695007e-02 0.000000000000000000e+00 1.000000000000000000e+00 9.967948717948718063e-01 0.000000000000000000e+00 9.967948717948718063e-01 0.000000000000000000e+00 9.967948717948718063e-01 0.000000000000000000e+00 
1.389338821172714233e-02 3.779187798500061035e-02 0.000000000000000000e+00 1.000000000000000000e+00 9.951923076923077094e-01 0.000000000000000000e+00 9.967845659163987460e-01 0.000000000000000000e+00 9.936102236421725520e-01 0.000000000000000000e+00 
1.373806595802307129e-02 3.568398207426071167e-02 0.000000000000000000e+00 1.000000000000000000e+00 9.951923076923077094e-01 0.000000000000000000e+00 9.967845659163987460e-01 0.000000000000000000e+00 9.936102236421725520e-01 0.000000000000000000e+00 
1.234274357557296753e-02 3.319639340043067932e-02 0.000000000000000000e+00 1.000000000000000000e+00 9.967948717948718063e-01 0.000000000000000000e+00 9.967948717948718063e-01 0.000000000000000000e+00 9.967948717948718063e-01 0.000000000000000000e+00 
1.237235404551029205e-02 3.346270695328712463e-02 0.000000000000000000e+00 1.000000000000000000e+00 9.951923076923077094e-01 0.000000000000000000e+00 9.967845659163987460e-01 0.000000000000000000e+00 9.936102236421725520e-01 0.000000000000000000e+00 
1.155050564557313919e-02 2.985174581408500671e-02 0.000000000000000000e+00 1.000000000000000000e+00 9.967948717948718063e-01 0.000000000000000000e+00 9.967948717948718063e-01 0.000000000000000000e+00 9.967948717948718063e-01 0.000000000000000000e+00 
1.085909456014633179e-02 3.136519342660903931e-02 0.000000000000000000e+00 1.000000000000000000e+00 9.951923076923077094e-01 0.000000000000000000e+00 9.967845659163987460e-01 0.000000000000000000e+00 9.936102236421725520e-01 0.000000000000000000e+00 
1.054187864065170288e-02 2.946257591247558594e-02 0.000000000000000000e+00 1.000000000000000000e+00 9.951923076923077094e-01 0.000000000000000000e+00 9.967845659163987460e-01 0.000000000000000000e+00 9.936102236421725520e-01 0.000000000000000000e+00 
1.077001355588436127e-02 2.801599353551864624e-02 0.000000000000000000e+00 1.000000000000000000e+00 9.967948717948718063e-01 0.000000000000000000e+00 9.967948717948718063e-01 0.000000000000000000e+00 9.967948717948718063e-01 0.000000000000000000e+00 
9.793558157980442047e-03 2.765166200697422028e-02 0.000000000000000000e+00 1.000000000000000000e+00 9.951923076923077094e-01 0.000000000000000000e+00 9.967845659163987460e-01 0.000000000000000000e+00 9.936102236421725520e-01 0.000000000000000000e+00 
8.991200476884841919e-03 2.717369422316551208e-02 0.000000000000000000e+00 1.000000000000000000e+00 9.951923076923077094e-01 0.000000000000000000e+00 9.967845659163987460e-01 0.000000000000000000e+00 9.936102236421725520e-01 0.000000000000000000e+00 
8.568383753299713135e-03 2.594188973307609558e-02 0.000000000000000000e+00 1.000000000000000000e+00 9.951923076923077094e-01 0.000000000000000000e+00 9.967845659163987460e-01 0.000000000000000000e+00 9.936102236421725520e-01 0.000000000000000000e+00 
8.753352798521518707e-03 2.520079351961612701e-02 0.000000000000000000e+00 1.000000000000000000e+00 9.951923076923077094e-01 0.000000000000000000e+00 9.967845659163987460e-01 0.000000000000000000e+00 9.936102236421725520e-01 0.000000000000000000e+00 
8.069915696978569031e-03 2.442195825278759003e-02 0.000000000000000000e+00 1.000000000000000000e+00 9.951923076923077094e-01 0.000000000000000000e+00 9.967845659163987460e-01 0.000000000000000000e+00 9.936102236421725520e-01 0.000000000000000000e+00 
7.927229627966880798e-03 2.411627955734729767e-02 0.000000000000000000e+00 1.000000000000000000e+00 9.951923076923077094e-01 0.000000000000000000e+00 9.967845659163987460e-01 0.000000000000000000e+00 9.936102236421725520e-01 0.000000000000000000e+00 
7.825966924428939819e-03 2.311377599835395813e-02 0.000000000000000000e+00 1.000000000000000000e+00 9.951923076923077094e-01 0.000000000000000000e+00 9.967845659163987460e-01 0.000000000000000000e+00 9.936102236421725520e-01 0.000000000000000000e+00 
7.618306204676628113e-03 2.228187210857868195e-02 0.000000000000000000e+00 1.000000000000000000e+00 9.951923076923077094e-01 0.000000000000000000e+00 9.967845659163987460e-01 0.000000000000000000e+00 9.936102236421725520e-01 0.000000000000000000e+00 
7.017160765826702118e-03 2.196857891976833344e-02 0.000000000000000000e+00 1.000000000000000000e+00 9.951923076923077094e-01 0.000000000000000000e+00 9.967845659163987460e-01 0.000000000000000000e+00 9.936102236421725520e-01 0.000000000000000000e+00 
6.881834939122200012e-03 2.109280042350292206e-02 0.000000000000000000e+00 1.000000000000000000e+00 9.951923076923077094e-01 0.000000000000000000e+00 9.967845659163987460e-01 0.000000000000000000e+00 9.936102236421725520e-01 0.000000000000000000e+00 
6.735598202794790268e-03 2.030645683407783508e-02 0.000000000000000000e+00 1.000000000000000000e+00 9.951923076923077094e-01 0.000000000000000000e+00 9.967845659163987460e-01 0.000000000000000000e+00 9.936102236421725520e-01 0.000000000000000000e+00 
6.428895518183708191e-03 1.993073709309101105e-02 0.000000000000000000e+00 1.000000000000000000e+00 9.951923076923077094e-01 0.000000000000000000e+00 9.967845659163987460e-01 0.000000000000000000e+00 9.936102236421725520e-01 0.000000000000000000e+00 
6.468066014349460602e-03 1.990581862628459930e-02 0.000000000000000000e+00 1.000000000000000000e+00 9.951923076923077094e-01 0.000000000000000000e+00 9.967845659163987460e-01 0.000000000000000000e+00 9.936102236421725520e-01 0.000000000000000000e+00 
6.013112608343362808e-03 1.914629898965358734e-02 0.000000000000000000e+00 1.000000000000000000e+00 9.951923076923077094e-01 0.000000000000000000e+00 9.967845659163987460e-01 0.000000000000000000e+00 9.936102236421725520e-01 0.000000000000000000e+00 
5.791310220956802368e-03 1.856317371129989624e-02 0.000000000000000000e+00 1.000000000000000000e+00 9.951923076923077094e-01 0.000000000000000000e+00 9.967845659163987460e-01 0.000000000000000000e+00 9.936102236421725520e-01 0.000000000000000000e+00 
5.756022874265909195e-03 1.831249520182609558e-02 0.000000000000000000e+00 1.000000000000000000e+00 9.951923076923077094e-01 0.000000000000000000e+00 9.967845659163987460e-01 0.000000000000000000e+00 9.936102236421725520e-01 0.000000000000000000e+00 
5.629989318549633026e-03 1.769625023007392883e-02 0.000000000000000000e+00 1.000000000000000000e+00 9.951923076923077094e-01 0.000000000000000000e+00 9.967845659163987460e-01 0.000000000000000000e+00 9.936102236421725520e-01 0.000000000000000000e+00 
5.222247913479804993e-03 1.746960729360580444e-02 0.000000000000000000e+00 1.000000000000000000e+00 9.951923076923077094e-01 0.000000000000000000e+00 9.967845659163987460e-01 0.000000000000000000e+00 9.936102236421725520e-01 0.000000000000000000e+00 
5.265591200441122055e-03 1.748504862189292908e-02 0.000000000000000000e+00 1.000000000000000000e+00 9.951923076923077094e-01 0.000000000000000000e+00 9.967845659163987460e-01 0.000000000000000000e+00 9.936102236421725520e-01 0.000000000000000000e+00 
5.219378508627414703e-03 1.704210788011550903e-02 0.000000000000000000e+00 1.000000000000000000e+00 9.951923076923077094e-01 0.000000000000000000e+00 9.967845659163987460e-01 0.000000000000000000e+00 9.936102236421725520e-01 0.000000000000000000e+00 
4.957837052643299103e-03 1.561707165092229843e-02 0.000000000000000000e+00 1.000000000000000000e+00 9.967948717948718063e-01 0.000000000000000000e+00 9.967948717948718063e-01 0.000000000000000000e+00 9.967948717948718063e-01 0.000000000000000000e+00 
4.874888807535171509e-03 1.548574585467576981e-02 0.000000000000000000e+00 1.000000000000000000e+00 9.967948717948718063e-01 0.000000000000000000e+00 9.967948717948718063e-01 0.000000000000000000e+00 9.967948717948718063e-01 0.000000000000000000e+00 
4.848014097660779953e-03 1.584170386195182800e-02 0.000000000000000000e+00 1.000000000000000000e+00 9.967948717948718063e-01 0.000000000000000000e+00 9.967948717948718063e-01 0.000000000000000000e+00 9.967948717948718063e-01 0.000000000000000000e+00 
4.689772613346576691e-03 1.555073261260986328e-02 0.000000000000000000e+00 1.000000000000000000e+00 9.951923076923077094e-01 0.000000000000000000e+00 9.967845659163987460e-01 0.000000000000000000e+00 9.936102236421725520e-01 0.000000000000000000e+00 
4.434562288224697113e-03 1.496376749128103256e-02 0.000000000000000000e+00 1.000000000000000000e+00 9.967948717948718063e-01 0.000000000000000000e+00 9.967948717948718063e-01 0.000000000000000000e+00 9.967948717948718063e-01 0.000000000000000000e+00 
4.401377402245998383e-03 1.484845671802759171e-02 0.000000000000000000e+00 1.000000000000000000e+00 9.951923076923077094e-01 0.000000000000000000e+00 9.967845659163987460e-01 0.000000000000000000e+00 9.936102236421725520e-01 0.000000000000000000e+00 
4.278118722140789032e-03 1.459384709596633911e-02 0.000000000000000000e+00 1.000000000000000000e+00 9.951923076923077094e-01 0.000000000000000000e+00 9.967845659163987460e-01 0.000000000000000000e+00 9.936102236421725520e-01 0.000000000000000000e+00 
4.184567835181951523e-03 1.406611874699592590e-02 0.000000000000000000e+00 1.000000000000000000e+00 9.967948717948718063e-01 0.000000000000000000e+00 9.967948717948718063e-01 0.000000000000000000e+00 9.967948717948718063e-01 0.000000000000000000e+00 
4.106167703866958618e-03 1.363376155495643616e-02 0.000000000000000000e+00 1.000000000000000000e+00 9.983974358974359031e-01 0.000000000000000000e+00 9.968051118210862205e-01 0.000000000000000000e+00 1.000000000000000000e+00 0.000000000000000000e+00 
4.048918839544057846e-03 1.342757884413003922e-02 0.000000000000000000e+00 1.000000000000000000e+00 9.983974358974359031e-01 0.000000000000000000e+00 9.968051118210862205e-01 0.000000000000000000e+00 1.000000000000000000e+00 0.000000000000000000e+00 
3.894146298989653587e-03 1.327119395136833191e-02 0.000000000000000000e+00 1.000000000000000000e+00 9.983974358974359031e-01 0.000000000000000000e+00 9.968051118210862205e-01 0.000000000000000000e+00 1.000000000000000000e+00 0.000000000000000000e+00 
3.862485755234956741e-03 1.310020592063665390e-02 0.000000000000000000e+00 1.000000000000000000e+00 9.983974358974359031e-01 0.000000000000000000e+00 9.968051118210862205e-01 0.000000000000000000e+00 1.000000000000000000e+00 0.000000000000000000e+00 
3.753685159608721733e-03 1.276085712015628815e-02 0.000000000000000000e+00 1.000000000000000000e+00 9.983974358974359031e-01 0.000000000000000000e+00 9.968051118210862205e-01 0.000000000000000000e+00 1.000000000000000000e+00 0.000000000000000000e+00 
3.663252806290984154e-03 1.247011870145797729e-02 0.000000000000000000e+00 1.000000000000000000e+00 9.983974358974359031e-01 0.000000000000000000e+00 9.968051118210862205e-01 0.000000000000000000e+00 1.000000000000000000e+00 0.000000000000000000e+00 
3.565288148820400238e-03 1.223115902394056320e-02 0.000000000000000000e+00 1.000000000000000000e+00 9.983974358974359031e-01 0.000000000000000000e+00 9.968051118210862205e-01 0.000000000000000000e+00 1.000000000000000000e+00 0.000000000000000000e+00 
3.544295206665992737e-03 1.189313828945159912e-02 0.000000000000000000e+00 1.000000000000000000e+00 9.983974358974359031e-01 0.000000000000000000e+00 9.968051118210862205e-01 0.000000000000000000e+00 1.000000000000000000e+00 0.000000000000000000e+00 
3.373384941369295120e-03 1.165062189102172852e-02 0.000000000000000000e+00 1.000000000000000000e+00 9.983974358974359031e-01 0.000000000000000000e+00 9.968051118210862205e-01 0.000000000000000000e+00 1.000000000000000000e+00 0.000000000000000000e+00 
3.340801689773797989e-03 1.154811121523380280e-02 0.000000000000000000e+00 1.000000000000000000e+00 9.983974358974359031e-01 0.000000000000000000e+00 9.968051118210862205e-01 0.000000000000000000e+00 1.000000000000000000e+00 0.000000000000000000e+00 
3.321869997307658195e-03 1.127647608518600464e-02 0.000000000000000000e+00 1.000000000000000000e+00 9.983974358974359031e-01 0.000000000000000000e+00 9.968051118210862205e-01 0.000000000000000000e+00 1.000000000000000000e+00 0.000000000000000000e+00 
3.297329647466540337e-03 1.103926077485084534e-02 0.000000000000000000e+00 1.000000000000000000e+00 9.983974358974359031e-01 0.000000000000000000e+00 9.968051118210862205e-01 0.000000000000000000e+00 1.000000000000000000e+00 0.000000000000000000e+00 
3.403994254767894745e-03 1.077982038259506226e-02 0.000000000000000000e+00 1.000000000000000000e+00 9.983974358974359031e-01 0.000000000000000000e+00 9.968051118210862205e-01 0.000000000000000000e+00 1.000000000000000000e+00 0.000000000000000000e+00 
3.363060066476464272e-03 1.055212412029504776e-02 0.000000000000000000e+00 1.000000000000000000e+00 9.983974358974359031e-01 0.000000000000000000e+00 9.968051118210862205e-01 0.000000000000000000e+00 1.000000000000000000e+00 0.000000000000000000e+00 
3.026813268661499023e-03 1.031002122908830643e-02 0.000000000000000000e+00 1.000000000000000000e+00 9.983974358974359031e-01 0.000000000000000000e+00 9.968051118210862205e-01 0.000000000000000000e+00 1.000000000000000000e+00 0.000000000000000000e+00 
2.939537400379776955e-03 1.044791843742132187e-02 0.000000000000000000e+00 1.000000000000000000e+00 9.983974358974359031e-01 0.000000000000000000e+00 9.968051118210862205e-01 0.000000000000000000e+00 1.000000000000000000e+00 0.000000000000000000e+00 
2.841295208781957626e-03 1.043459679931402206e-02 0.000000000000000000e+00 1.000000000000000000e+00 9.983974358974359031e-01 0.000000000000000000e+00 9.968051118210862205e-01 0.000000000000000000e+00 1.000000000000000000e+00 0.000000000000000000e+00 
2.838432788848876953e-03 9.961519390344619751e-03 0.000000000000000000e+00 1.000000000000000000e+00 9.983974358974359031e-01 0.000000000000000000e+00 9.968051118210862205e-01 0.000000000000000000e+00 1.000000000000000000e+00 0.000000000000000000e+00 
2.946425694972276688e-03 9.299509227275848389e-03 0.000000000000000000e+00 1.000000000000000000e+00 9.983974358974359031e-01 0.000000000000000000e+00 9.968051118210862205e-01 0.000000000000000000e+00 1.000000000000000000e+00 0.000000000000000000e+00 
2.770980820059776306e-03 9.545702487230300903e-03 0.000000000000000000e+00 1.000000000000000000e+00 9.983974358974359031e-01 0.000000000000000000e+00 9.968051118210862205e-01 0.000000000000000000e+00 1.000000000000000000e+00 0.000000000000000000e+00 
2.751094987615942955e-03 9.737979620695114136e-03 0.000000000000000000e+00 1.000000000000000000e+00 9.983974358974359031e-01 0.000000000000000000e+00 9.968051118210862205e-01 0.000000000000000000e+00 1.000000000000000000e+00 0.000000000000000000e+00 
2.665966749191284180e-03 9.453481994569301605e-03 0.000000000000000000e+00 1.000000000000000000e+00 9.983974358974359031e-01 0.000000000000000000e+00 9.968051118210862205e-01 0.000000000000000000e+00 1.000000000000000000e+00 0.000000000000000000e+00 
2.596050500869750977e-03 9.222167544066905975e-03 0.000000000000000000e+00 1.000000000000000000e+00 9.983974358974359031e-01 0.000000000000000000e+00 9.968051118210862205e-01 0.000000000000000000e+00 1.000000000000000000e+00 0.000000000000000000e+00 
2.641316968947649002e-03 9.168244898319244385e-03 0.000000000000000000e+00 1.000000000000000000e+00 9.983974358974359031e-01 0.000000000000000000e+00 9.968051118210862205e-01 0.000000000000000000e+00 1.000000000000000000e+00 0.000000000000000000e+00 
2.500146860256791115e-03 9.072638116776943207e-03 0.000000000000000000e+00 1.000000000000000000e+00 9.983974358974359031e-01 0.000000000000000000e+00 9.968051118210862205e-01 0.000000000000000000e+00 1.000000000000000000e+00 0.000000000000000000e+00 
2.534167375415563583e-03 8.945384062826633453e-03 0.000000000000000000e+00 1.000000000000000000e+00 9.983974358974359031e-01 0.000000000000000000e+00 9.968051118210862205e-01 0.000000000000000000e+00 1.000000000000000000e+00 0.000000000000000000e+00 
2.503764815628528595e-03 8.799190632998943329e-03 0.000000000000000000e+00 1.000000000000000000e+00 9.983974358974359031e-01 0.000000000000000000e+00 9.968051118210862205e-01 0.000000000000000000e+00 1.000000000000000000e+00 0.000000000000000000e+00 
2.454417292028665543e-03 8.719834499061107635e-03 0.000000000000000000e+00 1.000000000000000000e+00 9.983974358974359031e-01 0.000000000000000000e+00 9.968051118210862205e-01 0.000000000000000000e+00 1.000000000000000000e+00 0.000000000000000000e+00 
2.378227189183235168e-03 8.616348728537559509e-03 0.000000000000000000e+00 1.000000000000000000e+00 9.983974358974359031e-01 0.000000000000000000e+00 9.968051118210862205e-01 0.000000000000000000e+00 1.000000000000000000e+00 0.000000000000000000e+00 
2.345340792089700699e-03 8.509762585163116455e-03 0.000000000000000000e+00 1.000000000000000000e+00 9.983974358974359031e-01 0.000000000000000000e+00 9.968051118210862205e-01 0.000000000000000000e+00 1.000000000000000000e+00 0.000000000000000000e+00 
2.359869657084345818e-03 8.372089825570583344e-03 0.000000000000000000e+00 1.000000000000000000e+00 9.983974358974359031e-01 0.000000000000000000e+00 9.968051118210862205e-01 0.000000000000000000e+00 1.000000000000000000e+00 0.000000000000000000e+00 
2.249366138130426407e-03 8.330754004418849945e-03 0.000000000000000000e+00 1.000000000000000000e+00 9.983974358974359031e-01 0.000000000000000000e+00 9.968051118210862205e-01 0.000000000000000000e+00 1.000000000000000000e+00 0.000000000000000000e+00 
2.238841028884053230e-03 8.226065896451473236e-03 0.000000000000000000e+00 1.000000000000000000e+00 9.983974358974359031e-01 0.000000000000000000e+00 9.968051118210862205e-01 0.000000000000000000e+00 1.000000000000000000e+00 0.000000000000000000e+00 
2.243685070425271988e-03 8.107645437121391296e-03 0.000000000000000000e+00 1.000000000000000000e+00 9.983974358974359031e-01 0.000000000000000000e+00 9.968051118210862205e-01 0.000000000000000000e+00 1.000000000000000000e+00 0.000000000000000000e+00 
2.145790029317140579e-03 8.062369190156459808e-03 0.000000000000000000e+00 1.000000000000000000e+00 9.983974358974359031e-01 0.000000000000000000e+00 9.968051118210862205e-01 0.000000000000000000e+00 1.000000000000000000e+00 0.000000000000000000e+00 
2.173212356865406036e-03 7.960584014654159546e-03 0.000000000000000000e+00 1.000000000000000000e+00 9.983974358974359031e-01 0.000000000000000000e+00 9.968051118210862205e-01 0.000000000000000000e+00 1.000000000000000000e+00 0.000000000000000000e+00 
2.076796023175120354e-03 7.786601316183805466e-03 0.000000000000000000e+00 1.000000000000000000e+00 9.983974358974359031e-01 0.000000000000000000e+00 9.968051118210862205e-01 0.000000000000000000e+00 1.000000000000000000e+00 0.000000000000000000e+00 
2.156952861696481705e-03 7.693323772400617599e-03 0.000000000000000000e+00 1.000000000000000000e+00 9.983974358974359031e-01 0.000000000000000000e+00 9.968051118210862205e-01 0.000000000000000000e+00 1.000000000000000000e+00 0.000000000000000000e+00 
2.058591227978467941e-03 7.470137905329465866e-03 0.000000000000000000e+00 1.000000000000000000e+00 9.983974358974359031e-01 0.000000000000000000e+00 9.968051118210862205e-01 0.000000000000000000e+00 1.000000000000000000e+00 0.000000000000000000e+00 
2.074766438454389572e-03 7.378552109003067017e-03 0.000000000000000000e+00 1.000000000000000000e+00 9.983974358974359031e-01 0.000000000000000000e+00 9.968051118210862205e-01 0.000000000000000000e+00 1.000000000000000000e+00 0.000000000000000000e+00 
1.973804319277405739e-03 7.384781725704669952e-03 0.000000000000000000e+00 1.000000000000000000e+00 9.983974358974359031e-01 0.000000000000000000e+00 9.968051118210862205e-01 0.000000000000000000e+00 1.000000000000000000e+00 0.000000000000000000e+00 
2.027626847848296165e-03 7.297681178897619247e-03 0.000000000000000000e+00 1.000000000000000000e+00 9.983974358974359031e-01 0.000000000000000000e+00 9.968051118210862205e-01 0.000000000000000000e+00 1.000000000000000000e+00 0.000000000000000000e+00 
1.970607554540038109e-03 7.181398570537567139e-03 0.000000000000000000e+00 1.000000000000000000e+00 9.983974358974359031e-01 0.000000000000000000e+00 9.968051118210862205e-01 0.000000000000000000e+00 1.000000000000000000e+00 0.000000000000000000e+00 
1.936713466420769691e-03 7.045491598546504974e-03 0.000000000000000000e+00 1.000000000000000000e+00 9.983974358974359031e-01 0.000000000000000000e+00 9.968051118210862205e-01 0.000000000000000000e+00 1.000000000000000000e+00 0.000000000000000000e+00 
1.845759921707212925e-03 6.945393048226833344e-03 0.000000000000000000e+00 1.000000000000000000e+00 9.983974358974359031e-01 0.000000000000000000e+00 9.968051118210862205e-01 0.000000000000000000e+00 1.000000000000000000e+00 0.000000000000000000e+00 
1.890398561954498291e-03 6.912408862262964249e-03 0.000000000000000000e+00 1.000000000000000000e+00 9.983974358974359031e-01 0.000000000000000000e+00 9.968051118210862205e-01 0.000000000000000000e+00 1.000000000000000000e+00 0.000000000000000000e+00 
1.907214988023042679e-03 6.921080406755208969e-03 0.000000000000000000e+00 1.000000000000000000e+00 9.983974358974359031e-01 0.000000000000000000e+00 9.968051118210862205e-01 0.000000000000000000e+00 1.000000000000000000e+00 0.000000000000000000e+00 
1.892662490718066692e-03 6.875562481582164764e-03 0.000000000000000000e+00 1.000000000000000000e+00 9.983974358974359031e-01 0.000000000000000000e+00 9.968051118210862205e-01 0.000000000000000000e+00 1.000000000000000000e+00 0.000000000000000000e+00 
1.766096102073788643e-03 6.767279002815485001e-03 0.000000000000000000e+00 1.000000000000000000e+00 9.983974358974359031e-01 0.000000000000000000e+00 9.968051118210862205e-01 0.000000000000000000e+00 1.000000000000000000e+00 0.000000000000000000e+00 
1.786950277164578438e-03 6.669839378446340561e-03 0.000000000000000000e+00 1.000000000000000000e+00 1.000000000000000000e+00 0.000000000000000000e+00 1.000000000000000000e+00 0.000000000000000000e+00 1.000000000000000000e+00 0.000000000000000000e+00 
1.823578495532274246e-03 6.571412086486816406e-03 0.000000000000000000e+00 1.000000000000000000e+00 1.000000000000000000e+00 0.000000000000000000e+00 1.000000000000000000e+00 0.000000000000000000e+00 1.000000000000000000e+00 0.000000000000000000e+00 
1.764743588864803314e-03 6.456981878727674484e-03 0.000000000000000000e+00 1.000000000000000000e+00 1.000000000000000000e+00 0.000000000000000000e+00 1.000000000000000000e+00 0.000000000000000000e+00 1.000000000000000000e+00 0.000000000000000000e+00 
1.728794537484645844e-03 6.402854342013597488e-03 0.000000000000000000e+00 1.000000000000000000e+00 1.000000000000000000e+00 0.000000000000000000e+00 1.000000000000000000e+00 0.000000000000000000e+00 1.000000000000000000e+00 0.000000000000000000e+00 
1.674122526310384274e-03 6.347103044390678406e-03 0.000000000000000000e+00 1.000000000000000000e+00 1.000000000000000000e+00 0.000000000000000000e+00 1.000000000000000000e+00 0.000000000000000000e+00 1.000000000000000000e+00 0.000000000000000000e+00 
1.669710269197821617e-03 6.245744414627552032e-03 0.000000000000000000e+00 1.000000000000000000e+00 1.000000000000000000e+00 0.000000000000000000e+00 1.000000000000000000e+00 0.000000000000000000e+00 1.000000000000000000e+00 0.000000000000000000e+00 
1.622741809114813805e-03 6.162848323583602905e-03 0.000000000000000000e+00 1.000000000000000000e+00 1.000000000000000000e+00 0.000000000000000000e+00 1.000000000000000000e+00 0.000000000000000000e+00 1.000000000000000000e+00 0.000000000000000000e+00 
1.687460346147418022e-03 6.115197669714689255e-03 0.000000000000000000e+00 1.000000000000000000e+00 1.000000000000000000e+00 0.000000000000000000e+00 1.000000000000000000e+00 0.000000000000000000e+00 1.000000000000000000e+00 0.000000000000000000e+00 
1.560839707963168621e-03 6.064669694751501083e-03 0.000000000000000000e+00 1.000000000000000000e+00 1.000000000000000000e+00 0.000000000000000000e+00 1.000000000000000000e+00 0.000000000000000000e+00 1.000000000000000000e+00 0.000000000000000000e+00 
1.556732458993792534e-03 5.983670707792043686e-03 0.000000000000000000e+00 1.000000000000000000e+00 1.000000000000000000e+00 0.000000000000000000e+00 1.000000000000000000e+00 0.000000000000000000e+00 1.000000000000000000e+00 0.000000000000000000e+00 
1.549100736156105995e-03 5.935091525316238403e-03 0.000000000000000000e+00 1.000000000000000000e+00 1.000000000000000000e+00 0.000000000000000000e+00 1.000000000000000000e+00 0.000000000000000000e+00 1.000000000000000000e+00 0.000000000000000000e+00 
1.549246488139033318e-03 5.884862039238214493e-03 0.000000000000000000e+00 1.000000000000000000e+00 1.000000000000000000e+00 0.000000000000000000e+00 1.000000000000000000e+00 0.000000000000000000e+00 1.000000000000000000e+00 0.000000000000000000e+00 
1.519660931080579758e-03 5.800595972687005997e-03 0.000000000000000000e+00 1.000000000000000000e+00 1.000000000000000000e+00 0.000000000000000000e+00 1.000000000000000000e+00 0.000000000000000000e+00 1.000000000000000000e+00 0.000000000000000000e+00 
1.501713064499199390e-03 5.722524598240852356e-03 0.000000000000000000e+00 1.000000000000000000e+00 1.000000000000000000e+00 0.000000000000000000e+00 1.000000000000000000e+00 0.000000000000000000e+00 1.000000000000000000e+00 0.000000000000000000e+00 
1.494663069024682045e-03 5.684515461325645447e-03 0.000000000000000000e+00 1.000000000000000000e+00 1.000000000000000000e+00 0.000000000000000000e+00 1.000000000000000000e+00 0.000000000000000000e+00 1.000000000000000000e+00 0.000000000000000000e+00 
1.483349828049540520e-03 5.664433352649211884e-03 0.000000000000000000e+00 1.000000000000000000e+00 1.000000000000000000e+00 0.000000000000000000e+00 1.000000000000000000e+00 0.000000000000000000e+00 1.000000000000000000e+00 0.000000000000000000e+00 
1.495977398008108139e-03 5.576297175139188766e-03 0.000000000000000000e+00 1.000000000000000000e+00 1.000000000000000000e+00 0.000000000000000000e+00 1.000000000000000000e+00 0.000000000000000000e+00 1.000000000000000000e+00 0.000000000000000000e+00 
1.444662921130657196e-03 5.532993003726005554e-03 0.000000000000000000e+00 1.000000000000000000e+00 1.000000000000000000e+00 0.000000000000000000e+00 1.000000000000000000e+00 0.000000000000000000e+00 1.000000000000000000e+00 0.000000000000000000e+00 
1.458754763007164001e-03 5.493150558322668076e-03 0.000000000000000000e+00 1.000000000000000000e+00 1.000000000000000000e+00 0.000000000000000000e+00 1.000000000000000000e+00 0.000000000000000000e+00 1.000000000000000000e+00 0.000000000000000000e+00 
1.424666494131088257e-03 5.441115703433752060e-03 0.000000000000000000e+00 1.000000000000000000e+00 1.000000000000000000e+00 0.000000000000000000e+00 1.000000000000000000e+00 0.000000000000000000e+00 1.000000000000000000e+00 0.000000000000000000e+00 
1.400720910169184208e-03 5.391520448029041290e-03 0.000000000000000000e+00 1.000000000000000000e+00 1.000000000000000000e+00 0.000000000000000000e+00 1.000000000000000000e+00 0.000000000000000000e+00 1.000000000000000000e+00 0.000000000000000000e+00 
1.396139850839972496e-03 5.363540723919868469e-03 0.000000000000000000e+00 1.000000000000000000e+00 1.000000000000000000e+00 0.000000000000000000e+00 1.000000000000000000e+00 0.000000000000000000e+00 1.000000000000000000e+00 0.000000000000000000e+00 
1.399673521518707275e-03 5.308953579515218735e-03 0.000000000000000000e+00 1.000000000000000000e+00 1.000000000000000000e+00 0.000000000000000000e+00 1.000000000000000000e+00 0.000000000000000000e+00 1.000000000000000000e+00 0.000000000000000000e+00 
1.408275566063821316e-03 5.254656076431274414e-03 0.000000000000000000e+00 1.000000000000000000e+00 1.000000000000000000e+00 0.000000000000000000e+00 1.000000000000000000e+00 0.000000000000000000e+00 1.000000000000000000e+00 0.000000000000000000e+00 
1.327425125055015087e-03 5.195616278797388077e-03 0.000000000000000000e+00 1.000000000000000000e+00 1.000000000000000000e+00 0.000000000000000000e+00 1.000000000000000000e+00 0.000000000000000000e+00 1.000000000000000000e+00 0.000000000000000000e+00 
1.344994409009814262e-03 5.136281717568635941e-03 0.000000000000000000e+00 1.000000000000000000e+00 1.000000000000000000e+00 0.000000000000000000e+00 1.000000000000000000e+00 0.000000000000000000e+00 1.000000000000000000e+00 0.000000000000000000e+00 
1.317715854384005070e-03 5.076216533780097961e-03 0.000000000000000000e+00 1.000000000000000000e+00 1.000000000000000000e+00 0.000000000000000000e+00 1.000000000000000000e+00 0.000000000000000000e+00 1.000000000000000000e+00 0.000000000000000000e+00 
1.306849066168069839e-03 5.036163143813610077e-03 0.000000000000000000e+00 1.000000000000000000e+00 1.000000000000000000e+00 0.000000000000000000e+00 1.000000000000000000e+00 0.000000000000000000e+00 1.000000000000000000e+00 0.000000000000000000e+00 
1.285556703805923462e-03 5.002702120691537857e-03 0.000000000000000000e+00 1.000000000000000000e+00 1.000000000000000000e+00 0.000000000000000000e+00 1.000000000000000000e+00 0.000000000000000000e+00 1.000000000000000000e+00 0.000000000000000000e+00 
1.265839557163417339e-03 4.955292679369449615e-03 0.000000000000000000e+00 1.000000000000000000e+00 1.000000000000000000e+00 0.000000000000000000e+00 1.000000000000000000e+00 0.000000000000000000e+00 1.000000000000000000e+00 0.000000000000000000e+00 
1.272968249395489693e-03 4.922433756291866302e-03 0.000000000000000000e+00 1.000000000000000000e+00 1.000000000000000000e+00 0.000000000000000000e+00 1.000000000000000000e+00 0.000000000000000000e+00 1.000000000000000000e+00 0.000000000000000000e+00 
1.276862109079957008e-03 4.858314525336027145e-03 0.000000000000000000e+00 1.000000000000000000e+00 1.000000000000000000e+00 0.000000000000000000e+00 1.000000000000000000e+00 0.000000000000000000e+00 1.000000000000000000e+00 0.000000000000000000e+00 
1.217873417772352695e-03 4.797297995537519455e-03 0.000000000000000000e+00 1.000000000000000000e+00 1.000000000000000000e+00 0.000000000000000000e+00 1.000000000000000000e+00 0.000000000000000000e+00 1.000000000000000000e+00 0.000000000000000000e+00 
1.256951130926609039e-03 4.742297809571027756e-03 0.000000000000000000e+00 1.000000000000000000e+00 1.000000000000000000e+00 0.000000000000000000e+00 1.000000000000000000e+00 0.000000000000000000e+00 1.000000000000000000e+00 0.000000000000000000e+00 
1.241061720065772533e-03 4.684481304138898849e-03 0.000000000000000000e+00 1.000000000000000000e+00 1.000000000000000000e+00 0.000000000000000000e+00 1.000000000000000000e+00 0.000000000000000000e+00 1.000000000000000000e+00 0.000000000000000000e+00 
1.200038939714431763e-03 4.644295200705528259e-03 0.000000000000000000e+00 1.000000000000000000e+00 1.000000000000000000e+00 0.000000000000000000e+00 1.000000000000000000e+00 0.000000000000000000e+00 1.000000000000000000e+00 0.000000000000000000e+00 
1.199599821120500565e-03 4.616529680788516998e-03 0.000000000000000000e+00 1.000000000000000000e+00 1.000000000000000000e+00 0.000000000000000000e+00 1.000000000000000000e+00 0.000000000000000000e+00 1.000000000000000000e+00 0.000000000000000000e+00 
1.190775656141340733e-03 4.562376067042350769e-03 0.000000000000000000e+00 1.000000000000000000e+00 1.000000000000000000e+00 0.000000000000000000e+00 1.000000000000000000e+00 0.000000000000000000e+00 1.000000000000000000e+00 0.000000000000000000e+00 
1.163361826911568642e-03 4.503734875470399857e-03 0.000000000000000000e+00 1.000000000000000000e+00 1.000000000000000000e+00 0.000000000000000000e+00 1.000000000000000000e+00 0.000000000000000000e+00 1.000000000000000000e+00 0.000000000000000000e+00 
1.151890261098742485e-03 4.469265695661306381e-03 0.000000000000000000e+00 1.000000000000000000e+00 1.000000000000000000e+00 0.000000000000000000e+00 1.000000000000000000e+00 0.000000000000000000e+00 1.000000000000000000e+00 0.000000000000000000e+00 
1.163621898740530014e-03 4.446247592568397522e-03 0.000000000000000000e+00 1.000000000000000000e+00 1.000000000000000000e+00 0.000000000000000000e+00 1.000000000000000000e+00 0.000000000000000000e+00 1.000000000000000000e+00 0.000000000000000000e+00 
1.120671397075057030e-03 4.418204072862863541e-03 0.000000000000000000e+00 1.000000000000000000e+00 1.000000000000000000e+00 0.000000000000000000e+00 1.000000000000000000e+00 0.000000000000000000e+00 1.000000000000000000e+00 0.000000000000000000e+00 
1.167345559224486351e-03 4.378703422844409943e-03 0.000000000000000000e+00 1.000000000000000000e+00 1.000000000000000000e+00 0.000000000000000000e+00 1.000000000000000000e+00 0.000000000000000000e+00 1.000000000000000000e+00 0.000000000000000000e+00 
1.089619472622871399e-03 4.318480379879474640e-03 0.000000000000000000e+00 1.000000000000000000e+00 1.000000000000000000e+00 0.000000000000000000e+00 1.000000000000000000e+00 0.000000000000000000e+00 1.000000000000000000e+00 0.000000000000000000e+00 
1.107426360249519348e-03 4.272030200809240341e-03 0.000000000000000000e+00 1.000000000000000000e+00 1.000000000000000000e+00 0.000000000000000000e+00 1.000000000000000000e+00 0.000000000000000000e+00 1.000000000000000000e+00 0.000000000000000000e+00 
1.099371234886348248e-03 4.231857135891914368e-03 0.000000000000000000e+00 1.000000000000000000e+00 1.000000000000000000e+00 0.000000000000000000e+00 1.000000000000000000e+00 0.000000000000000000e+00 1.000000000000000000e+00 0.000000000000000000e+00 
1.074308645911514759e-03 4.191539250314235687e-03 0.000000000000000000e+00 1.000000000000000000e+00 1.000000000000000000e+00 0.000000000000000000e+00 1.000000000000000000e+00 0.000000000000000000e+00 1.000000000000000000e+00 0.000000000000000000e+00 
1.070235623046755791e-03 4.164452198892831802e-03 0.000000000000000000e+00 1.000000000000000000e+00 1.000000000000000000e+00 0.000000000000000000e+00 1.000000000000000000e+00 0.000000000000000000e+00 1.000000000000000000e+00 0.000000000000000000e+00 
1.050595543347299099e-03 4.134339280426502228e-03 0.000000000000000000e+00 1.000000000000000000e+00 1.000000000000000000e+00 0.000000000000000000e+00 1.000000000000000000e+00 0.000000000000000000e+00 1.000000000000000000e+00 0.000000000000000000e+00 
1.050011953338980675e-03 4.067151807248592377e-03 0.000000000000000000e+00 1.000000000000000000e+00 1.000000000000000000e+00 0.000000000000000000e+00 1.000000000000000000e+00 0.000000000000000000e+00 1.000000000000000000e+00 0.000000000000000000e+00 
1.067608594894409180e-03 4.017008468508720398e-03 0.000000000000000000e+00 1.000000000000000000e+00 1.000000000000000000e+00 0.000000000000000000e+00 1.000000000000000000e+00 0.000000000000000000e+00 1.000000000000000000e+00 0.000000000000000000e+00 
1.054695341736078262e-03 3.987323027104139328e-03 0.000000000000000000e+00 1.000000000000000000e+00 1.000000000000000000e+00 0.000000000000000000e+00 1.000000000000000000e+00 0.000000000000000000e+00 1.000000000000000000e+00 0.000000000000000000e+00 
9.829854825511574745e-04 3.953083418309688568e-03 0.000000000000000000e+00 1.000000000000000000e+00 1.000000000000000000e+00 0.000000000000000000e+00 1.000000000000000000e+00 0.000000000000000000e+00 1.000000000000000000e+00 0.000000000000000000e+00 
1.012785825878381729e-03 3.928404767066240311e-03 0.000000000000000000e+00 1.000000000000000000e+00 1.000000000000000000e+00 0.000000000000000000e+00 1.000000000000000000e+00 0.000000000000000000e+00 1.000000000000000000e+00 0.000000000000000000e+00 
1.000804011709988117e-03 3.896461566910147667e-03 0.000000000000000000e+00 1.000000000000000000e+00 1.000000000000000000e+00 0.000000000000000000e+00 1.000000000000000000e+00 0.000000000000000000e+00 1.000000000000000000e+00 0.000000000000000000e+00 
1.014451496303081512e-03 3.866493469104170799e-03 0.000000000000000000e+00 1.000000000000000000e+00 1.000000000000000000e+00 0.000000000000000000e+00 1.000000000000000000e+00 0.000000000000000000e+00 1.000000000000000000e+00 0.000000000000000000e+00 
9.961054893210530281e-04 3.828141605481505394e-03 0.000000000000000000e+00 1.000000000000000000e+00 1.000000000000000000e+00 0.000000000000000000e+00 1.000000000000000000e+00 0.000000000000000000e+00 1.000000000000000000e+00 0.000000000000000000e+00 
9.747238364070653915e-04 3.787118010222911835e-03 0.000000000000000000e+00 1.000000000000000000e+00 1.000000000000000000e+00 0.000000000000000000e+00 1.000000000000000000e+00 0.000000000000000000e+00 1.000000000000000000e+00 0.000000000000000000e+00 
9.678726783022284508e-04 3.745852038264274597e-03 0.000000000000000000e+00 1.000000000000000000e+00 1.000000000000000000e+00 0.000000000000000000e+00 1.000000000000000000e+00 0.000000000000000000e+00 1.000000000000000000e+00 0.000000000000000000e+00 
9.634447633288800716e-04 3.715669270604848862e-03 0.000000000000000000e+00 1.000000000000000000e+00 1.000000000000000000e+00 0.000000000000000000e+00 1.000000000000000000e+00 0.000000000000000000e+00 1.000000000000000000e+00 0.000000000000000000e+00 
9.866877226158976555e-04 3.685802221298217773e-03 0.000000000000000000e+00 1.000000000000000000e+00 1.000000000000000000e+00 0.000000000000000000e+00 1.000000000000000000e+00 0.000000000000000000e+00 1.000000000000000000e+00 0.000000000000000000e+00 
9.393766522407531738e-04 3.651063190773129463e-03 0.000000000000000000e+00 1.000000000000000000e+00 1.000000000000000000e+00 0.000000000000000000e+00 1.000000000000000000e+00 0.000000000000000000e+00 1.000000000000000000e+00 0.000000000000000000e+00 
9.369230829179286957e-04 3.621417330577969551e-03 0.000000000000000000e+00 1.000000000000000000e+00 1.000000000000000000e+00 0.000000000000000000e+00 1.000000000000000000e+00 0.000000000000000000e+00 1.000000000000000000e+00 0.000000000000000000e+00 
9.167798561975359917e-04 3.592273453250527382e-03 0.000000000000000000e+00 1.000000000000000000e+00 1.000000000000000000e+00 0.000000000000000000e+00 1.000000000000000000e+00 0.000000000000000000e+00 1.000000000000000000e+00 0.000000000000000000e+00 
9.059457224793732166e-04 3.581059398129582405e-03 0.000000000000000000e+00 1.000000000000000000e+00 1.000000000000000000e+00 0.000000000000000000e+00 1.000000000000000000e+00 0.000000000000000000e+00 1.000000000000000000e+00 0.000000000000000000e+00 
8.884750423021614552e-04 3.563636448234319687e-03 0.000000000000000000e+00 1.000000000000000000e+00 1.000000000000000000e+00 0.000000000000000000e+00 1.000000000000000000e+00 0.000000000000000000e+00 1.000000000000000000e+00 0.000000000000000000e+00 
8.885318529792129993e-04 3.531692083925008774e-03 0.000000000000000000e+00 1.000000000000000000e+00 1.000000000000000000e+00 0.000000000000000000e+00 1.000000000000000000e+00 0.000000000000000000e+00 1.000000000000000000e+00 0.000000000000000000e+00 
8.730225381441414356e-04 3.489340888336300850e-03 0.000000000000000000e+00 1.000000000000000000e+00 1.000000000000000000e+00 0.000000000000000000e+00 1.000000000000000000e+00 0.000000000000000000e+00 1.000000000000000000e+00 0.000000000000000000e+00 
8.964329026639461517e-04 3.458278020843863487e-03 0.000000000000000000e+00 1.000000000000000000e+00 1.000000000000000000e+00 0.000000000000000000e+00 1.000000000000000000e+00 0.000000000000000000e+00 1.000000000000000000e+00 0.000000000000000000e+00 
8.644408662803471088e-04 3.423562506213784218e-03 0.000000000000000000e+00 1.000000000000000000e+00 1.000000000000000000e+00 0.000000000000000000e+00 1.000000000000000000e+00 0.000000000000000000e+00 1.000000000000000000e+00 0.000000000000000000e+00 
8.749232511036098003e-04 3.400276415050029755e-03 0.000000000000000000e+00 1.000000000000000000e+00 1.000000000000000000e+00 0.000000000000000000e+00 1.000000000000000000e+00 0.000000000000000000e+00 1.000000000000000000e+00 0.000000000000000000e+00 
8.421881357207894325e-04 3.384886775165796280e-03 0.000000000000000000e+00 1.000000000000000000e+00 1.000000000000000000e+00 0.000000000000000000e+00 1.000000000000000000e+00 0.000000000000000000e+00 1.000000000000000000e+00 0.000000000000000000e+00 
8.765668608248233795e-04 3.371759084984660149e-03 0.000000000000000000e+00 1.000000000000000000e+00 1.000000000000000000e+00 0.000000000000000000e+00 1.000000000000000000e+00 0.000000000000000000e+00 1.000000000000000000e+00 0.000000000000000000e+00 
8.386961417272686958e-04 3.344676923006772995e-03 0.000000000000000000e+00 1.000000000000000000e+00 1.000000000000000000e+00 0.000000000000000000e+00 1.000000000000000000e+00 0.000000000000000000e+00 1.000000000000000000e+00 0.000000000000000000e+00 
8.288111421279609203e-04 3.316264599561691284e-03 0.000000000000000000e+00 1.000000000000000000e+00 1.000000000000000000e+00 0.000000000000000000e+00 1.000000000000000000e+00 0.000000000000000000e+00 1.000000000000000000e+00 0.000000000000000000e+00 
8.278185268864035606e-04 3.282834775745868683e-03 0.000000000000000000e+00 1.000000000000000000e+00 1.000000000000000000e+00 0.000000000000000000e+00 1.000000000000000000e+00 0.000000000000000000e+00 1.000000000000000000e+00 0.000000000000000000e+00 
8.483817800879478455e-04 3.251219401136040688e-03 0.000000000000000000e+00 1.000000000000000000e+00 1.000000000000000000e+00 0.000000000000000000e+00 1.000000000000000000e+00 0.000000000000000000e+00 1.000000000000000000e+00 0.000000000000000000e+00 
8.168902713805437088e-04 3.217483637854456902e-03 0.000000000000000000e+00 1.000000000000000000e+00 1.000000000000000000e+00 0.000000000000000000e+00 1.000000000000000000e+00 0.000000000000000000e+00 1.000000000000000000e+00 0.000000000000000000e+00 
8.713988354429602623e-04 3.181082662194967270e-03 0.000000000000000000e+00 1.000000000000000000e+00 1.000000000000000000e+00 0.000000000000000000e+00 1.000000000000000000e+00 0.000000000000000000e+00 1.000000000000000000e+00 0.000000000000000000e+00 
8.037310326471924782e-04 3.150698728859424591e-03 0.000000000000000000e+00 1.000000000000000000e+00 1.000000000000000000e+00 0.000000000000000000e+00 1.000000000000000000e+00 0.000000000000000000e+00 1.000000000000000000e+00 0.000000000000000000e+00 
8.055433281697332859e-04 3.128265263512730598e-03 0.000000000000000000e+00 1.000000000000000000e+00 1.000000000000000000e+00 0.000000000000000000e+00 1.000000000000000000e+00 0.000000000000000000e+00 1.000000000000000000e+00 0.000000000000000000e+00 
7.984446128830313683e-04 3.110849531367421150e-03 0.000000000000000000e+00 1.000000000000000000e+00 1.000000000000000000e+00 0.000000000000000000e+00 1.000000000000000000e+00 0.000000000000000000e+00 1.000000000000000000e+00 0.000000000000000000e+00 
7.952769519761204720e-04 3.089344361796975136e-03 0.000000000000000000e+00 1.000000000000000000e+00 1.000000000000000000e+00 0.000000000000000000e+00 1.000000000000000000e+00 0.000000000000000000e+00 1.000000000000000000e+00 0.000000000000000000e+00 
7.782469037920236588e-04 3.050789004191756248e-03 0.000000000000000000e+00 1.000000000000000000e+00 1.000000000000000000e+00 0.000000000000000000e+00 1.000000000000000000e+00 0.000000000000000000e+00 1.000000000000000000e+00 0.000000000000000000e+00 
7.687520119361579418e-04 3.013806883245706558e-03 0.000000000000000000e+00 1.000000000000000000e+00 1.000000000000000000e+00 0.000000000000000000e+00 1.000000000000000000e+00 0.000000000000000000e+00 1.000000000000000000e+00 0.000000000000000000e+00 
