1.395047307014465332e+00 1.273443341255187988e+00 0.000000000000000000e+00 5.000000000000000000e-01 5.000000000000000000e-01 0.000000000000000000e+00 5.000000000000000000e-01 0.000000000000000000e+00 0.000000000000000000e+00 0.000000000000000000e+00 
6.932797431945800781e-01 6.932026147842407227e-01 0.000000000000000000e+00 5.000000000000000000e-01 5.096153846153845812e-01 0.000000000000000000e+00 8.750000000000000000e-01 0.000000000000000000e+00 5.048701298701299134e-01 0.000000000000000000e+00 
6.863332986831665039e-01 6.885929703712463379e-01 0.000000000000000000e+00 5.937500000000000000e-01 5.849358974358974672e-01 0.000000000000000000e+00 6.157205240174672412e-01 0.000000000000000000e+00 5.670886075949367333e-01 0.000000000000000000e+00 
6.792265772819519043e-01 6.857432723045349121e-01 0.000000000000000000e+00 7.187500000000000000e-01 5.817307692307692735e-01 0.000000000000000000e+00 5.779816513761467656e-01 0.000000000000000000e+00 5.858585858585858563e-01 0.000000000000000000e+00 
6.398004293441772461e-01 6.672975420951843262e-01 0.000000000000000000e+00 7.812500000000000000e-01 6.201923076923077094e-01 0.000000000000000000e+00 5.979112271540469870e-01 0.000000000000000000e+00 6.556016597510373467e-01 0.000000000000000000e+00 
3.241757154464721680e-01 6.226745247840881348e-01 0.000000000000000000e+00 8.750000000000000000e-01 7.099358974358974672e-01 0.000000000000000000e+00 7.434944237918215126e-01 0.000000000000000000e+00 6.845070422535211030e-01 0.000000000000000000e+00 
4.606029018759727478e-02 7.095075845718383789e-01 0.000000000000000000e+00 1.000000000000000000e+00 7.291666666666666297e-01 0.000000000000000000e+00 6.906666666666666510e-01 0.000000000000000000e+00 7.871485943775100580e-01 0.000000000000000000e+00 
1.582253351807594299e-02 7.106388211250305176e-01 0.000000000000000000e+00 1.000000000000000000e+00 7.580128205128204844e-01 0.000000000000000000e+00 7.692307692307692735e-01 0.000000000000000000e+00 7.476923076923076561e-01 0.000000000000000000e+00 
1.155186630785465240e-02 7.616739869117736816e-01 0.000000000000000000e+00 1.000000000000000000e+00 7.564102564102563875e-01 0.000000000000000000e+00 7.298850574712644201e-01 0.000000000000000000e+00 7.898550724637680709e-01 0.000000000000000000e+00 
8.253479376435279846e-03 7.887524962425231934e-01 0.000000000000000000e+00 1.000000000000000000e+00 7.628205128205127750e-01 0.000000000000000000e+00 7.342857142857143193e-01 0.000000000000000000e+00 7.992700729927006975e-01 0.000000000000000000e+00 
7.306957151740789413e-03 8.411245346069335938e-01 0.000000000000000000e+00 1.000000000000000000e+00 7.580128205128204844e-01 0.000000000000000000e+00 7.217630853994490003e-01 0.000000000000000000e+00 8.084291187739464091e-01 0.000000000000000000e+00 
5.930481478571891785e-03 8.161959052085876465e-01 0.000000000000000000e+00 1.000000000000000000e+00 7.724358974358974672e-01 0.000000000000000000e+00 7.777777777777777901e-01 0.000000000000000000e+00 7.672955974842767812e-01 0.000000000000000000e+00 
3.764018882066011429e-03 8.375424146652221680e-01 0.000000000000000000e+00 1.000000000000000000e+00 7.756410256410256610e-01 0.000000000000000000e+00 7.885906040268456652e-01 0.000000000000000000e+00 7.638036809815951234e-01 0.000000000000000000e+00 
4.151401109993457794e-03 8.561651706695556641e-01 0.000000000000000000e+00 1.000000000000000000e+00 7.772435897435897578e-01 0.000000000000000000e+00 7.912457912457911968e-01 0.000000000000000000e+00 7.645259938837920544e-01 0.000000000000000000e+00 
3.169469535350799561e-03 8.735887408256530762e-01 0.000000000000000000e+00 1.000000000000000000e+00 7.676282051282051766e-01 0.000000000000000000e+00 7.601246105919002849e-01 0.000000000000000000e+00 7.755775577557755263e-01 0.000000000000000000e+00 
3.114203689619898796e-03 8.982188105583190918e-01 0.000000000000000000e+00 1.000000000000000000e+00 7.788461538461538547e-01 0.000000000000000000e+00 8.000000000000000444e-01 0.000000000000000000e+00 7.604790419161676640e-01 0.000000000000000000e+00 
2.191247232258319855e-02 1.412391901016235352e+00 0.000000000000000000e+00 1.000000000000000000e+00 6.810897435897436125e-01 0.000000000000000000e+00 8.791946308724831738e-01 0.000000000000000000e+00 6.189473684210525795e-01 0.000000000000000000e+00 
2.083123195916414261e-03 9.093258380889892578e-01 0.000000000000000000e+00 1.000000000000000000e+00 7.756410256410256610e-01 0.000000000000000000e+00 8.093525179856114748e-01 0.000000000000000000e+00 7.485549132947977302e-01 0.000000000000000000e+00 
1.809077686630189419e-03 9.166122078895568848e-01 0.000000000000000000e+00 1.000000000000000000e+00 7.740384615384615641e-01 0.000000000000000000e+00 8.064516129032257563e-01 0.000000000000000000e+00 7.478260869565217517e-01 0.000000000000000000e+00 
2.051616553217172623e-03 1.025653123855590820e+00 0.000000000000000000e+00 1.000000000000000000e+00 7.644230769230768718e-01 0.000000000000000000e+00 7.120822622107969568e-01 0.000000000000000000e+00 8.510638297872340496e-01 0.000000000000000000e+00 
1.607727026566863060e-03 9.336532354354858398e-01 0.000000000000000000e+00 1.000000000000000000e+00 7.692307692307692735e-01 0.000000000000000000e+00 7.709677419354838968e-01 0.000000000000000000e+00 7.675159235668790325e-01 0.000000000000000000e+00 
1.545531558804214001e-03 9.493220448493957520e-01 0.000000000000000000e+00 1.000000000000000000e+00 7.756410256410256610e-01 0.000000000000000000e+00 7.925170068027210801e-01 0.000000000000000000e+00 7.606060606060606188e-01 0.000000000000000000e+00 
1.557761570438742638e-03 9.549742341041564941e-01 0.000000000000000000e+00 1.000000000000000000e+00 7.804487179487179516e-01 0.000000000000000000e+00 7.926421404682274519e-01 0.000000000000000000e+00 7.692307692307692735e-01 0.000000000000000000e+00 
1.364410156384110451e-03 9.607935547828674316e-01 0.000000000000000000e+00 1.000000000000000000e+00 7.756410256410256610e-01 0.000000000000000000e+00 7.810457516339869288e-01 0.000000000000000000e+00 7.704402515723270950e-01 0.000000000000000000e+00 
1.250262139365077019e-03 9.698300361633300781e-01 0.000000000000000000e+00 1.000000000000000000e+00 7.788461538461538547e-01 0.000000000000000000e+00 7.861842105263158187e-01 0.000000000000000000e+00 7.718749999999999778e-01 0.000000000000000000e+00 
1.242789672687649727e-03 9.774774312973022461e-01 0.000000000000000000e+00 1.000000000000000000e+00 7.772435897435897578e-01 0.000000000000000000e+00 7.836065573770492065e-01 0.000000000000000000e+00 7.711598746081504974e-01 0.000000000000000000e+00 
1.161226187832653522e-03 9.852618575096130371e-01 0.000000000000000000e+00 1.000000000000000000e+00 7.756410256410256610e-01 0.000000000000000000e+00 7.810457516339869288e-01 0.000000000000000000e+00 7.704402515723270950e-01 0.000000000000000000e+00 
1.159896608442068100e-03 9.925999641418457031e-01 0.000000000000000000e+00 1.000000000000000000e+00 7.756410256410256610e-01 0.000000000000000000e+00 7.792207792207792583e-01 0.000000000000000000e+00 7.721518987341772222e-01 0.000000000000000000e+00 
1.032134052366018295e-03 1.000774502754211426e+00 0.000000000000000000e+00 1.000000000000000000e+00 7.804487179487179516e-01 0.000000000000000000e+00 7.868852459016393297e-01 0.000000000000000000e+00 7.742946708463950278e-01 0.000000000000000000e+00 
1.018508337438106537e-03 1.009041190147399902e+00 0.000000000000000000e+00 1.000000000000000000e+00 7.788461538461538547e-01 0.000000000000000000e+00 7.880794701986755246e-01 0.000000000000000000e+00 7.701863354037267184e-01 0.000000000000000000e+00 
9.538755984976887703e-04 1.015701413154602051e+00 0.000000000000000000e+00 1.000000000000000000e+00 7.804487179487179516e-01 0.000000000000000000e+00 7.868852459016393297e-01 0.000000000000000000e+00 7.742946708463950278e-01 0.000000000000000000e+00 
9.039590950123965740e-04 1.022426724433898926e+00 0.000000000000000000e+00 1.000000000000000000e+00 7.804487179487179516e-01 0.000000000000000000e+00 7.868852459016393297e-01 0.000000000000000000e+00 7.742946708463950278e-01 0.000000000000000000e+00 
8.973168442025780678e-04 1.029180884361267090e+00 0.000000000000000000e+00 1.000000000000000000e+00 7.804487179487179516e-01 0.000000000000000000e+00 7.868852459016393297e-01 0.000000000000000000e+00 7.742946708463950278e-01 0.000000000000000000e+00 
8.695576689206063747e-04 1.086543083190917969e+00 0.000000000000000000e+00 1.000000000000000000e+00 7.756410256410256610e-01 0.000000000000000000e+00 7.324324324324323898e-01 0.000000000000000000e+00 8.385826771653542844e-01 0.000000000000000000e+00 
8.081541163846850395e-04 1.054527640342712402e+00 0.000000000000000000e+00 1.000000000000000000e+00 7.756410256410256610e-01 0.000000000000000000e+00 7.500000000000000000e-01 0.000000000000000000e+00 8.071428571428571619e-01 0.000000000000000000e+00 
7.730161887593567371e-04 1.049933075904846191e+00 0.000000000000000000e+00 1.000000000000000000e+00 7.740384615384615641e-01 0.000000000000000000e+00 7.552238805970149516e-01 0.000000000000000000e+00 7.958477508650518839e-01 0.000000000000000000e+00 
7.096125045791268349e-04 1.052772879600524902e+00 0.000000000000000000e+00 1.000000000000000000e+00 7.756410256410256610e-01 0.000000000000000000e+00 7.654320987654320563e-01 0.000000000000000000e+00 7.866666666666666252e-01 0.000000000000000000e+00 
7.113110623322427273e-04 1.058623552322387695e+00 0.000000000000000000e+00 1.000000000000000000e+00 7.724358974358974672e-01 0.000000000000000000e+00 7.639751552795031042e-01 0.000000000000000000e+00 7.814569536423841001e-01 0.000000000000000000e+00 
6.690712179988622665e-04 1.064265966415405273e+00 0.000000000000000000e+00 1.000000000000000000e+00 7.724358974358974672e-01 0.000000000000000000e+00 7.672955974842767812e-01 0.000000000000000000e+00 7.777777777777777901e-01 0.000000000000000000e+00 
6.393193616531789303e-04 1.071354985237121582e+00 0.000000000000000000e+00 1.000000000000000000e+00 7.740384615384615641e-01 0.000000000000000000e+00 7.630769230769230971e-01 0.000000000000000000e+00 7.859531772575251152e-01 0.000000000000000000e+00 
1.046326826326549053e-03 1.581169128417968750e+00 0.000000000000000000e+00 1.000000000000000000e+00 7.131410256410256610e-01 0.000000000000000000e+00 6.423982869379014637e-01 0.000000000000000000e+00 9.235668789808917367e-01 0.000000000000000000e+00 
6.002519512549042702e-04 1.033359050750732422e+00 0.000000000000000000e+00 1.000000000000000000e+00 7.900641025641025328e-01 0.000000000000000000e+00 8.006644518272425515e-01 0.000000000000000000e+00 7.801857585139319040e-01 0.000000000000000000e+00 
5.593426758423447609e-04 1.042001843452453613e+00 0.000000000000000000e+00 1.000000000000000000e+00 7.868589743589743390e-01 0.000000000000000000e+00 7.993311036789297885e-01 0.000000000000000000e+00 7.753846153846153388e-01 0.000000000000000000e+00 
6.402927683666348457e-04 1.216806650161743164e+00 0.000000000000000000e+00 1.000000000000000000e+00 7.676282051282051766e-01 0.000000000000000000e+00 7.061728395061728225e-01 0.000000000000000000e+00 8.812785388127853947e-01 0.000000000000000000e+00 
8.570626378059387207e-04 1.036208033561706543e+00 0.000000000000000000e+00 1.000000000000000000e+00 8.028846153846154188e-01 0.000000000000000000e+00 7.771260997067448439e-01 0.000000000000000000e+00 8.339222614840989811e-01 0.000000000000000000e+00 
5.448334850370883942e-04 1.037253975868225098e+00 0.000000000000000000e+00 1.000000000000000000e+00 7.980769230769231282e-01 0.000000000000000000e+00 7.767857142857143016e-01 0.000000000000000000e+00 8.229166666666666297e-01 0.000000000000000000e+00 
5.265758372843265533e-04 1.041981101036071777e+00 0.000000000000000000e+00 1.000000000000000000e+00 7.996794871794872250e-01 0.000000000000000000e+00 7.791044776119403492e-01 0.000000000000000000e+00 8.235294117647058432e-01 0.000000000000000000e+00 
4.925704561173915863e-04 1.047135949134826660e+00 0.000000000000000000e+00 1.000000000000000000e+00 7.996794871794872250e-01 0.000000000000000000e+00 7.791044776119403492e-01 0.000000000000000000e+00 8.235294117647058432e-01 0.000000000000000000e+00 
5.333726876415312290e-04 1.189973950386047363e+00 0.000000000000000000e+00 1.000000000000000000e+00 7.772435897435897578e-01 0.000000000000000000e+00 7.178841309823678074e-01 0.000000000000000000e+00 8.810572687224669242e-01 0.000000000000000000e+00 
7.466430775821208954e-03 1.318517088890075684e+00 0.000000000000000000e+00 1.000000000000000000e+00 7.516025641025640969e-01 0.000000000000000000e+00 6.764044943820224365e-01 0.000000000000000000e+00 9.385474860335195624e-01 0.000000000000000000e+00 
5.389373982325196266e-04 9.484916329383850098e-01 0.000000000000000000e+00 1.000000000000000000e+00 8.157051282051281937e-01 0.000000000000000000e+00 7.743732590529247561e-01 0.000000000000000000e+00 8.716981132075471983e-01 0.000000000000000000e+00 
5.350034916773438454e-04 9.415949583053588867e-01 0.000000000000000000e+00 1.000000000000000000e+00 8.157051282051281937e-01 0.000000000000000000e+00 7.822349570200572977e-01 0.000000000000000000e+00 8.581818181818181568e-01 0.000000000000000000e+00 
4.872379067819565535e-04 9.401249885559082031e-01 0.000000000000000000e+00 1.000000000000000000e+00 8.173076923076922906e-01 0.000000000000000000e+00 7.911764705882352589e-01 0.000000000000000000e+00 8.485915492957746276e-01 0.000000000000000000e+00 
4.615965881384909153e-04 9.415911436080932617e-01 0.000000000000000000e+00 1.000000000000000000e+00 8.173076923076922906e-01 0.000000000000000000e+00 7.928994082840237212e-01 0.000000000000000000e+00 8.461538461538461453e-01 0.000000000000000000e+00 
4.623805871233344078e-04 9.436268210411071777e-01 0.000000000000000000e+00 1.000000000000000000e+00 8.157051282051281937e-01 0.000000000000000000e+00 7.922848664688427744e-01 0.000000000000000000e+00 8.432055749128919420e-01 0.000000000000000000e+00 
4.384934436529874802e-04 9.454699754714965820e-01 0.000000000000000000e+00 1.000000000000000000e+00 8.157051282051281937e-01 0.000000000000000000e+00 7.922848664688427744e-01 0.000000000000000000e+00 8.432055749128919420e-01 0.000000000000000000e+00 
4.334785626269876957e-04 9.479920864105224609e-01 0.000000000000000000e+00 1.000000000000000000e+00 8.141025641025640969e-01 0.000000000000000000e+00 7.916666666666666297e-01 0.000000000000000000e+00 8.402777777777777901e-01 0.000000000000000000e+00 
4.188196326140314341e-04 9.506949782371520996e-01 0.000000000000000000e+00 1.000000000000000000e+00 8.108974358974359031e-01 0.000000000000000000e+00 7.904191616766467199e-01 0.000000000000000000e+00 8.344827586206896575e-01 0.000000000000000000e+00 
4.143057449255138636e-04 9.535148143768310547e-01 0.000000000000000000e+00 1.000000000000000000e+00 8.125000000000000000e-01 0.000000000000000000e+00 7.927927927927927998e-01 0.000000000000000000e+00 8.350515463917526082e-01 0.000000000000000000e+00 
3.981954359915107489e-04 9.564023017883300781e-01 0.000000000000000000e+00 1.000000000000000000e+00 8.108974358974359031e-01 0.000000000000000000e+00 7.921686746987951500e-01 0.000000000000000000e+00 8.321917808219178037e-01 0.000000000000000000e+00 
3.922372998204082251e-04 9.593890309333801270e-01 0.000000000000000000e+00 1.000000000000000000e+00 8.125000000000000000e-01 0.000000000000000000e+00 7.945619335347432477e-01 0.000000000000000000e+00 8.327645051194538794e-01 0.000000000000000000e+00 
3.780097176786512136e-04 9.624163508415222168e-01 0.000000000000000000e+00 1.000000000000000000e+00 8.125000000000000000e-01 0.000000000000000000e+00 7.945619335347432477e-01 0.000000000000000000e+00 8.327645051194538794e-01 0.000000000000000000e+00 
3.847072948701679707e-04 9.654969573020935059e-01 0.000000000000000000e+00 1.000000000000000000e+00 8.125000000000000000e-01 0.000000000000000000e+00 7.945619335347432477e-01 0.000000000000000000e+00 8.327645051194538794e-01 0.000000000000000000e+00 
3.806049644481390715e-04 9.697535634040832520e-01 0.000000000000000000e+00 1.000000000000000000e+00 8.141025641025640969e-01 0.000000000000000000e+00 7.934131736526945922e-01 0.000000000000000000e+00 8.379310344827586299e-01 0.000000000000000000e+00 
3.594343143049627542e-04 9.730829000473022461e-01 0.000000000000000000e+00 1.000000000000000000e+00 8.141025641025640969e-01 0.000000000000000000e+00 7.934131736526945922e-01 0.000000000000000000e+00 8.379310344827586299e-01 0.000000000000000000e+00 
3.612401196733117104e-04 9.758997559547424316e-01 0.000000000000000000e+00 1.000000000000000000e+00 8.141025641025640969e-01 0.000000000000000000e+00 7.934131736526945922e-01 0.000000000000000000e+00 8.379310344827586299e-01 0.000000000000000000e+00 
3.700281376950442791e-04 9.788262844085693359e-01 0.000000000000000000e+00 1.000000000000000000e+00 8.125000000000000000e-01 0.000000000000000000e+00 7.927927927927927998e-01 0.000000000000000000e+00 8.350515463917526082e-01 0.000000000000000000e+00 
3.235197218600660563e-04 9.817788600921630859e-01 0.000000000000000000e+00 1.000000000000000000e+00 8.125000000000000000e-01 0.000000000000000000e+00 7.927927927927927998e-01 0.000000000000000000e+00 8.350515463917526082e-01 0.000000000000000000e+00 
3.228747518733143806e-04 9.846662878990173340e-01 0.000000000000000000e+00 1.000000000000000000e+00 8.108974358974359031e-01 0.000000000000000000e+00 7.921686746987951500e-01 0.000000000000000000e+00 8.321917808219178037e-01 0.000000000000000000e+00 
3.365512820892035961e-04 9.875477552413940430e-01 0.000000000000000000e+00 1.000000000000000000e+00 8.125000000000000000e-01 0.000000000000000000e+00 7.945619335347432477e-01 0.000000000000000000e+00 8.327645051194538794e-01 0.000000000000000000e+00 
3.219494246877729893e-04 9.906138777732849121e-01 0.000000000000000000e+00 1.000000000000000000e+00 8.125000000000000000e-01 0.000000000000000000e+00 7.945619335347432477e-01 0.000000000000000000e+00 8.327645051194538794e-01 0.000000000000000000e+00 
3.234114556107670069e-04 9.934613108634948730e-01 0.000000000000000000e+00 1.000000000000000000e+00 8.125000000000000000e-01 0.000000000000000000e+00 7.945619335347432477e-01 0.000000000000000000e+00 8.327645051194538794e-01 0.000000000000000000e+00 
3.133025020360946655e-04 9.965034127235412598e-01 0.000000000000000000e+00 1.000000000000000000e+00 8.125000000000000000e-01 0.000000000000000000e+00 7.945619335347432477e-01 0.000000000000000000e+00 8.327645051194538794e-01 0.000000000000000000e+00 
2.909948234446346760e-04 9.995301365852355957e-01 0.000000000000000000e+00 1.000000000000000000e+00 8.125000000000000000e-01 0.000000000000000000e+00 7.945619335347432477e-01 0.000000000000000000e+00 8.327645051194538794e-01 0.000000000000000000e+00 
3.087910008616745472e-04 1.002469062805175781e+00 0.000000000000000000e+00 1.000000000000000000e+00 8.125000000000000000e-01 0.000000000000000000e+00 7.945619335347432477e-01 0.000000000000000000e+00 8.327645051194538794e-01 0.000000000000000000e+00 
2.857974322978407145e-04 1.005410552024841309e+00 0.000000000000000000e+00 1.000000000000000000e+00 8.125000000000000000e-01 0.000000000000000000e+00 7.945619335347432477e-01 0.000000000000000000e+00 8.327645051194538794e-01 0.000000000000000000e+00 
2.768044068943709135e-04 1.008440256118774414e+00 0.000000000000000000e+00 1.000000000000000000e+00 8.125000000000000000e-01 0.000000000000000000e+00 7.945619335347432477e-01 0.000000000000000000e+00 8.327645051194538794e-01 0.000000000000000000e+00 
2.843155525624752045e-04 1.011364936828613281e+00 0.000000000000000000e+00 1.000000000000000000e+00 8.125000000000000000e-01 0.000000000000000000e+00 7.945619335347432477e-01 0.000000000000000000e+00 8.327645051194538794e-01 0.000000000000000000e+00 
2.696708543226122856e-04 1.014372467994689941e+00 0.000000000000000000e+00 1.000000000000000000e+00 8.125000000000000000e-01 0.000000000000000000e+00 7.945619335347432477e-01 0.000000000000000000e+00 8.327645051194538794e-01 0.000000000000000000e+00 
2.724923251662403345e-04 1.017253637313842773e+00 0.000000000000000000e+00 1.000000000000000000e+00 8.125000000000000000e-01 0.000000000000000000e+00 7.945619335347432477e-01 0.000000000000000000e+00 8.327645051194538794e-01 0.000000000000000000e+00 
2.647698565851897001e-04 1.020074129104614258e+00 0.000000000000000000e+00 1.000000000000000000e+00 8.125000000000000000e-01 0.000000000000000000e+00 7.945619335347432477e-01 0.000000000000000000e+00 8.327645051194538794e-01 0.000000000000000000e+00 
2.583438763394951820e-04 1.023056507110595703e+00 0.000000000000000000e+00 1.000000000000000000e+00 8.125000000000000000e-01 0.000000000000000000e+00 7.945619335347432477e-01 0.000000000000000000e+00 8.327645051194538794e-01 0.000000000000000000e+00 
2.571461664047092199e-04 1.026036620140075684e+00 0.000000000000000000e+00 1.000000000000000000e+00 8.125000000000000000e-01 0.000000000000000000e+00 7.945619335347432477e-01 0.000000000000000000e+00 8.327645051194538794e-01 0.000000000000000000e+00 
2.464417775627225637e-04 1.028997778892517090e+00 0.000000000000000000e+00 1.000000000000000000e+00 8.125000000000000000e-01 0.000000000000000000e+00 7.945619335347432477e-01 0.000000000000000000e+00 8.327645051194538794e-01 0.000000000000000000e+00 
2.493017527740448713e-04 1.031868219375610352e+00 0.000000000000000000e+00 1.000000000000000000e+00 8.125000000000000000e-01 0.000000000000000000e+00 7.945619335347432477e-01 0.000000000000000000e+00 8.327645051194538794e-01 0.000000000000000000e+00 
2.296937745995819569e-04 1.034749031066894531e+00 0.000000000000000000e+00 1.000000000000000000e+00 8.125000000000000000e-01 0.000000000000000000e+00 7.945619335347432477e-01 0.000000000000000000e+00 8.327645051194538794e-01 0.000000000000000000e+00 
2.408569707768037915e-04 1.037640333175659180e+00 0.000000000000000000e+00 1.000000000000000000e+00 8.125000000000000000e-01 0.000000000000000000e+00 7.945619335347432477e-01 0.000000000000000000e+00 8.327645051194538794e-01 0.000000000000000000e+00 
2.251966216135770082e-04 1.040613055229187012e+00 0.000000000000000000e+00 1.000000000000000000e+00 8.125000000000000000e-01 0.000000000000000000e+00 7.945619335347432477e-01 0.000000000000000000e+00 8.327645051194538794e-01 0.000000000000000000e+00 
2.262566122226417065e-04 1.043442726135253906e+00 0.000000000000000000e+00 1.000000000000000000e+00 8.125000000000000000e-01 0.000000000000000000e+00 7.945619335347432477e-01 0.000000000000000000e+00 8.327645051194538794e-01 0.000000000000000000e+00 
2.183758770115673542e-04 1.046231150627136230e+00 0.000000000000000000e+00 1.000000000000000000e+00 8.125000000000000000e-01 0.000000000000000000e+00 7.945619335347432477e-01 0.000000000000000000e+00 8.327645051194538794e-01 0.000000000000000000e+00 
2.180847804993391037e-04 1.049197673797607422e+00 0.000000000000000000e+00 1.000000000000000000e+00 8.125000000000000000e-01 0.000000000000000000e+00 7.945619335347432477e-01 0.000000000000000000e+00 8.327645051194538794e-01 0.000000000000000000e+00 
2.215266285929828882e-04 1.051953673362731934e+00 0.000000000000000000e+00 1.000000000000000000e+00 8.125000000000000000e-01 0.000000000000000000e+00 7.945619335347432477e-01 0.000000000000000000e+00 8.327645051194538794e-01 0.000000000000000000e+00 
2.080784761346876621e-04 1.054724693298339844e+00 0.000000000000000000e+00 1.000000000000000000e+00 8.125000000000000000e-01 0.000000000000000000e+00 7.945619335347432477e-01 0.000000000000000000e+00 8.327645051194538794e-01 0.000000000000000000e+00 
2.086226886603981256e-04 1.057477116584777832e+00 0.000000000000000000e+00 1.000000000000000000e+00 8.125000000000000000e-01 0.000000000000000000e+00 7.945619335347432477e-01 0.000000000000000000e+00 8.327645051194538794e-01 0.000000000000000000e+00 
2.091779315378516912e-04 1.060252070426940918e+00 0.000000000000000000e+00 1.000000000000000000e+00 8.125000000000000000e-01 0.000000000000000000e+00 7.945619335347432477e-01 0.000000000000000000e+00 8.327645051194538794e-01 0.000000000000000000e+00 
2.055413351627066731e-04 1.062951087951660156e+00 0.000000000000000000e+00 1.000000000000000000e+00 8.125000000000000000e-01 0.000000000000000000e+00 7.945619335347432477e-01 0.000000000000000000e+00 8.327645051194538794e-01 0.000000000000000000e+00 
1.980162051040679216e-04 1.065715670585632324e+00 0.000000000000000000e+00 1.000000000000000000e+00 8.125000000000000000e-01 0.000000000000000000e+00 7.945619335347432477e-01 0.000000000000000000e+00 8.327645051194538794e-01 0.000000000000000000e+00 
1.880545169115066528e-04 1.068486213684082031e+00 0.000000000000000000e+00 1.000000000000000000e+00 8.125000000000000000e-01 0.000000000000000000e+00 7.945619335347432477e-01 0.000000000000000000e+00 8.327645051194538794e-01 0.000000000000000000e+00 
1.979554799618199468e-04 1.071198463439941406e+00 0.000000000000000000e+00 1.000000000000000000e+00 8.125000000000000000e-01 0.000000000000000000e+00 7.945619335347432477e-01 0.000000000000000000e+00 8.327645051194538794e-01 0.000000000000000000e+00 
1.858840405475348234e-04 1.074106335639953613e+00 0.000000000000000000e+00 1.000000000000000000e+00 8.125000000000000000e-01 0.000000000000000000e+00 7.945619335347432477e-01 0.000000000000000000e+00 8.327645051194538794e-01 0.000000000000000000e+00 
1.844178477767854929e-04 1.076746582984924316e+00 0.000000000000000000e+00 1.000000000000000000e+00 8.125000000000000000e-01 0.000000000000000000e+00 7.945619335347432477e-01 0.000000000000000000e+00 8.327645051194538794e-01 0.000000000000000000e+00 
1.830447872634977102e-04 1.079580664634704590e+00 0.000000000000000000e+00 1.000000000000000000e+00 8.125000000000000000e-01 0.000000000000000000e+00 7.945619335347432477e-01 0.000000000000000000e+00 8.327645051194538794e-01 0.000000000000000000e+00 
1.606988953426480293e-04 1.095693111419677734e+00 0.000000000000000000e+00 1.000000000000000000e+00 8.125000000000000000e-01 0.000000000000000000e+00 7.945619335347432477e-01 0.000000000000000000e+00 8.327645051194538794e-01 0.000000000000000000e+00 
1.551417226437479258e-04 1.105178117752075195e+00 0.000000000000000000e+00 1.000000000000000000e+00 8.108974358974359031e-01 0.000000000000000000e+00 7.939393939393939448e-01 0.000000000000000000e+00 8.299319727891156795e-01 0.000000000000000000e+00 
1.852144778240472078e-04 1.111479997634887695e+00 0.000000000000000000e+00 1.000000000000000000e+00 8.108974358974359031e-01 0.000000000000000000e+00 7.939393939393939448e-01 0.000000000000000000e+00 8.299319727891156795e-01 0.000000000000000000e+00 
5.003464757464826107e-04 1.116352677345275879e+00 0.000000000000000000e+00 1.000000000000000000e+00 8.108974358974359031e-01 0.000000000000000000e+00 7.939393939393939448e-01 0.000000000000000000e+00 8.299319727891156795e-01 0.000000000000000000e+00 
1.342149480478838086e-04 1.122554183006286621e+00 0.000000000000000000e+00 1.000000000000000000e+00 8.157051282051281937e-01 0.000000000000000000e+00 8.049535603715169962e-01 0.000000000000000000e+00 8.272425249169435002e-01 0.000000000000000000e+00 
1.303792669204995036e-04 1.125819683074951172e+00 0.000000000000000000e+00 1.000000000000000000e+00 8.125000000000000000e-01 0.000000000000000000e+00 8.000000000000000444e-01 0.000000000000000000e+00 8.260869565217391353e-01 0.000000000000000000e+00 
1.325867488048970699e-04 1.128843903541564941e+00 0.000000000000000000e+00 1.000000000000000000e+00 8.108974358974359031e-01 0.000000000000000000e+00 7.975460122699385979e-01 0.000000000000000000e+00 8.255033557046980164e-01 0.000000000000000000e+00 
1.314060064032673836e-04 1.131774187088012695e+00 0.000000000000000000e+00 1.000000000000000000e+00 8.108974358974359031e-01 0.000000000000000000e+00 7.975460122699385979e-01 0.000000000000000000e+00 8.255033557046980164e-01 0.000000000000000000e+00 
1.239074626937508583e-04 1.134449720382690430e+00 0.000000000000000000e+00 1.000000000000000000e+00 8.092948717948718063e-01 0.000000000000000000e+00 7.951070336391437010e-01 0.000000000000000000e+00 8.249158249158249356e-01 0.000000000000000000e+00 
1.289151550736278296e-04 1.137098670005798340e+00 0.000000000000000000e+00 1.000000000000000000e+00 8.108974358974359031e-01 0.000000000000000000e+00 7.957317073170732113e-01 0.000000000000000000e+00 8.277027027027027417e-01 0.000000000000000000e+00 
1.232871436513960361e-04 1.139669537544250488e+00 0.000000000000000000e+00 1.000000000000000000e+00 8.108974358974359031e-01 0.000000000000000000e+00 7.957317073170732113e-01 0.000000000000000000e+00 8.277027027027027417e-01 0.000000000000000000e+00 
1.200829719891771674e-04 1.142277836799621582e+00 0.000000000000000000e+00 1.000000000000000000e+00 8.108974358974359031e-01 0.000000000000000000e+00 7.957317073170732113e-01 0.000000000000000000e+00 8.277027027027027417e-01 0.000000000000000000e+00 
1.207853347295895219e-04 1.144929170608520508e+00 0.000000000000000000e+00 1.000000000000000000e+00 8.125000000000000000e-01 0.000000000000000000e+00 7.945619335347432477e-01 0.000000000000000000e+00 8.327645051194538794e-01 0.000000000000000000e+00 
1.147048169514164329e-04 1.147495508193969727e+00 0.000000000000000000e+00 1.000000000000000000e+00 8.125000000000000000e-01 0.000000000000000000e+00 7.945619335347432477e-01 0.000000000000000000e+00 8.327645051194538794e-01 0.000000000000000000e+00 
1.195222503156401217e-04 1.150203824043273926e+00 0.000000000000000000e+00 1.000000000000000000e+00 8.125000000000000000e-01 0.000000000000000000e+00 7.945619335347432477e-01 0.000000000000000000e+00 8.327645051194538794e-01 0.000000000000000000e+00 
1.164747882285155356e-04 1.152704119682312012e+00 0.000000000000000000e+00 1.000000000000000000e+00 8.125000000000000000e-01 0.000000000000000000e+00 7.945619335347432477e-01 0.000000000000000000e+00 8.327645051194538794e-01 0.000000000000000000e+00 
1.132481411332264543e-04 1.155283570289611816e+00 0.000000000000000000e+00 1.000000000000000000e+00 8.125000000000000000e-01 0.000000000000000000e+00 7.945619335347432477e-01 0.000000000000000000e+00 8.327645051194538794e-01 0.000000000000000000e+00 
1.094702602131292224e-04 1.157644391059875488e+00 0.000000000000000000e+00 1.000000000000000000e+00 8.141025641025640969e-01 0.000000000000000000e+00 7.951807228915662717e-01 0.000000000000000000e+00 8.356164383561643927e-01 0.000000000000000000e+00 
1.109941003960557282e-04 1.159942626953125000e+00 0.000000000000000000e+00 1.000000000000000000e+00 8.141025641025640969e-01 0.000000000000000000e+00 7.951807228915662717e-01 0.000000000000000000e+00 8.356164383561643927e-01 0.000000000000000000e+00 
1.157841179519891739e-04 1.162410259246826172e+00 0.000000000000000000e+00 1.000000000000000000e+00 8.141025641025640969e-01 0.000000000000000000e+00 7.951807228915662717e-01 0.000000000000000000e+00 8.356164383561643927e-01 0.000000000000000000e+00 
1.042913791025057435e-04 1.164804697036743164e+00 0.000000000000000000e+00 1.000000000000000000e+00 8.141025641025640969e-01 0.000000000000000000e+00 7.951807228915662717e-01 0.000000000000000000e+00 8.356164383561643927e-01 0.000000000000000000e+00 
1.065661126631312072e-04 1.167283296585083008e+00 0.000000000000000000e+00 1.000000000000000000e+00 8.141025641025640969e-01 0.000000000000000000e+00 7.951807228915662717e-01 0.000000000000000000e+00 8.356164383561643927e-01 0.000000000000000000e+00 
1.062625233316794038e-04 1.169825792312622070e+00 0.000000000000000000e+00 1.000000000000000000e+00 8.141025641025640969e-01 0.000000000000000000e+00 7.951807228915662717e-01 0.000000000000000000e+00 8.356164383561643927e-01 0.000000000000000000e+00 
1.016853275359608233e-04 1.172192692756652832e+00 0.000000000000000000e+00 1.000000000000000000e+00 8.141025641025640969e-01 0.000000000000000000e+00 7.951807228915662717e-01 0.000000000000000000e+00 8.356164383561643927e-01 0.000000000000000000e+00 
1.010798659990541637e-04 1.174650549888610840e+00 0.000000000000000000e+00 1.000000000000000000e+00 8.141025641025640969e-01 0.000000000000000000e+00 7.951807228915662717e-01 0.000000000000000000e+00 8.356164383561643927e-01 0.000000000000000000e+00 
1.000385891529731452e-04 1.177100181579589844e+00 0.000000000000000000e+00 1.000000000000000000e+00 8.141025641025640969e-01 0.000000000000000000e+00 7.951807228915662717e-01 0.000000000000000000e+00 8.356164383561643927e-01 0.000000000000000000e+00 
9.980019967770203948e-05 1.179453492164611816e+00 0.000000000000000000e+00 1.000000000000000000e+00 8.141025641025640969e-01 0.000000000000000000e+00 7.951807228915662717e-01 0.000000000000000000e+00 8.356164383561643927e-01 0.000000000000000000e+00 
9.762615081854164600e-05 1.181785583496093750e+00 0.000000000000000000e+00 1.000000000000000000e+00 8.125000000000000000e-01 0.000000000000000000e+00 7.927927927927927998e-01 0.000000000000000000e+00 8.350515463917526082e-01 0.000000000000000000e+00 
9.559195314068347216e-05 1.184185266494750977e+00 0.000000000000000000e+00 1.000000000000000000e+00 8.125000000000000000e-01 0.000000000000000000e+00 7.927927927927927998e-01 0.000000000000000000e+00 8.350515463917526082e-01 0.000000000000000000e+00 
9.909080108627676964e-05 1.186639308929443359e+00 0.000000000000000000e+00 1.000000000000000000e+00 8.141025641025640969e-01 0.000000000000000000e+00 7.934131736526945922e-01 0.000000000000000000e+00 8.379310344827586299e-01 0.000000000000000000e+00 
9.494552796240895987e-05 1.189157009124755859e+00 0.000000000000000000e+00 1.000000000000000000e+00 8.157051282051281937e-01 0.000000000000000000e+00 7.940298507462686395e-01 0.000000000000000000e+00 8.408304498269896232e-01 0.000000000000000000e+00 
9.313114424003288150e-05 1.191558957099914551e+00 0.000000000000000000e+00 1.000000000000000000e+00 8.157051282051281937e-01 0.000000000000000000e+00 7.940298507462686395e-01 0.000000000000000000e+00 8.408304498269896232e-01 0.000000000000000000e+00 
9.165951632894575596e-05 1.194078922271728516e+00 0.000000000000000000e+00 1.000000000000000000e+00 8.173076923076922906e-01 0.000000000000000000e+00 7.946428571428570953e-01 0.000000000000000000e+00 8.437500000000000000e-01 0.000000000000000000e+00 
9.533310367260128260e-05 1.195416331291198730e+00 0.000000000000000000e+00 1.000000000000000000e+00 8.141025641025640969e-01 0.000000000000000000e+00 7.951807228915662717e-01 0.000000000000000000e+00 8.356164383561643927e-01 0.000000000000000000e+00 
9.170422708848491311e-05 1.197847962379455566e+00 0.000000000000000000e+00 1.000000000000000000e+00 8.141025641025640969e-01 0.000000000000000000e+00 7.951807228915662717e-01 0.000000000000000000e+00 8.356164383561643927e-01 0.000000000000000000e+00 
8.916148362914100289e-05 1.200276374816894531e+00 0.000000000000000000e+00 1.000000000000000000e+00 8.141025641025640969e-01 0.000000000000000000e+00 7.951807228915662717e-01 0.000000000000000000e+00 8.356164383561643927e-01 0.000000000000000000e+00 
9.111192775890231133e-05 1.202828407287597656e+00 0.000000000000000000e+00 1.000000000000000000e+00 8.141025641025640969e-01 0.000000000000000000e+00 7.951807228915662717e-01 0.000000000000000000e+00 8.356164383561643927e-01 0.000000000000000000e+00 
8.749424887355417013e-05 1.205604434013366699e+00 0.000000000000000000e+00 1.000000000000000000e+00 8.141025641025640969e-01 0.000000000000000000e+00 7.951807228915662717e-01 0.000000000000000000e+00 8.356164383561643927e-01 0.000000000000000000e+00 
8.570785576011985540e-05 1.209094762802124023e+00 0.000000000000000000e+00 1.000000000000000000e+00 8.157051282051281937e-01 0.000000000000000000e+00 7.940298507462686395e-01 0.000000000000000000e+00 8.408304498269896232e-01 0.000000000000000000e+00 
8.576191612519323826e-05 1.264959096908569336e+00 0.000000000000000000e+00 1.000000000000000000e+00 8.092948717948718063e-01 0.000000000000000000e+00 8.249158249158249356e-01 0.000000000000000000e+00 7.951070336391437010e-01 0.000000000000000000e+00 
9.110286191571503878e-05 1.374132633209228516e+00 0.000000000000000000e+00 1.000000000000000000e+00 7.884615384615384359e-01 0.000000000000000000e+00 8.409090909090909394e-01 0.000000000000000000e+00 7.500000000000000000e-01 0.000000000000000000e+00 
9.415524255018681288e-05 1.357140541076660156e+00 0.000000000000000000e+00 1.000000000000000000e+00 7.964743589743589203e-01 0.000000000000000000e+00 8.438661710037175245e-01 0.000000000000000000e+00 7.605633802816901268e-01 0.000000000000000000e+00 
9.012111695483326912e-05 1.327919602394104004e+00 0.000000000000000000e+00 1.000000000000000000e+00 7.964743589743589203e-01 0.000000000000000000e+00 8.363636363636363091e-01 0.000000000000000000e+00 7.650429799426934352e-01 0.000000000000000000e+00 
8.416373748332262039e-05 1.302415728569030762e+00 0.000000000000000000e+00 1.000000000000000000e+00 8.012820512820513219e-01 0.000000000000000000e+00 8.309859154929577496e-01 0.000000000000000000e+00 7.764705882352941346e-01 0.000000000000000000e+00 
8.371286094188690186e-05 1.294826269149780273e+00 0.000000000000000000e+00 1.000000000000000000e+00 8.060897435897436125e-01 0.000000000000000000e+00 8.304498269896193330e-01 0.000000000000000000e+00 7.850746268656716431e-01 0.000000000000000000e+00 
8.149792847689241171e-05 1.286727428436279297e+00 0.000000000000000000e+00 1.000000000000000000e+00 8.044871794871795156e-01 0.000000000000000000e+00 8.231292517006802978e-01 0.000000000000000000e+00 7.878787878787878451e-01 0.000000000000000000e+00 
8.695422729942947626e-05 1.283364534378051758e+00 0.000000000000000000e+00 1.000000000000000000e+00 8.076923076923077094e-01 0.000000000000000000e+00 8.243243243243243423e-01 0.000000000000000000e+00 7.926829268292683306e-01 0.000000000000000000e+00 
8.293064456665888429e-05 1.280162572860717773e+00 0.000000000000000000e+00 1.000000000000000000e+00 8.108974358974359031e-01 0.000000000000000000e+00 8.255033557046980164e-01 0.000000000000000000e+00 7.975460122699385979e-01 0.000000000000000000e+00 
7.833132985979318619e-05 1.270662426948547363e+00 0.000000000000000000e+00 1.000000000000000000e+00 8.189102564102563875e-01 0.000000000000000000e+00 8.283828382838284154e-01 0.000000000000000000e+00 8.099688473520249010e-01 0.000000000000000000e+00 
7.931113941594958305e-05 1.267754554748535156e+00 0.000000000000000000e+00 1.000000000000000000e+00 8.173076923076922906e-01 0.000000000000000000e+00 8.256578947368421462e-01 0.000000000000000000e+00 8.093749999999999556e-01 0.000000000000000000e+00 
7.736062980256974697e-05 1.266913890838623047e+00 0.000000000000000000e+00 1.000000000000000000e+00 8.189102564102563875e-01 0.000000000000000000e+00 8.262295081967213628e-01 0.000000000000000000e+00 8.119122257053291714e-01 0.000000000000000000e+00 
7.289920176845043898e-05 1.263986229896545410e+00 0.000000000000000000e+00 1.000000000000000000e+00 8.221153846153845812e-01 0.000000000000000000e+00 8.273615635179153438e-01 0.000000000000000000e+00 8.170347003154574406e-01 0.000000000000000000e+00 
7.570836169179528952e-05 1.263904094696044922e+00 0.000000000000000000e+00 1.000000000000000000e+00 8.237179487179486781e-01 0.000000000000000000e+00 8.279220779220779480e-01 0.000000000000000000e+00 8.196202531645570000e-01 0.000000000000000000e+00 
7.623378769494593143e-05 1.264124751091003418e+00 0.000000000000000000e+00 1.000000000000000000e+00 8.237179487179486781e-01 0.000000000000000000e+00 8.279220779220779480e-01 0.000000000000000000e+00 8.196202531645570000e-01 0.000000000000000000e+00 
7.324201578740030527e-05 1.262743830680847168e+00 0.000000000000000000e+00 1.000000000000000000e+00 8.253205128205127750e-01 0.000000000000000000e+00 8.284789644012945375e-01 0.000000000000000000e+00 8.222222222222221877e-01 0.000000000000000000e+00 
7.278931298060342669e-05 1.256936669349670410e+00 0.000000000000000000e+00 1.000000000000000000e+00 8.221153846153845812e-01 0.000000000000000000e+00 8.170347003154574406e-01 0.000000000000000000e+00 8.273615635179153438e-01 0.000000000000000000e+00 
7.151144382078200579e-05 1.258691549301147461e+00 0.000000000000000000e+00 1.000000000000000000e+00 8.205128205128204844e-01 0.000000000000000000e+00 8.144654088050314877e-01 0.000000000000000000e+00 8.267973856209149819e-01 0.000000000000000000e+00 
6.919413863215595484e-05 1.260669469833374023e+00 0.000000000000000000e+00 1.000000000000000000e+00 8.189102564102563875e-01 0.000000000000000000e+00 8.099688473520249010e-01 0.000000000000000000e+00 8.283828382838284154e-01 0.000000000000000000e+00 
7.231067866086959839e-05 1.262832880020141602e+00 0.000000000000000000e+00 1.000000000000000000e+00 8.157051282051281937e-01 0.000000000000000000e+00 8.049535603715169962e-01 0.000000000000000000e+00 8.272425249169435002e-01 0.000000000000000000e+00 
6.884580216137692332e-05 1.264988899230957031e+00 0.000000000000000000e+00 1.000000000000000000e+00 8.141025641025640969e-01 0.000000000000000000e+00 8.024691358024691468e-01 0.000000000000000000e+00 8.266666666666666607e-01 0.000000000000000000e+00 
6.893902900628745556e-05 1.267351508140563965e+00 0.000000000000000000e+00 1.000000000000000000e+00 8.141025641025640969e-01 0.000000000000000000e+00 8.024691358024691468e-01 0.000000000000000000e+00 8.266666666666666607e-01 0.000000000000000000e+00 
6.752509216312319040e-05 1.269664525985717773e+00 0.000000000000000000e+00 1.000000000000000000e+00 8.141025641025640969e-01 0.000000000000000000e+00 8.024691358024691468e-01 0.000000000000000000e+00 8.266666666666666607e-01 0.000000000000000000e+00 
6.860744906589388847e-05 1.271964311599731445e+00 0.000000000000000000e+00 1.000000000000000000e+00 8.141025641025640969e-01 0.000000000000000000e+00 8.024691358024691468e-01 0.000000000000000000e+00 8.266666666666666607e-01 0.000000000000000000e+00 
6.544063944602385163e-05 1.274485230445861816e+00 0.000000000000000000e+00 1.000000000000000000e+00 8.125000000000000000e-01 0.000000000000000000e+00 8.000000000000000444e-01 0.000000000000000000e+00 8.260869565217391353e-01 0.000000000000000000e+00 
6.618954648729413748e-05 1.277047395706176758e+00 0.000000000000000000e+00 1.000000000000000000e+00 8.141025641025640969e-01 0.000000000000000000e+00 8.006134969325153783e-01 0.000000000000000000e+00 8.288590604026845332e-01 0.000000000000000000e+00 
6.379393744282424450e-05 1.280662059783935547e+00 0.000000000000000000e+00 1.000000000000000000e+00 8.141025641025640969e-01 0.000000000000000000e+00 7.969696969696969946e-01 0.000000000000000000e+00 8.333333333333333703e-01 0.000000000000000000e+00 
6.567908712895587087e-05 1.283842206001281738e+00 0.000000000000000000e+00 1.000000000000000000e+00 8.141025641025640969e-01 0.000000000000000000e+00 7.969696969696969946e-01 0.000000000000000000e+00 8.333333333333333703e-01 0.000000000000000000e+00 
6.376603414537385106e-05 1.286537528038024902e+00 0.000000000000000000e+00 1.000000000000000000e+00 8.141025641025640969e-01 0.000000000000000000e+00 7.969696969696969946e-01 0.000000000000000000e+00 8.333333333333333703e-01 0.000000000000000000e+00 
6.465274054789915681e-05 1.289171457290649414e+00 0.000000000000000000e+00 1.000000000000000000e+00 8.157051282051281937e-01 0.000000000000000000e+00 7.975830815709969990e-01 0.000000000000000000e+00 8.361774744027303807e-01 0.000000000000000000e+00 
6.200571806402876973e-05 1.292471051216125488e+00 0.000000000000000000e+00 1.000000000000000000e+00 8.157051282051281937e-01 0.000000000000000000e+00 7.975830815709969990e-01 0.000000000000000000e+00 8.361774744027303807e-01 0.000000000000000000e+00 
6.157913594506680965e-05 1.295050382614135742e+00 0.000000000000000000e+00 1.000000000000000000e+00 8.157051282051281937e-01 0.000000000000000000e+00 7.975830815709969990e-01 0.000000000000000000e+00 8.361774744027303807e-01 0.000000000000000000e+00 
6.325193680822849274e-05 1.298078656196594238e+00 0.000000000000000000e+00 1.000000000000000000e+00 8.157051282051281937e-01 0.000000000000000000e+00 7.975830815709969990e-01 0.000000000000000000e+00 8.361774744027303807e-01 0.000000000000000000e+00 
5.860242526978254318e-05 1.300641059875488281e+00 0.000000000000000000e+00 1.000000000000000000e+00 8.157051282051281937e-01 0.000000000000000000e+00 7.975830815709969990e-01 0.000000000000000000e+00 8.361774744027303807e-01 0.000000000000000000e+00 
5.980205605737864971e-05 1.303305983543395996e+00 0.000000000000000000e+00 1.000000000000000000e+00 8.157051282051281937e-01 0.000000000000000000e+00 7.975830815709969990e-01 0.000000000000000000e+00 8.361774744027303807e-01 0.000000000000000000e+00 
5.963813964626751840e-05 1.305966496467590332e+00 0.000000000000000000e+00 1.000000000000000000e+00 8.157051282051281937e-01 0.000000000000000000e+00 7.975830815709969990e-01 0.000000000000000000e+00 8.361774744027303807e-01 0.000000000000000000e+00 
5.831188173033297062e-05 1.309726238250732422e+00 0.000000000000000000e+00 1.000000000000000000e+00 8.173076923076922906e-01 0.000000000000000000e+00 7.981927710843373935e-01 0.000000000000000000e+00 8.390410958904109817e-01 0.000000000000000000e+00 
5.696321022696793079e-05 1.314554214477539062e+00 0.000000000000000000e+00 1.000000000000000000e+00 8.157051282051281937e-01 0.000000000000000000e+00 7.957957957957958461e-01 0.000000000000000000e+00 8.384879725085910840e-01 0.000000000000000000e+00 
5.610260996036231518e-05 1.317988276481628418e+00 0.000000000000000000e+00 1.000000000000000000e+00 8.157051282051281937e-01 0.000000000000000000e+00 7.957957957957958461e-01 0.000000000000000000e+00 8.384879725085910840e-01 0.000000000000000000e+00 
5.552330549107864499e-05 1.320603370666503906e+00 0.000000000000000000e+00 1.000000000000000000e+00 8.157051282051281937e-01 0.000000000000000000e+00 7.957957957957958461e-01 0.000000000000000000e+00 8.384879725085910840e-01 0.000000000000000000e+00 
5.514515942195430398e-05 1.323204398155212402e+00 0.000000000000000000e+00 1.000000000000000000e+00 8.157051282051281937e-01 0.000000000000000000e+00 7.957957957957958461e-01 0.000000000000000000e+00 8.384879725085910840e-01 0.000000000000000000e+00 
5.593497917288914323e-05 1.324889421463012695e+00 0.000000000000000000e+00 1.000000000000000000e+00 8.157051282051281937e-01 0.000000000000000000e+00 7.957957957957958461e-01 0.000000000000000000e+00 8.384879725085910840e-01 0.000000000000000000e+00 
5.366055484046228230e-05 1.326951622962951660e+00 0.000000000000000000e+00 1.000000000000000000e+00 8.157051282051281937e-01 0.000000000000000000e+00 7.957957957957958461e-01 0.000000000000000000e+00 8.384879725085910840e-01 0.000000000000000000e+00 
5.423428228823468089e-05 1.329727768898010254e+00 0.000000000000000000e+00 1.000000000000000000e+00 8.157051282051281937e-01 0.000000000000000000e+00 7.957957957957958461e-01 0.000000000000000000e+00 8.384879725085910840e-01 0.000000000000000000e+00 
5.225789209362119436e-05 1.332512855529785156e+00 0.000000000000000000e+00 1.000000000000000000e+00 8.157051282051281937e-01 0.000000000000000000e+00 7.957957957957958461e-01 0.000000000000000000e+00 8.384879725085910840e-01 0.000000000000000000e+00 
5.097074244986288249e-05 1.335346102714538574e+00 0.000000000000000000e+00 1.000000000000000000e+00 8.157051282051281937e-01 0.000000000000000000e+00 7.957957957957958461e-01 0.000000000000000000e+00 8.384879725085910840e-01 0.000000000000000000e+00 
5.137308835401199758e-05 1.338247418403625488e+00 0.000000000000000000e+00 1.000000000000000000e+00 8.157051282051281937e-01 0.000000000000000000e+00 7.957957957957958461e-01 0.000000000000000000e+00 8.384879725085910840e-01 0.000000000000000000e+00 
5.082545249024406075e-05 1.340972542762756348e+00 0.000000000000000000e+00 1.000000000000000000e+00 8.157051282051281937e-01 0.000000000000000000e+00 7.957957957957958461e-01 0.000000000000000000e+00 8.384879725085910840e-01 0.000000000000000000e+00 
5.112349754199385643e-05 1.343901276588439941e+00 0.000000000000000000e+00 1.000000000000000000e+00 8.157051282051281937e-01 0.000000000000000000e+00 7.957957957957958461e-01 0.000000000000000000e+00 8.384879725085910840e-01 0.000000000000000000e+00 
4.926819383399561048e-05 1.346530318260192871e+00 0.000000000000000000e+00 1.000000000000000000e+00 8.157051282051281937e-01 0.000000000000000000e+00 7.957957957957958461e-01 0.000000000000000000e+00 8.384879725085910840e-01 0.000000000000000000e+00 
4.871868077316321433e-05 1.349310040473937988e+00 0.000000000000000000e+00 1.000000000000000000e+00 8.141025641025640969e-01 0.000000000000000000e+00 7.934131736526945922e-01 0.000000000000000000e+00 8.379310344827586299e-01 0.000000000000000000e+00 
4.908192931907251477e-05 1.352144479751586914e+00 0.000000000000000000e+00 1.000000000000000000e+00 8.141025641025640969e-01 0.000000000000000000e+00 7.934131736526945922e-01 0.000000000000000000e+00 8.379310344827586299e-01 0.000000000000000000e+00 
4.833682760363444686e-05 1.355180621147155762e+00 0.000000000000000000e+00 1.000000000000000000e+00 8.173076923076922906e-01 0.000000000000000000e+00 7.946428571428570953e-01 0.000000000000000000e+00 8.437500000000000000e-01 0.000000000000000000e+00 
4.898508268524892628e-05 1.357740759849548340e+00 0.000000000000000000e+00 1.000000000000000000e+00 8.157051282051281937e-01 0.000000000000000000e+00 7.940298507462686395e-01 0.000000000000000000e+00 8.408304498269896232e-01 0.000000000000000000e+00 
4.750791413243860006e-05 1.360515475273132324e+00 0.000000000000000000e+00 1.000000000000000000e+00 8.157051282051281937e-01 0.000000000000000000e+00 7.940298507462686395e-01 0.000000000000000000e+00 8.408304498269896232e-01 0.000000000000000000e+00 
4.630831244867295027e-05 1.363388061523437500e+00 0.000000000000000000e+00 1.000000000000000000e+00 8.157051282051281937e-01 0.000000000000000000e+00 7.940298507462686395e-01 0.000000000000000000e+00 8.408304498269896232e-01 0.000000000000000000e+00 
4.642380372388288379e-05 1.365750789642333984e+00 0.000000000000000000e+00 1.000000000000000000e+00 8.157051282051281937e-01 0.000000000000000000e+00 7.940298507462686395e-01 0.000000000000000000e+00 8.408304498269896232e-01 0.000000000000000000e+00 
4.631018236977979541e-05 1.368623256683349609e+00 0.000000000000000000e+00 1.000000000000000000e+00 8.157051282051281937e-01 0.000000000000000000e+00 7.940298507462686395e-01 0.000000000000000000e+00 8.408304498269896232e-01 0.000000000000000000e+00 
4.520743823377415538e-05 1.371585726737976074e+00 0.000000000000000000e+00 1.000000000000000000e+00 8.157051282051281937e-01 0.000000000000000000e+00 7.940298507462686395e-01 0.000000000000000000e+00 8.408304498269896232e-01 0.000000000000000000e+00 
4.446792809176258743e-05 1.374618411064147949e+00 0.000000000000000000e+00 1.000000000000000000e+00 8.173076923076922906e-01 0.000000000000000000e+00 7.946428571428570953e-01 0.000000000000000000e+00 8.437500000000000000e-01 0.000000000000000000e+00 
