1.053325891494750977e+00 1.033779501914978027e+00 0.000000000000000000e+00 5.000000000000000000e-01 5.000000000000000000e-01 0.000000000000000000e+00 5.000000000000000000e-01 0.000000000000000000e+00 0.000000000000000000e+00 0.000000000000000000e+00 
7.862830162048339844e-01 7.795734405517578125e-01 0.000000000000000000e+00 5.000000000000000000e-01 5.000000000000000000e-01 0.000000000000000000e+00 5.000000000000000000e-01 0.000000000000000000e+00 0.000000000000000000e+00 0.000000000000000000e+00 
6.821289062500000000e-01 6.878408193588256836e-01 0.000000000000000000e+00 5.000000000000000000e-01 5.000000000000000000e-01 0.000000000000000000e+00 5.000000000000000000e-01 0.000000000000000000e+00 0.000000000000000000e+00 0.000000000000000000e+00 
6.049891710281372070e-01 6.195157170295715332e-01 0.000000000000000000e+00 8.750000000000000000e-01 7.948717948717948234e-01 0.000000000000000000e+00 7.110091743119265617e-01 0.000000000000000000e+00 9.893617021276596146e-01 0.000000000000000000e+00 
4.949413537979125977e-01 5.191966891288757324e-01 0.000000000000000000e+00 9.791666666666666297e-01 9.102564102564102422e-01 0.000000000000000000e+00 8.497267759562842082e-01 0.000000000000000000e+00 9.961240310077519311e-01 0.000000000000000000e+00 
3.849150538444519043e-01 4.149730801582336426e-01 0.000000000000000000e+00 1.000000000000000000e+00 9.583333333333333703e-01 0.000000000000000000e+00 9.255952380952381375e-01 0.000000000000000000e+00 9.965277777777777901e-01 0.000000000000000000e+00 
2.918435931205749512e-01 3.266977071762084961e-01 0.000000000000000000e+00 1.000000000000000000e+00 9.743589743589743390e-01 0.000000000000000000e+00 9.539877300613497368e-01 0.000000000000000000e+00 9.966442953020133722e-01 0.000000000000000000e+00 
2.275539338588714600e-01 2.621466815471649170e-01 0.000000000000000000e+00 1.000000000000000000e+00 9.791666666666666297e-01 0.000000000000000000e+00 9.628482972136223061e-01 0.000000000000000000e+00 9.966777408637873537e-01 0.000000000000000000e+00 
1.794388890266418457e-01 2.166884839534759521e-01 0.000000000000000000e+00 1.000000000000000000e+00 9.823717948717948234e-01 0.000000000000000000e+00 9.659442724458204843e-01 0.000000000000000000e+00 1.000000000000000000e+00 0.000000000000000000e+00 
1.434810310602188110e-01 1.841346323490142822e-01 0.000000000000000000e+00 1.000000000000000000e+00 9.807692307692307265e-01 0.000000000000000000e+00 9.629629629629629095e-01 0.000000000000000000e+00 1.000000000000000000e+00 0.000000000000000000e+00 
1.179442852735519409e-01 1.598506420850753784e-01 0.000000000000000000e+00 1.000000000000000000e+00 9.791666666666666297e-01 0.000000000000000000e+00 9.599999999999999645e-01 0.000000000000000000e+00 1.000000000000000000e+00 0.000000000000000000e+00 
9.813680499792098999e-02 1.438490152359008789e-01 0.000000000000000000e+00 1.000000000000000000e+00 9.775641025641025328e-01 0.000000000000000000e+00 9.570552147239264063e-01 0.000000000000000000e+00 1.000000000000000000e+00 0.000000000000000000e+00 
8.245703577995300293e-02 1.315910518169403076e-01 0.000000000000000000e+00 1.000000000000000000e+00 9.743589743589743390e-01 0.000000000000000000e+00 9.512195121951219079e-01 0.000000000000000000e+00 1.000000000000000000e+00 0.000000000000000000e+00 
6.845378875732421875e-02 1.210417971014976501e-01 0.000000000000000000e+00 1.000000000000000000e+00 9.743589743589743390e-01 0.000000000000000000e+00 9.512195121951219079e-01 0.000000000000000000e+00 1.000000000000000000e+00 0.000000000000000000e+00 
5.777471512556076050e-02 1.159599497914314270e-01 0.000000000000000000e+00 1.000000000000000000e+00 9.727564102564102422e-01 0.000000000000000000e+00 9.483282674772036680e-01 0.000000000000000000e+00 1.000000000000000000e+00 0.000000000000000000e+00 
4.873164743185043335e-02 1.156085208058357239e-01 0.000000000000000000e+00 1.000000000000000000e+00 9.695512820512820484e-01 0.000000000000000000e+00 9.425981873111782816e-01 0.000000000000000000e+00 1.000000000000000000e+00 0.000000000000000000e+00 
4.226342961192131042e-02 1.142271757125854492e-01 0.000000000000000000e+00 1.000000000000000000e+00 9.647435897435897578e-01 0.000000000000000000e+00 9.341317365269461437e-01 0.000000000000000000e+00 1.000000000000000000e+00 0.000000000000000000e+00 
3.733447939157485962e-02 1.143445149064064026e-01 0.000000000000000000e+00 1.000000000000000000e+00 9.631410256410256610e-01 0.000000000000000000e+00 9.313432835820895095e-01 0.000000000000000000e+00 1.000000000000000000e+00 0.000000000000000000e+00 
3.244316205382347107e-02 1.154101863503456116e-01 0.000000000000000000e+00 1.000000000000000000e+00 9.631410256410256610e-01 0.000000000000000000e+00 9.313432835820895095e-01 0.000000000000000000e+00 1.000000000000000000e+00 0.000000000000000000e+00 
2.897708676755428314e-02 1.211246624588966370e-01 0.000000000000000000e+00 1.000000000000000000e+00 9.631410256410256610e-01 0.000000000000000000e+00 9.313432835820895095e-01 0.000000000000000000e+00 1.000000000000000000e+00 0.000000000000000000e+00 
2.599849924445152283e-02 1.194448247551918030e-01 0.000000000000000000e+00 1.000000000000000000e+00 9.631410256410256610e-01 0.000000000000000000e+00 9.313432835820895095e-01 0.000000000000000000e+00 1.000000000000000000e+00 0.000000000000000000e+00 
2.353202365338802338e-02 1.245775520801544189e-01 0.000000000000000000e+00 1.000000000000000000e+00 9.615384615384615641e-01 0.000000000000000000e+00 9.285714285714286031e-01 0.000000000000000000e+00 1.000000000000000000e+00 0.000000000000000000e+00 
2.110239863395690918e-02 1.284332871437072754e-01 0.000000000000000000e+00 1.000000000000000000e+00 9.599358974358974672e-01 0.000000000000000000e+00 9.258160237388723957e-01 0.000000000000000000e+00 1.000000000000000000e+00 0.000000000000000000e+00 
1.918549463152885437e-02 1.309861242771148682e-01 0.000000000000000000e+00 1.000000000000000000e+00 9.599358974358974672e-01 0.000000000000000000e+00 9.258160237388723957e-01 0.000000000000000000e+00 1.000000000000000000e+00 0.000000000000000000e+00 
1.779155060648918152e-02 1.359297782182693481e-01 0.000000000000000000e+00 1.000000000000000000e+00 9.583333333333333703e-01 0.000000000000000000e+00 9.230769230769231282e-01 0.000000000000000000e+00 1.000000000000000000e+00 0.000000000000000000e+00 
1.632237806916236877e-02 1.438169032335281372e-01 0.000000000000000000e+00 1.000000000000000000e+00 9.535256410256410797e-01 0.000000000000000000e+00 9.149560117302052431e-01 0.000000000000000000e+00 1.000000000000000000e+00 0.000000000000000000e+00 
1.497306860983371735e-02 1.458115875720977783e-01 0.000000000000000000e+00 1.000000000000000000e+00 9.535256410256410797e-01 0.000000000000000000e+00 9.149560117302052431e-01 0.000000000000000000e+00 1.000000000000000000e+00 0.000000000000000000e+00 
1.387275755405426025e-02 1.534964889287948608e-01 0.000000000000000000e+00 1.000000000000000000e+00 9.487179487179486781e-01 0.000000000000000000e+00 9.069767441860464574e-01 0.000000000000000000e+00 1.000000000000000000e+00 0.000000000000000000e+00 
1.280661206692457199e-02 1.597956717014312744e-01 0.000000000000000000e+00 1.000000000000000000e+00 9.471153846153845812e-01 0.000000000000000000e+00 9.043478260869565188e-01 0.000000000000000000e+00 1.000000000000000000e+00 0.000000000000000000e+00 
1.204718463122844696e-02 1.621275395154953003e-01 0.000000000000000000e+00 1.000000000000000000e+00 9.455128205128204844e-01 0.000000000000000000e+00 9.017341040462427681e-01 0.000000000000000000e+00 1.000000000000000000e+00 0.000000000000000000e+00 
1.107707247138023376e-02 1.721675246953964233e-01 0.000000000000000000e+00 1.000000000000000000e+00 9.423076923076922906e-01 0.000000000000000000e+00 8.965517241379310498e-01 0.000000000000000000e+00 1.000000000000000000e+00 0.000000000000000000e+00 
1.028772350400686264e-02 1.817511022090911865e-01 0.000000000000000000e+00 1.000000000000000000e+00 9.358974358974359031e-01 0.000000000000000000e+00 8.863636363636363535e-01 0.000000000000000000e+00 1.000000000000000000e+00 0.000000000000000000e+00 
9.573911316692829132e-03 1.910494863986968994e-01 0.000000000000000000e+00 1.000000000000000000e+00 9.342948717948718063e-01 0.000000000000000000e+00 8.838526912181302597e-01 0.000000000000000000e+00 1.000000000000000000e+00 0.000000000000000000e+00 
8.883545175194740295e-03 1.902676075696945190e-01 0.000000000000000000e+00 1.000000000000000000e+00 9.358974358974359031e-01 0.000000000000000000e+00 8.863636363636363535e-01 0.000000000000000000e+00 1.000000000000000000e+00 0.000000000000000000e+00 
8.405412547290325165e-03 1.897941678762435913e-01 0.000000000000000000e+00 1.000000000000000000e+00 9.358974358974359031e-01 0.000000000000000000e+00 8.863636363636363535e-01 0.000000000000000000e+00 1.000000000000000000e+00 0.000000000000000000e+00 
7.768778130412101746e-03 2.002823501825332642e-01 0.000000000000000000e+00 1.000000000000000000e+00 9.342948717948718063e-01 0.000000000000000000e+00 8.838526912181302597e-01 0.000000000000000000e+00 1.000000000000000000e+00 0.000000000000000000e+00 
7.062450051307678223e-03 2.181021124124526978e-01 0.000000000000000000e+00 1.000000000000000000e+00 9.294871794871795156e-01 0.000000000000000000e+00 8.764044943820225031e-01 0.000000000000000000e+00 1.000000000000000000e+00 0.000000000000000000e+00 
6.566727068275213242e-03 2.108048498630523682e-01 0.000000000000000000e+00 1.000000000000000000e+00 9.294871794871795156e-01 0.000000000000000000e+00 8.764044943820225031e-01 0.000000000000000000e+00 1.000000000000000000e+00 0.000000000000000000e+00 
6.263659335672855377e-03 2.207283079624176025e-01 0.000000000000000000e+00 1.000000000000000000e+00 9.294871794871795156e-01 0.000000000000000000e+00 8.764044943820225031e-01 0.000000000000000000e+00 1.000000000000000000e+00 0.000000000000000000e+00 
5.864500533789396286e-03 2.174270600080490112e-01 0.000000000000000000e+00 1.000000000000000000e+00 9.294871794871795156e-01 0.000000000000000000e+00 8.764044943820225031e-01 0.000000000000000000e+00 1.000000000000000000e+00 0.000000000000000000e+00 
5.528743378818035126e-03 2.211308181285858154e-01 0.000000000000000000e+00 1.000000000000000000e+00 9.294871794871795156e-01 0.000000000000000000e+00 8.764044943820225031e-01 0.000000000000000000e+00 1.000000000000000000e+00 0.000000000000000000e+00 
5.306404083967208862e-03 2.338369786739349365e-01 0.000000000000000000e+00 1.000000000000000000e+00 9.294871794871795156e-01 0.000000000000000000e+00 8.764044943820225031e-01 0.000000000000000000e+00 1.000000000000000000e+00 0.000000000000000000e+00 
5.061579868197441101e-03 2.367434352636337280e-01 0.000000000000000000e+00 1.000000000000000000e+00 9.278846153846154188e-01 0.000000000000000000e+00 8.739495798319327768e-01 0.000000000000000000e+00 1.000000000000000000e+00 0.000000000000000000e+00 
4.846123512834310532e-03 2.373752444982528687e-01 0.000000000000000000e+00 1.000000000000000000e+00 9.294871794871795156e-01 0.000000000000000000e+00 8.764044943820225031e-01 0.000000000000000000e+00 1.000000000000000000e+00 0.000000000000000000e+00 
4.750734195113182068e-03 2.459569573402404785e-01 0.000000000000000000e+00 1.000000000000000000e+00 9.278846153846154188e-01 0.000000000000000000e+00 8.739495798319327768e-01 0.000000000000000000e+00 1.000000000000000000e+00 0.000000000000000000e+00 
4.515463020652532578e-03 2.587064206600189209e-01 0.000000000000000000e+00 1.000000000000000000e+00 9.262820512820513219e-01 0.000000000000000000e+00 8.715083798882681254e-01 0.000000000000000000e+00 1.000000000000000000e+00 0.000000000000000000e+00 
4.374427255243062973e-03 2.675646245479583740e-01 0.000000000000000000e+00 1.000000000000000000e+00 9.246794871794872250e-01 0.000000000000000000e+00 8.690807799442896719e-01 0.000000000000000000e+00 1.000000000000000000e+00 0.000000000000000000e+00 
4.245918244123458862e-03 2.541549503803253174e-01 0.000000000000000000e+00 1.000000000000000000e+00 9.278846153846154188e-01 0.000000000000000000e+00 8.739495798319327768e-01 0.000000000000000000e+00 1.000000000000000000e+00 0.000000000000000000e+00 
4.143094643950462341e-03 2.735463082790374756e-01 0.000000000000000000e+00 1.000000000000000000e+00 9.230769230769231282e-01 0.000000000000000000e+00 8.666666666666666963e-01 0.000000000000000000e+00 1.000000000000000000e+00 0.000000000000000000e+00 
4.002796486020088196e-03 2.622972130775451660e-01 0.000000000000000000e+00 1.000000000000000000e+00 9.246794871794872250e-01 0.000000000000000000e+00 8.690807799442896719e-01 0.000000000000000000e+00 1.000000000000000000e+00 0.000000000000000000e+00 
3.793648211285471916e-03 2.757906317710876465e-01 0.000000000000000000e+00 1.000000000000000000e+00 9.230769230769231282e-01 0.000000000000000000e+00 8.666666666666666963e-01 0.000000000000000000e+00 1.000000000000000000e+00 0.000000000000000000e+00 
3.749336581677198410e-03 2.639572620391845703e-01 0.000000000000000000e+00 1.000000000000000000e+00 9.262820512820513219e-01 0.000000000000000000e+00 8.715083798882681254e-01 0.000000000000000000e+00 1.000000000000000000e+00 0.000000000000000000e+00 
3.636418608948588371e-03 2.830725014209747314e-01 0.000000000000000000e+00 1.000000000000000000e+00 9.198717948717948234e-01 0.000000000000000000e+00 8.618784530386740528e-01 0.000000000000000000e+00 1.000000000000000000e+00 0.000000000000000000e+00 
3.518235636875033379e-03 2.903432846069335938e-01 0.000000000000000000e+00 1.000000000000000000e+00 9.198717948717948234e-01 0.000000000000000000e+00 8.618784530386740528e-01 0.000000000000000000e+00 1.000000000000000000e+00 0.000000000000000000e+00 
3.449393436312675476e-03 2.889529168605804443e-01 0.000000000000000000e+00 1.000000000000000000e+00 9.198717948717948234e-01 0.000000000000000000e+00 8.618784530386740528e-01 0.000000000000000000e+00 1.000000000000000000e+00 0.000000000000000000e+00 
3.369942307472229004e-03 2.975435554981231689e-01 0.000000000000000000e+00 1.000000000000000000e+00 9.198717948717948234e-01 0.000000000000000000e+00 8.618784530386740528e-01 0.000000000000000000e+00 1.000000000000000000e+00 0.000000000000000000e+00 
3.393379040062427521e-03 1.902691423892974854e-01 0.000000000000000000e+00 1.000000000000000000e+00 9.439102564102563875e-01 0.000000000000000000e+00 8.991354466858789696e-01 0.000000000000000000e+00 1.000000000000000000e+00 0.000000000000000000e+00 
3.214800264686346054e-03 2.628511190414428711e-01 0.000000000000000000e+00 1.000000000000000000e+00 9.262820512820513219e-01 0.000000000000000000e+00 8.715083798882681254e-01 0.000000000000000000e+00 1.000000000000000000e+00 0.000000000000000000e+00 
3.146077273413538933e-03 2.809382677078247070e-01 0.000000000000000000e+00 1.000000000000000000e+00 9.230769230769231282e-01 0.000000000000000000e+00 8.666666666666666963e-01 0.000000000000000000e+00 1.000000000000000000e+00 0.000000000000000000e+00 
3.056296147406101227e-03 2.821849882602691650e-01 0.000000000000000000e+00 1.000000000000000000e+00 9.214743589743589203e-01 0.000000000000000000e+00 8.642659279778392989e-01 0.000000000000000000e+00 1.000000000000000000e+00 0.000000000000000000e+00 
2.992355031892657280e-03 2.846767306327819824e-01 0.000000000000000000e+00 1.000000000000000000e+00 9.214743589743589203e-01 0.000000000000000000e+00 8.642659279778392989e-01 0.000000000000000000e+00 1.000000000000000000e+00 0.000000000000000000e+00 
2.938161371275782585e-03 2.905692756175994873e-01 0.000000000000000000e+00 1.000000000000000000e+00 9.214743589743589203e-01 0.000000000000000000e+00 8.642659279778392989e-01 0.000000000000000000e+00 1.000000000000000000e+00 0.000000000000000000e+00 
2.863658126443624496e-03 3.027600049972534180e-01 0.000000000000000000e+00 1.000000000000000000e+00 9.214743589743589203e-01 0.000000000000000000e+00 8.642659279778392989e-01 0.000000000000000000e+00 1.000000000000000000e+00 0.000000000000000000e+00 
2.825843868777155876e-03 2.952778339385986328e-01 0.000000000000000000e+00 1.000000000000000000e+00 9.214743589743589203e-01 0.000000000000000000e+00 8.642659279778392989e-01 0.000000000000000000e+00 1.000000000000000000e+00 0.000000000000000000e+00 
2.764852251857519150e-03 3.056375086307525635e-01 0.000000000000000000e+00 1.000000000000000000e+00 9.182692307692307265e-01 0.000000000000000000e+00 8.595041322314049825e-01 0.000000000000000000e+00 1.000000000000000000e+00 0.000000000000000000e+00 
2.700361423194408417e-03 3.030007779598236084e-01 0.000000000000000000e+00 1.000000000000000000e+00 9.214743589743589203e-01 0.000000000000000000e+00 8.642659279778392989e-01 0.000000000000000000e+00 1.000000000000000000e+00 0.000000000000000000e+00 
2.681323792785406113e-03 2.989275157451629639e-01 0.000000000000000000e+00 1.000000000000000000e+00 9.214743589743589203e-01 0.000000000000000000e+00 8.642659279778392989e-01 0.000000000000000000e+00 1.000000000000000000e+00 0.000000000000000000e+00 
2.611435018479824066e-03 3.104198276996612549e-01 0.000000000000000000e+00 1.000000000000000000e+00 9.150641025641025328e-01 0.000000000000000000e+00 8.547945205479452468e-01 0.000000000000000000e+00 1.000000000000000000e+00 0.000000000000000000e+00 
2.549221739172935486e-03 3.098663687705993652e-01 0.000000000000000000e+00 1.000000000000000000e+00 9.166666666666666297e-01 0.000000000000000000e+00 8.571428571428570953e-01 0.000000000000000000e+00 1.000000000000000000e+00 0.000000000000000000e+00 
2.558837179094552994e-03 2.423099577426910400e-01 0.000000000000000000e+00 1.000000000000000000e+00 9.358974358974359031e-01 0.000000000000000000e+00 8.863636363636363535e-01 0.000000000000000000e+00 1.000000000000000000e+00 0.000000000000000000e+00 
2.486569806933403015e-03 2.922397553920745850e-01 0.000000000000000000e+00 1.000000000000000000e+00 9.230769230769231282e-01 0.000000000000000000e+00 8.666666666666666963e-01 0.000000000000000000e+00 1.000000000000000000e+00 0.000000000000000000e+00 
2.469262806698679924e-03 2.955150008201599121e-01 0.000000000000000000e+00 1.000000000000000000e+00 9.230769230769231282e-01 0.000000000000000000e+00 8.666666666666666963e-01 0.000000000000000000e+00 1.000000000000000000e+00 0.000000000000000000e+00 
2.419034950435161591e-03 3.045904636383056641e-01 0.000000000000000000e+00 1.000000000000000000e+00 9.182692307692307265e-01 0.000000000000000000e+00 8.595041322314049825e-01 0.000000000000000000e+00 1.000000000000000000e+00 0.000000000000000000e+00 
2.387380925938487053e-03 2.881810069084167480e-01 0.000000000000000000e+00 1.000000000000000000e+00 9.230769230769231282e-01 0.000000000000000000e+00 8.666666666666666963e-01 0.000000000000000000e+00 1.000000000000000000e+00 0.000000000000000000e+00 
2.361508319154381752e-03 3.040720522403717041e-01 0.000000000000000000e+00 1.000000000000000000e+00 9.166666666666666297e-01 0.000000000000000000e+00 8.571428571428570953e-01 0.000000000000000000e+00 1.000000000000000000e+00 0.000000000000000000e+00 
2.311645541340112686e-03 2.995477020740509033e-01 0.000000000000000000e+00 1.000000000000000000e+00 9.214743589743589203e-01 0.000000000000000000e+00 8.642659279778392989e-01 0.000000000000000000e+00 1.000000000000000000e+00 0.000000000000000000e+00 
2.271658740937709808e-03 3.034821450710296631e-01 0.000000000000000000e+00 1.000000000000000000e+00 9.182692307692307265e-01 0.000000000000000000e+00 8.595041322314049825e-01 0.000000000000000000e+00 1.000000000000000000e+00 0.000000000000000000e+00 
2.274114638566970825e-03 3.035413324832916260e-01 0.000000000000000000e+00 1.000000000000000000e+00 9.182692307692307265e-01 0.000000000000000000e+00 8.595041322314049825e-01 0.000000000000000000e+00 1.000000000000000000e+00 0.000000000000000000e+00 
2.222474198788404465e-03 3.051337897777557373e-01 0.000000000000000000e+00 1.000000000000000000e+00 9.182692307692307265e-01 0.000000000000000000e+00 8.595041322314049825e-01 0.000000000000000000e+00 1.000000000000000000e+00 0.000000000000000000e+00 
2.183292992413043976e-03 3.067563474178314209e-01 0.000000000000000000e+00 1.000000000000000000e+00 9.182692307692307265e-01 0.000000000000000000e+00 8.595041322314049825e-01 0.000000000000000000e+00 1.000000000000000000e+00 0.000000000000000000e+00 
2.167835831642150879e-03 3.061773478984832764e-01 0.000000000000000000e+00 1.000000000000000000e+00 9.182692307692307265e-01 0.000000000000000000e+00 8.595041322314049825e-01 0.000000000000000000e+00 1.000000000000000000e+00 0.000000000000000000e+00 
2.125699073076248169e-03 2.993012964725494385e-01 0.000000000000000000e+00 1.000000000000000000e+00 9.182692307692307265e-01 0.000000000000000000e+00 8.595041322314049825e-01 0.000000000000000000e+00 1.000000000000000000e+00 0.000000000000000000e+00 
2.093425486236810684e-03 2.951743304729461670e-01 0.000000000000000000e+00 1.000000000000000000e+00 9.214743589743589203e-01 0.000000000000000000e+00 8.642659279778392989e-01 0.000000000000000000e+00 1.000000000000000000e+00 0.000000000000000000e+00 
2.062095794826745987e-03 3.066159188747406006e-01 0.000000000000000000e+00 1.000000000000000000e+00 9.166666666666666297e-01 0.000000000000000000e+00 8.571428571428570953e-01 0.000000000000000000e+00 1.000000000000000000e+00 0.000000000000000000e+00 
2.050217706710100174e-03 3.098071217536926270e-01 0.000000000000000000e+00 1.000000000000000000e+00 9.166666666666666297e-01 0.000000000000000000e+00 8.571428571428570953e-01 0.000000000000000000e+00 1.000000000000000000e+00 0.000000000000000000e+00 
2.051073592156171799e-03 2.964675724506378174e-01 0.000000000000000000e+00 1.000000000000000000e+00 9.182692307692307265e-01 0.000000000000000000e+00 8.595041322314049825e-01 0.000000000000000000e+00 1.000000000000000000e+00 0.000000000000000000e+00 
1.970702782273292542e-03 3.073443770408630371e-01 0.000000000000000000e+00 1.000000000000000000e+00 9.166666666666666297e-01 0.000000000000000000e+00 8.571428571428570953e-01 0.000000000000000000e+00 1.000000000000000000e+00 0.000000000000000000e+00 
1.965175615623593330e-03 3.026115000247955322e-01 0.000000000000000000e+00 1.000000000000000000e+00 9.166666666666666297e-01 0.000000000000000000e+00 8.571428571428570953e-01 0.000000000000000000e+00 1.000000000000000000e+00 0.000000000000000000e+00 
1.928102457895874977e-03 3.055780827999114990e-01 0.000000000000000000e+00 1.000000000000000000e+00 9.166666666666666297e-01 0.000000000000000000e+00 8.571428571428570953e-01 0.000000000000000000e+00 1.000000000000000000e+00 0.000000000000000000e+00 
1.923180185258388519e-03 3.043035268783569336e-01 0.000000000000000000e+00 1.000000000000000000e+00 9.166666666666666297e-01 0.000000000000000000e+00 8.571428571428570953e-01 0.000000000000000000e+00 1.000000000000000000e+00 0.000000000000000000e+00 
1.887058606371283531e-03 3.020144402980804443e-01 0.000000000000000000e+00 1.000000000000000000e+00 9.182692307692307265e-01 0.000000000000000000e+00 8.595041322314049825e-01 0.000000000000000000e+00 1.000000000000000000e+00 0.000000000000000000e+00 
1.868241815827786922e-03 2.936995625495910645e-01 0.000000000000000000e+00 1.000000000000000000e+00 9.182692307692307265e-01 0.000000000000000000e+00 8.595041322314049825e-01 0.000000000000000000e+00 1.000000000000000000e+00 0.000000000000000000e+00 
1.838145195506513119e-03 2.972760498523712158e-01 0.000000000000000000e+00 1.000000000000000000e+00 9.182692307692307265e-01 0.000000000000000000e+00 8.595041322314049825e-01 0.000000000000000000e+00 1.000000000000000000e+00 0.000000000000000000e+00 
1.818484393879771233e-03 2.975695133209228516e-01 0.000000000000000000e+00 1.000000000000000000e+00 9.182692307692307265e-01 0.000000000000000000e+00 8.595041322314049825e-01 0.000000000000000000e+00 1.000000000000000000e+00 0.000000000000000000e+00 
1.798511832021176815e-03 2.918778359889984131e-01 0.000000000000000000e+00 1.000000000000000000e+00 9.198717948717948234e-01 0.000000000000000000e+00 8.618784530386740528e-01 0.000000000000000000e+00 1.000000000000000000e+00 0.000000000000000000e+00 
1.766927540302276611e-03 2.958620488643646240e-01 0.000000000000000000e+00 1.000000000000000000e+00 9.182692307692307265e-01 0.000000000000000000e+00 8.595041322314049825e-01 0.000000000000000000e+00 1.000000000000000000e+00 0.000000000000000000e+00 
1.746924943290650845e-03 2.995594739913940430e-01 0.000000000000000000e+00 1.000000000000000000e+00 9.182692307692307265e-01 0.000000000000000000e+00 8.595041322314049825e-01 0.000000000000000000e+00 1.000000000000000000e+00 0.000000000000000000e+00 
1.724969828501343727e-03 2.993723452091217041e-01 0.000000000000000000e+00 1.000000000000000000e+00 9.182692307692307265e-01 0.000000000000000000e+00 8.595041322314049825e-01 0.000000000000000000e+00 1.000000000000000000e+00 0.000000000000000000e+00 
1.697381376288831234e-03 2.983038127422332764e-01 0.000000000000000000e+00 1.000000000000000000e+00 9.182692307692307265e-01 0.000000000000000000e+00 8.595041322314049825e-01 0.000000000000000000e+00 1.000000000000000000e+00 0.000000000000000000e+00 
1.677592983469367027e-03 2.993957400321960449e-01 0.000000000000000000e+00 1.000000000000000000e+00 9.182692307692307265e-01 0.000000000000000000e+00 8.595041322314049825e-01 0.000000000000000000e+00 1.000000000000000000e+00 0.000000000000000000e+00 
1.657319488003849983e-03 2.947481274604797363e-01 0.000000000000000000e+00 1.000000000000000000e+00 9.214743589743589203e-01 0.000000000000000000e+00 8.642659279778392989e-01 0.000000000000000000e+00 1.000000000000000000e+00 0.000000000000000000e+00 
1.647402765229344368e-03 2.941877841949462891e-01 0.000000000000000000e+00 1.000000000000000000e+00 9.214743589743589203e-01 0.000000000000000000e+00 8.642659279778392989e-01 0.000000000000000000e+00 1.000000000000000000e+00 0.000000000000000000e+00 
1.611000858247280121e-03 2.978315651416778564e-01 0.000000000000000000e+00 1.000000000000000000e+00 9.214743589743589203e-01 0.000000000000000000e+00 8.642659279778392989e-01 0.000000000000000000e+00 1.000000000000000000e+00 0.000000000000000000e+00 
1.604079967364668846e-03 2.961170077323913574e-01 0.000000000000000000e+00 1.000000000000000000e+00 9.214743589743589203e-01 0.000000000000000000e+00 8.642659279778392989e-01 0.000000000000000000e+00 1.000000000000000000e+00 0.000000000000000000e+00 
1.583507284522056580e-03 2.904696762561798096e-01 0.000000000000000000e+00 1.000000000000000000e+00 9.230769230769231282e-01 0.000000000000000000e+00 8.666666666666666963e-01 0.000000000000000000e+00 1.000000000000000000e+00 0.000000000000000000e+00 
1.575616537593305111e-03 2.930956780910491943e-01 0.000000000000000000e+00 1.000000000000000000e+00 9.214743589743589203e-01 0.000000000000000000e+00 8.642659279778392989e-01 0.000000000000000000e+00 1.000000000000000000e+00 0.000000000000000000e+00 
1.547762891277670860e-03 2.934316396713256836e-01 0.000000000000000000e+00 1.000000000000000000e+00 9.214743589743589203e-01 0.000000000000000000e+00 8.642659279778392989e-01 0.000000000000000000e+00 1.000000000000000000e+00 0.000000000000000000e+00 
1.512579852715134621e-03 2.898404598236083984e-01 0.000000000000000000e+00 1.000000000000000000e+00 9.262820512820513219e-01 0.000000000000000000e+00 8.715083798882681254e-01 0.000000000000000000e+00 1.000000000000000000e+00 0.000000000000000000e+00 
1.512083574198186398e-03 2.943834066390991211e-01 0.000000000000000000e+00 1.000000000000000000e+00 9.214743589743589203e-01 0.000000000000000000e+00 8.642659279778392989e-01 0.000000000000000000e+00 1.000000000000000000e+00 0.000000000000000000e+00 
1.473695854656398296e-03 2.896113991737365723e-01 0.000000000000000000e+00 1.000000000000000000e+00 9.262820512820513219e-01 0.000000000000000000e+00 8.715083798882681254e-01 0.000000000000000000e+00 1.000000000000000000e+00 0.000000000000000000e+00 
1.463545486330986023e-03 2.914867997169494629e-01 0.000000000000000000e+00 1.000000000000000000e+00 9.230769230769231282e-01 0.000000000000000000e+00 8.666666666666666963e-01 0.000000000000000000e+00 1.000000000000000000e+00 0.000000000000000000e+00 
1.451435033231973648e-03 2.773315906524658203e-01 0.000000000000000000e+00 1.000000000000000000e+00 9.262820512820513219e-01 0.000000000000000000e+00 8.715083798882681254e-01 0.000000000000000000e+00 1.000000000000000000e+00 0.000000000000000000e+00 
1.426437287591397762e-03 2.878717482089996338e-01 0.000000000000000000e+00 1.000000000000000000e+00 9.262820512820513219e-01 0.000000000000000000e+00 8.715083798882681254e-01 0.000000000000000000e+00 1.000000000000000000e+00 0.000000000000000000e+00 
1.420152373611927032e-03 2.830747663974761963e-01 0.000000000000000000e+00 1.000000000000000000e+00 9.262820512820513219e-01 0.000000000000000000e+00 8.715083798882681254e-01 0.000000000000000000e+00 1.000000000000000000e+00 0.000000000000000000e+00 
1.401436282321810722e-03 2.830491364002227783e-01 0.000000000000000000e+00 1.000000000000000000e+00 9.262820512820513219e-01 0.000000000000000000e+00 8.715083798882681254e-01 0.000000000000000000e+00 1.000000000000000000e+00 0.000000000000000000e+00 
1.379605382680892944e-03 2.834353446960449219e-01 0.000000000000000000e+00 1.000000000000000000e+00 9.262820512820513219e-01 0.000000000000000000e+00 8.715083798882681254e-01 0.000000000000000000e+00 1.000000000000000000e+00 0.000000000000000000e+00 
1.358028501272201538e-03 2.801772952079772949e-01 0.000000000000000000e+00 1.000000000000000000e+00 9.262820512820513219e-01 0.000000000000000000e+00 8.715083798882681254e-01 0.000000000000000000e+00 1.000000000000000000e+00 0.000000000000000000e+00 
1.350491656921803951e-03 2.842248380184173584e-01 0.000000000000000000e+00 1.000000000000000000e+00 9.262820512820513219e-01 0.000000000000000000e+00 8.715083798882681254e-01 0.000000000000000000e+00 1.000000000000000000e+00 0.000000000000000000e+00 
1.339317648671567440e-03 2.806184887886047363e-01 0.000000000000000000e+00 1.000000000000000000e+00 9.262820512820513219e-01 0.000000000000000000e+00 8.715083798882681254e-01 0.000000000000000000e+00 1.000000000000000000e+00 0.000000000000000000e+00 
1.310352003201842308e-03 2.818358242511749268e-01 0.000000000000000000e+00 1.000000000000000000e+00 9.262820512820513219e-01 0.000000000000000000e+00 8.715083798882681254e-01 0.000000000000000000e+00 1.000000000000000000e+00 0.000000000000000000e+00 
1.294146175496280193e-03 2.780469655990600586e-01 0.000000000000000000e+00 1.000000000000000000e+00 9.262820512820513219e-01 0.000000000000000000e+00 8.715083798882681254e-01 0.000000000000000000e+00 1.000000000000000000e+00 0.000000000000000000e+00 
1.277564326301217079e-03 2.822494506835937500e-01 0.000000000000000000e+00 1.000000000000000000e+00 9.262820512820513219e-01 0.000000000000000000e+00 8.715083798882681254e-01 0.000000000000000000e+00 1.000000000000000000e+00 0.000000000000000000e+00 
1.260033925063908100e-03 2.758255600929260254e-01 0.000000000000000000e+00 1.000000000000000000e+00 9.262820512820513219e-01 0.000000000000000000e+00 8.715083798882681254e-01 0.000000000000000000e+00 1.000000000000000000e+00 0.000000000000000000e+00 
1.244792016223073006e-03 2.764438688755035400e-01 0.000000000000000000e+00 1.000000000000000000e+00 9.262820512820513219e-01 0.000000000000000000e+00 8.715083798882681254e-01 0.000000000000000000e+00 1.000000000000000000e+00 0.000000000000000000e+00 
1.225979533046483994e-03 2.773897945880889893e-01 0.000000000000000000e+00 1.000000000000000000e+00 9.262820512820513219e-01 0.000000000000000000e+00 8.715083798882681254e-01 0.000000000000000000e+00 1.000000000000000000e+00 0.000000000000000000e+00 
1.219487050548195839e-03 2.675608694553375244e-01 0.000000000000000000e+00 1.000000000000000000e+00 9.278846153846154188e-01 0.000000000000000000e+00 8.739495798319327768e-01 0.000000000000000000e+00 1.000000000000000000e+00 0.000000000000000000e+00 
1.203801715746521950e-03 2.701928615570068359e-01 0.000000000000000000e+00 1.000000000000000000e+00 9.278846153846154188e-01 0.000000000000000000e+00 8.739495798319327768e-01 0.000000000000000000e+00 1.000000000000000000e+00 0.000000000000000000e+00 
1.189503003843128681e-03 2.737707495689392090e-01 0.000000000000000000e+00 1.000000000000000000e+00 9.278846153846154188e-01 0.000000000000000000e+00 8.739495798319327768e-01 0.000000000000000000e+00 1.000000000000000000e+00 0.000000000000000000e+00 
1.172529300674796104e-03 2.723242044448852539e-01 0.000000000000000000e+00 1.000000000000000000e+00 9.278846153846154188e-01 0.000000000000000000e+00 8.739495798319327768e-01 0.000000000000000000e+00 1.000000000000000000e+00 0.000000000000000000e+00 
1.162795815616846085e-03 2.724696993827819824e-01 0.000000000000000000e+00 1.000000000000000000e+00 9.278846153846154188e-01 0.000000000000000000e+00 8.739495798319327768e-01 0.000000000000000000e+00 1.000000000000000000e+00 0.000000000000000000e+00 
1.147032366134226322e-03 2.577318251132965088e-01 0.000000000000000000e+00 1.000000000000000000e+00 9.310897435897436125e-01 0.000000000000000000e+00 8.788732394366197687e-01 0.000000000000000000e+00 1.000000000000000000e+00 0.000000000000000000e+00 
1.113459933549165726e-03 2.688197493553161621e-01 0.000000000000000000e+00 1.000000000000000000e+00 9.278846153846154188e-01 0.000000000000000000e+00 8.739495798319327768e-01 0.000000000000000000e+00 1.000000000000000000e+00 0.000000000000000000e+00 
1.106609590351581573e-03 2.581563293933868408e-01 0.000000000000000000e+00 1.000000000000000000e+00 9.310897435897436125e-01 0.000000000000000000e+00 8.788732394366197687e-01 0.000000000000000000e+00 1.000000000000000000e+00 0.000000000000000000e+00 
1.084237825125455856e-03 2.511257231235504150e-01 0.000000000000000000e+00 1.000000000000000000e+00 9.326923076923077094e-01 0.000000000000000000e+00 8.813559322033898136e-01 0.000000000000000000e+00 1.000000000000000000e+00 0.000000000000000000e+00 
1.071536797098815441e-03 2.431078404188156128e-01 0.000000000000000000e+00 1.000000000000000000e+00 9.326923076923077094e-01 0.000000000000000000e+00 8.813559322033898136e-01 0.000000000000000000e+00 1.000000000000000000e+00 0.000000000000000000e+00 
1.055117929354310036e-03 2.421254366636276245e-01 0.000000000000000000e+00 1.000000000000000000e+00 9.326923076923077094e-01 0.000000000000000000e+00 8.813559322033898136e-01 0.000000000000000000e+00 1.000000000000000000e+00 0.000000000000000000e+00 
1.036442001350224018e-03 2.361347228288650513e-01 0.000000000000000000e+00 1.000000000000000000e+00 9.375000000000000000e-01 0.000000000000000000e+00 8.888888888888888395e-01 0.000000000000000000e+00 1.000000000000000000e+00 0.000000000000000000e+00 
1.021932694129645824e-03 2.360950410366058350e-01 0.000000000000000000e+00 1.000000000000000000e+00 9.375000000000000000e-01 0.000000000000000000e+00 8.888888888888888395e-01 0.000000000000000000e+00 1.000000000000000000e+00 0.000000000000000000e+00 
1.006259000860154629e-03 2.320587188005447388e-01 0.000000000000000000e+00 1.000000000000000000e+00 9.391025641025640969e-01 0.000000000000000000e+00 8.914285714285714590e-01 0.000000000000000000e+00 1.000000000000000000e+00 0.000000000000000000e+00 
9.972560219466686249e-04 2.304363697767257690e-01 0.000000000000000000e+00 1.000000000000000000e+00 9.391025641025640969e-01 0.000000000000000000e+00 8.914285714285714590e-01 0.000000000000000000e+00 1.000000000000000000e+00 0.000000000000000000e+00 
9.931627428159117699e-04 2.295042425394058228e-01 0.000000000000000000e+00 1.000000000000000000e+00 9.391025641025640969e-01 0.000000000000000000e+00 8.914285714285714590e-01 0.000000000000000000e+00 1.000000000000000000e+00 0.000000000000000000e+00 
9.734925697557628155e-04 2.263925820589065552e-01 0.000000000000000000e+00 1.000000000000000000e+00 9.391025641025640969e-01 0.000000000000000000e+00 8.914285714285714590e-01 0.000000000000000000e+00 1.000000000000000000e+00 0.000000000000000000e+00 
9.600298362784087658e-04 2.175990939140319824e-01 0.000000000000000000e+00 1.000000000000000000e+00 9.407051282051281937e-01 0.000000000000000000e+00 8.939828080229226259e-01 0.000000000000000000e+00 1.000000000000000000e+00 0.000000000000000000e+00 
9.501177119091153145e-04 2.216934263706207275e-01 0.000000000000000000e+00 1.000000000000000000e+00 9.407051282051281937e-01 0.000000000000000000e+00 8.939828080229226259e-01 0.000000000000000000e+00 1.000000000000000000e+00 0.000000000000000000e+00 
9.383655851706862450e-04 2.180000990629196167e-01 0.000000000000000000e+00 1.000000000000000000e+00 9.407051282051281937e-01 0.000000000000000000e+00 8.939828080229226259e-01 0.000000000000000000e+00 1.000000000000000000e+00 0.000000000000000000e+00 
9.293475886806845665e-04 2.135908752679824829e-01 0.000000000000000000e+00 1.000000000000000000e+00 9.407051282051281937e-01 0.000000000000000000e+00 8.939828080229226259e-01 0.000000000000000000e+00 1.000000000000000000e+00 0.000000000000000000e+00 
9.144945070147514343e-04 2.136130183935165405e-01 0.000000000000000000e+00 1.000000000000000000e+00 9.407051282051281937e-01 0.000000000000000000e+00 8.939828080229226259e-01 0.000000000000000000e+00 1.000000000000000000e+00 0.000000000000000000e+00 
9.060272714123129845e-04 1.964304745197296143e-01 0.000000000000000000e+00 1.000000000000000000e+00 9.439102564102563875e-01 0.000000000000000000e+00 8.991354466858789696e-01 0.000000000000000000e+00 1.000000000000000000e+00 0.000000000000000000e+00 
8.944583823904395103e-04 2.057831585407257080e-01 0.000000000000000000e+00 1.000000000000000000e+00 9.439102564102563875e-01 0.000000000000000000e+00 8.991354466858789696e-01 0.000000000000000000e+00 1.000000000000000000e+00 0.000000000000000000e+00 
8.830858860164880753e-04 2.016890645027160645e-01 0.000000000000000000e+00 1.000000000000000000e+00 9.439102564102563875e-01 0.000000000000000000e+00 8.991354466858789696e-01 0.000000000000000000e+00 1.000000000000000000e+00 0.000000000000000000e+00 
8.714710129424929619e-04 1.991311162710189819e-01 0.000000000000000000e+00 1.000000000000000000e+00 9.439102564102563875e-01 0.000000000000000000e+00 8.991354466858789696e-01 0.000000000000000000e+00 1.000000000000000000e+00 0.000000000000000000e+00 
8.657890139147639275e-04 1.993503123521804810e-01 0.000000000000000000e+00 1.000000000000000000e+00 9.439102564102563875e-01 0.000000000000000000e+00 8.991354466858789696e-01 0.000000000000000000e+00 1.000000000000000000e+00 0.000000000000000000e+00 
8.522140560671687126e-04 1.976908892393112183e-01 0.000000000000000000e+00 1.000000000000000000e+00 9.439102564102563875e-01 0.000000000000000000e+00 8.991354466858789696e-01 0.000000000000000000e+00 1.000000000000000000e+00 0.000000000000000000e+00 
8.417292847298085690e-04 1.937528103590011597e-01 0.000000000000000000e+00 1.000000000000000000e+00 9.439102564102563875e-01 0.000000000000000000e+00 8.991354466858789696e-01 0.000000000000000000e+00 1.000000000000000000e+00 0.000000000000000000e+00 
8.326329989358782768e-04 1.967360973358154297e-01 0.000000000000000000e+00 1.000000000000000000e+00 9.439102564102563875e-01 0.000000000000000000e+00 8.991354466858789696e-01 0.000000000000000000e+00 1.000000000000000000e+00 0.000000000000000000e+00 
8.214664412662386894e-04 1.911802738904953003e-01 0.000000000000000000e+00 1.000000000000000000e+00 9.455128205128204844e-01 0.000000000000000000e+00 9.017341040462427681e-01 0.000000000000000000e+00 1.000000000000000000e+00 0.000000000000000000e+00 
8.090622723102569580e-04 1.881208717823028564e-01 0.000000000000000000e+00 1.000000000000000000e+00 9.471153846153845812e-01 0.000000000000000000e+00 9.043478260869565188e-01 0.000000000000000000e+00 1.000000000000000000e+00 0.000000000000000000e+00 
8.046114817261695862e-04 1.878657937049865723e-01 0.000000000000000000e+00 1.000000000000000000e+00 9.471153846153845812e-01 0.000000000000000000e+00 9.043478260869565188e-01 0.000000000000000000e+00 1.000000000000000000e+00 0.000000000000000000e+00 
7.939211791381239891e-04 1.841674149036407471e-01 0.000000000000000000e+00 1.000000000000000000e+00 9.487179487179486781e-01 0.000000000000000000e+00 9.069767441860464574e-01 0.000000000000000000e+00 1.000000000000000000e+00 0.000000000000000000e+00 
7.849944522604346275e-04 1.823076754808425903e-01 0.000000000000000000e+00 1.000000000000000000e+00 9.487179487179486781e-01 0.000000000000000000e+00 9.069767441860464574e-01 0.000000000000000000e+00 1.000000000000000000e+00 0.000000000000000000e+00 
7.782647735439240932e-04 1.813049763441085815e-01 0.000000000000000000e+00 1.000000000000000000e+00 9.503205128205127750e-01 0.000000000000000000e+00 9.096209912536442621e-01 0.000000000000000000e+00 1.000000000000000000e+00 0.000000000000000000e+00 
7.710728677920997143e-04 1.794055700302124023e-01 0.000000000000000000e+00 1.000000000000000000e+00 9.503205128205127750e-01 0.000000000000000000e+00 9.096209912536442621e-01 0.000000000000000000e+00 1.000000000000000000e+00 0.000000000000000000e+00 
7.636239752173423767e-04 1.765220910310745239e-01 0.000000000000000000e+00 1.000000000000000000e+00 9.519230769230768718e-01 0.000000000000000000e+00 9.122807017543859143e-01 0.000000000000000000e+00 1.000000000000000000e+00 0.000000000000000000e+00 
7.459677290171384811e-04 1.748257279396057129e-01 0.000000000000000000e+00 1.000000000000000000e+00 9.519230769230768718e-01 0.000000000000000000e+00 9.122807017543859143e-01 0.000000000000000000e+00 1.000000000000000000e+00 0.000000000000000000e+00 
7.405817741528153419e-04 1.715636104345321655e-01 0.000000000000000000e+00 1.000000000000000000e+00 9.519230769230768718e-01 0.000000000000000000e+00 9.122807017543859143e-01 0.000000000000000000e+00 1.000000000000000000e+00 0.000000000000000000e+00 
7.314616232179105282e-04 1.674802750349044800e-01 0.000000000000000000e+00 1.000000000000000000e+00 9.519230769230768718e-01 0.000000000000000000e+00 9.122807017543859143e-01 0.000000000000000000e+00 1.000000000000000000e+00 0.000000000000000000e+00 
7.245658780448138714e-04 1.696719825267791748e-01 0.000000000000000000e+00 1.000000000000000000e+00 9.519230769230768718e-01 0.000000000000000000e+00 9.122807017543859143e-01 0.000000000000000000e+00 1.000000000000000000e+00 0.000000000000000000e+00 
7.154024206101894379e-04 1.662174463272094727e-01 0.000000000000000000e+00 1.000000000000000000e+00 9.535256410256410797e-01 0.000000000000000000e+00 9.149560117302052431e-01 0.000000000000000000e+00 1.000000000000000000e+00 0.000000000000000000e+00 
7.067114347591996193e-04 1.639748513698577881e-01 0.000000000000000000e+00 1.000000000000000000e+00 9.551282051282051766e-01 0.000000000000000000e+00 9.176470588235293713e-01 0.000000000000000000e+00 1.000000000000000000e+00 0.000000000000000000e+00 
7.033002329990267754e-04 1.628974825143814087e-01 0.000000000000000000e+00 1.000000000000000000e+00 9.551282051282051766e-01 0.000000000000000000e+00 9.176470588235293713e-01 0.000000000000000000e+00 1.000000000000000000e+00 0.000000000000000000e+00 
6.935044075362384319e-04 1.609458625316619873e-01 0.000000000000000000e+00 1.000000000000000000e+00 9.567307692307692735e-01 0.000000000000000000e+00 9.203539823008849430e-01 0.000000000000000000e+00 1.000000000000000000e+00 0.000000000000000000e+00 
6.831373320892453194e-04 1.582493036985397339e-01 0.000000000000000000e+00 1.000000000000000000e+00 9.567307692307692735e-01 0.000000000000000000e+00 9.203539823008849430e-01 0.000000000000000000e+00 1.000000000000000000e+00 0.000000000000000000e+00 
6.799971451982855797e-04 1.574609279632568359e-01 0.000000000000000000e+00 1.000000000000000000e+00 9.567307692307692735e-01 0.000000000000000000e+00 9.203539823008849430e-01 0.000000000000000000e+00 1.000000000000000000e+00 0.000000000000000000e+00 
6.701617967337369919e-04 1.540077477693557739e-01 0.000000000000000000e+00 1.000000000000000000e+00 9.599358974358974672e-01 0.000000000000000000e+00 9.258160237388723957e-01 0.000000000000000000e+00 1.000000000000000000e+00 0.000000000000000000e+00 
6.630815332755446434e-04 1.497651636600494385e-01 0.000000000000000000e+00 1.000000000000000000e+00 9.615384615384615641e-01 0.000000000000000000e+00 9.285714285714286031e-01 0.000000000000000000e+00 1.000000000000000000e+00 0.000000000000000000e+00 
6.548344972543418407e-04 1.480247378349304199e-01 0.000000000000000000e+00 1.000000000000000000e+00 9.615384615384615641e-01 0.000000000000000000e+00 9.285714285714286031e-01 0.000000000000000000e+00 1.000000000000000000e+00 0.000000000000000000e+00 
6.467403145506978035e-04 1.492882221937179565e-01 0.000000000000000000e+00 1.000000000000000000e+00 9.615384615384615641e-01 0.000000000000000000e+00 9.285714285714286031e-01 0.000000000000000000e+00 1.000000000000000000e+00 0.000000000000000000e+00 
6.412368966266512871e-04 1.461444199085235596e-01 0.000000000000000000e+00 1.000000000000000000e+00 9.615384615384615641e-01 0.000000000000000000e+00 9.285714285714286031e-01 0.000000000000000000e+00 1.000000000000000000e+00 0.000000000000000000e+00 
6.362156709656119347e-04 1.435429751873016357e-01 0.000000000000000000e+00 1.000000000000000000e+00 9.615384615384615641e-01 0.000000000000000000e+00 9.285714285714286031e-01 0.000000000000000000e+00 1.000000000000000000e+00 0.000000000000000000e+00 
6.285156123340129852e-04 1.428378224372863770e-01 0.000000000000000000e+00 1.000000000000000000e+00 9.615384615384615641e-01 0.000000000000000000e+00 9.285714285714286031e-01 0.000000000000000000e+00 1.000000000000000000e+00 0.000000000000000000e+00 
6.206005346029996872e-04 1.419377774000167847e-01 0.000000000000000000e+00 1.000000000000000000e+00 9.615384615384615641e-01 0.000000000000000000e+00 9.285714285714286031e-01 0.000000000000000000e+00 1.000000000000000000e+00 0.000000000000000000e+00 
6.148500833660364151e-04 1.384796798229217529e-01 0.000000000000000000e+00 1.000000000000000000e+00 9.615384615384615641e-01 0.000000000000000000e+00 9.285714285714286031e-01 0.000000000000000000e+00 1.000000000000000000e+00 0.000000000000000000e+00 
6.069004302844405174e-04 1.387205570936203003e-01 0.000000000000000000e+00 1.000000000000000000e+00 9.615384615384615641e-01 0.000000000000000000e+00 9.285714285714286031e-01 0.000000000000000000e+00 1.000000000000000000e+00 0.000000000000000000e+00 
6.001994479447603226e-04 1.370327770709991455e-01 0.000000000000000000e+00 1.000000000000000000e+00 9.615384615384615641e-01 0.000000000000000000e+00 9.285714285714286031e-01 0.000000000000000000e+00 1.000000000000000000e+00 0.000000000000000000e+00 
5.934948567301034927e-04 1.366891562938690186e-01 0.000000000000000000e+00 1.000000000000000000e+00 9.615384615384615641e-01 0.000000000000000000e+00 9.285714285714286031e-01 0.000000000000000000e+00 1.000000000000000000e+00 0.000000000000000000e+00 
5.911627085879445076e-04 1.337702572345733643e-01 0.000000000000000000e+00 1.000000000000000000e+00 9.615384615384615641e-01 0.000000000000000000e+00 9.285714285714286031e-01 0.000000000000000000e+00 1.000000000000000000e+00 0.000000000000000000e+00 
5.814538453705608845e-04 1.328319460153579712e-01 0.000000000000000000e+00 1.000000000000000000e+00 9.615384615384615641e-01 0.000000000000000000e+00 9.285714285714286031e-01 0.000000000000000000e+00 1.000000000000000000e+00 0.000000000000000000e+00 
5.752576398663222790e-04 1.298572570085525513e-01 0.000000000000000000e+00 1.000000000000000000e+00 9.631410256410256610e-01 0.000000000000000000e+00 9.313432835820895095e-01 0.000000000000000000e+00 1.000000000000000000e+00 0.000000000000000000e+00 
5.694651626981794834e-04 1.281667351722717285e-01 0.000000000000000000e+00 1.000000000000000000e+00 9.631410256410256610e-01 0.000000000000000000e+00 9.313432835820895095e-01 0.000000000000000000e+00 1.000000000000000000e+00 0.000000000000000000e+00 
5.631110980175435543e-04 1.275872737169265747e-01 0.000000000000000000e+00 1.000000000000000000e+00 9.631410256410256610e-01 0.000000000000000000e+00 9.313432835820895095e-01 0.000000000000000000e+00 1.000000000000000000e+00 0.000000000000000000e+00 
5.572678055614233017e-04 1.254374980926513672e-01 0.000000000000000000e+00 1.000000000000000000e+00 9.647435897435897578e-01 0.000000000000000000e+00 9.341317365269461437e-01 0.000000000000000000e+00 1.000000000000000000e+00 0.000000000000000000e+00 
5.503137945197522640e-04 1.244656741619110107e-01 0.000000000000000000e+00 1.000000000000000000e+00 9.663461538461538547e-01 0.000000000000000000e+00 9.369369369369369149e-01 0.000000000000000000e+00 1.000000000000000000e+00 0.000000000000000000e+00 
5.471045151352882385e-04 1.239082887768745422e-01 0.000000000000000000e+00 1.000000000000000000e+00 9.663461538461538547e-01 0.000000000000000000e+00 9.369369369369369149e-01 0.000000000000000000e+00 1.000000000000000000e+00 0.000000000000000000e+00 
5.397928180173039436e-04 1.213716492056846619e-01 0.000000000000000000e+00 1.000000000000000000e+00 9.663461538461538547e-01 0.000000000000000000e+00 9.369369369369369149e-01 0.000000000000000000e+00 1.000000000000000000e+00 0.000000000000000000e+00 
5.365860997699201107e-04 1.210190132260322571e-01 0.000000000000000000e+00 1.000000000000000000e+00 9.663461538461538547e-01 0.000000000000000000e+00 9.369369369369369149e-01 0.000000000000000000e+00 1.000000000000000000e+00 0.000000000000000000e+00 
5.300123593769967556e-04 1.187400594353675842e-01 0.000000000000000000e+00 1.000000000000000000e+00 9.663461538461538547e-01 0.000000000000000000e+00 9.369369369369369149e-01 0.000000000000000000e+00 1.000000000000000000e+00 0.000000000000000000e+00 
5.231678369455039501e-04 1.167330294847488403e-01 0.000000000000000000e+00 1.000000000000000000e+00 9.663461538461538547e-01 0.000000000000000000e+00 9.369369369369369149e-01 0.000000000000000000e+00 1.000000000000000000e+00 0.000000000000000000e+00 
5.191970849409699440e-04 1.166413053870201111e-01 0.000000000000000000e+00 1.000000000000000000e+00 9.663461538461538547e-01 0.000000000000000000e+00 9.369369369369369149e-01 0.000000000000000000e+00 1.000000000000000000e+00 0.000000000000000000e+00 
5.116818356327712536e-04 1.159859448671340942e-01 0.000000000000000000e+00 1.000000000000000000e+00 9.663461538461538547e-01 0.000000000000000000e+00 9.369369369369369149e-01 0.000000000000000000e+00 1.000000000000000000e+00 0.000000000000000000e+00 
5.072825006209313869e-04 1.127076521515846252e-01 0.000000000000000000e+00 1.000000000000000000e+00 9.663461538461538547e-01 0.000000000000000000e+00 9.369369369369369149e-01 0.000000000000000000e+00 1.000000000000000000e+00 0.000000000000000000e+00 
5.002691759727895260e-04 1.127367168664932251e-01 0.000000000000000000e+00 1.000000000000000000e+00 9.663461538461538547e-01 0.000000000000000000e+00 9.369369369369369149e-01 0.000000000000000000e+00 1.000000000000000000e+00 0.000000000000000000e+00 
