7.653242349624633789e-01 7.214944362640380859e-01 0.000000000000000000e+00 5.000000000000000000e-01 5.256410256410256610e-01 0.000000000000000000e+00 7.222222222222222099e-01 0.000000000000000000e+00 5.136054421768707634e-01 0.000000000000000000e+00 
6.129328608512878418e-01 6.679609417915344238e-01 0.000000000000000000e+00 7.750000000000000222e-01 5.945512820512820484e-01 0.000000000000000000e+00 5.967213114754098546e-01 0.000000000000000000e+00 5.924764890282131491e-01 0.000000000000000000e+00 
3.688780367374420166e-01 5.558097362518310547e-01 0.000000000000000000e+00 9.749999999999999778e-01 7.211538461538461453e-01 0.000000000000000000e+00 6.699507389162561166e-01 0.000000000000000000e+00 8.165137614678898981e-01 0.000000000000000000e+00 
1.688824892044067383e-01 4.380587637424468994e-01 0.000000000000000000e+00 9.749999999999999778e-01 8.205128205128204844e-01 0.000000000000000000e+00 7.994011976047904477e-01 0.000000000000000000e+00 8.448275862068965747e-01 0.000000000000000000e+00 
8.495116233825683594e-02 3.918338716030120850e-01 0.000000000000000000e+00 1.000000000000000000e+00 8.205128205128204844e-01 0.000000000000000000e+00 7.890173410404623944e-01 0.000000000000000000e+00 8.597122302158273222e-01 0.000000000000000000e+00 
4.913048818707466125e-02 3.743310570716857910e-01 0.000000000000000000e+00 1.000000000000000000e+00 8.285256410256410797e-01 0.000000000000000000e+00 7.971014492753623060e-01 0.000000000000000000e+00 8.673835125448028371e-01 0.000000000000000000e+00 
3.569995984435081482e-02 3.549243211746215820e-01 0.000000000000000000e+00 1.000000000000000000e+00 8.509615384615384359e-01 0.000000000000000000e+00 8.328267477203646907e-01 0.000000000000000000e+00 8.711864406779661341e-01 0.000000000000000000e+00 
2.145229093730449677e-02 3.379138410091400146e-01 0.000000000000000000e+00 1.000000000000000000e+00 8.589743589743589203e-01 0.000000000000000000e+00 8.478260869565217295e-01 0.000000000000000000e+00 8.708609271523178874e-01 0.000000000000000000e+00 
1.705800555646419525e-02 3.232877850532531738e-01 0.000000000000000000e+00 1.000000000000000000e+00 8.653846153846154188e-01 0.000000000000000000e+00 8.496932515337423109e-01 0.000000000000000000e+00 8.825503355704698016e-01 0.000000000000000000e+00 
1.755824685096740723e-02 3.503229320049285889e-01 0.000000000000000000e+00 1.000000000000000000e+00 8.525641025641025328e-01 0.000000000000000000e+00 8.216374269005848330e-01 0.000000000000000000e+00 8.900709219858156107e-01 0.000000000000000000e+00 
1.215017214417457581e-02 3.209714889526367188e-01 0.000000000000000000e+00 1.000000000000000000e+00 8.653846153846154188e-01 0.000000000000000000e+00 8.475609756097560732e-01 0.000000000000000000e+00 8.851351351351350871e-01 0.000000000000000000e+00 
2.602389454841613770e-02 3.293952941894531250e-01 0.000000000000000000e+00 1.000000000000000000e+00 8.669871794871795156e-01 0.000000000000000000e+00 8.480243161094225268e-01 0.000000000000000000e+00 8.881355932203389703e-01 0.000000000000000000e+00 
7.489402778446674347e-03 3.243091702461242676e-01 0.000000000000000000e+00 1.000000000000000000e+00 8.685897435897436125e-01 0.000000000000000000e+00 8.463855421686746761e-01 0.000000000000000000e+00 8.938356164383561842e-01 0.000000000000000000e+00 
6.193893495947122574e-03 3.166518211364746094e-01 0.000000000000000000e+00 1.000000000000000000e+00 8.750000000000000000e-01 0.000000000000000000e+00 8.567073170731707155e-01 0.000000000000000000e+00 8.952702702702702853e-01 0.000000000000000000e+00 
4.949343856424093246e-03 3.342449665069580078e-01 0.000000000000000000e+00 1.000000000000000000e+00 8.685897435897436125e-01 0.000000000000000000e+00 8.422619047619047672e-01 0.000000000000000000e+00 8.993055555555555802e-01 0.000000000000000000e+00 
4.381516017019748688e-03 3.370932042598724365e-01 0.000000000000000000e+00 1.000000000000000000e+00 8.701923076923077094e-01 0.000000000000000000e+00 8.447761194029850262e-01 0.000000000000000000e+00 8.996539792387543422e-01 0.000000000000000000e+00 
4.220159258693456650e-03 3.352274298667907715e-01 0.000000000000000000e+00 1.000000000000000000e+00 8.750000000000000000e-01 0.000000000000000000e+00 8.567073170731707155e-01 0.000000000000000000e+00 8.952702702702702853e-01 0.000000000000000000e+00 
3.773070871829986572e-03 3.105845749378204346e-01 0.000000000000000000e+00 1.000000000000000000e+00 8.846153846153845812e-01 0.000000000000000000e+00 8.797468354430380000e-01 0.000000000000000000e+00 8.896103896103896291e-01 0.000000000000000000e+00 
3.264263039454817772e-03 3.298771083354949951e-01 0.000000000000000000e+00 1.000000000000000000e+00 8.782051282051281937e-01 0.000000000000000000e+00 8.575757575757575468e-01 0.000000000000000000e+00 9.013605442176870763e-01 0.000000000000000000e+00 
3.020039061084389687e-03 3.399466276168823242e-01 0.000000000000000000e+00 1.000000000000000000e+00 8.766025641025640969e-01 0.000000000000000000e+00 8.507462686567164312e-01 0.000000000000000000e+00 9.065743944636678320e-01 0.000000000000000000e+00 
2.751808613538742065e-03 3.327792286872863770e-01 0.000000000000000000e+00 1.000000000000000000e+00 8.830128205128204844e-01 0.000000000000000000e+00 8.610271903323263309e-01 0.000000000000000000e+00 9.078498293515357975e-01 0.000000000000000000e+00 
2.406406914815306664e-03 3.247662484645843506e-01 0.000000000000000000e+00 1.000000000000000000e+00 8.846153846153845812e-01 0.000000000000000000e+00 8.658536585365853577e-01 0.000000000000000000e+00 9.054054054054053724e-01 0.000000000000000000e+00 
2.418748801574110985e-03 3.082520067691802979e-01 0.000000000000000000e+00 1.000000000000000000e+00 8.862179487179486781e-01 0.000000000000000000e+00 8.685015290519877418e-01 0.000000000000000000e+00 9.057239057239057090e-01 0.000000000000000000e+00 
2.512010280042886734e-03 3.114721775054931641e-01 0.000000000000000000e+00 1.000000000000000000e+00 8.878205128205127750e-01 0.000000000000000000e+00 8.689024390243902385e-01 0.000000000000000000e+00 9.087837837837837718e-01 0.000000000000000000e+00 
2.120905322954058647e-03 2.568296790122985840e-01 0.000000000000000000e+00 1.000000000000000000e+00 9.150641025641025328e-01 0.000000000000000000e+00 9.302325581395348708e-01 0.000000000000000000e+00 9.009287925696594090e-01 0.000000000000000000e+00 
1.982700079679489136e-03 2.763518691062927246e-01 0.000000000000000000e+00 1.000000000000000000e+00 9.070512820512820484e-01 0.000000000000000000e+00 8.944099378881987805e-01 0.000000000000000000e+00 9.205298013245033495e-01 0.000000000000000000e+00 
1.815084367990493774e-03 2.725901901721954346e-01 0.000000000000000000e+00 1.000000000000000000e+00 9.086538461538461453e-01 0.000000000000000000e+00 9.047619047619047672e-01 0.000000000000000000e+00 9.126213592233010097e-01 0.000000000000000000e+00 
1.634245621971786022e-03 2.814101576805114746e-01 0.000000000000000000e+00 1.000000000000000000e+00 9.070512820512820484e-01 0.000000000000000000e+00 8.993710691823899595e-01 0.000000000000000000e+00 9.150326797385620603e-01 0.000000000000000000e+00 
1.384804374538362026e-03 2.925782501697540283e-01 0.000000000000000000e+00 1.000000000000000000e+00 8.958333333333333703e-01 0.000000000000000000e+00 8.776758409785933024e-01 0.000000000000000000e+00 9.158249158249158750e-01 0.000000000000000000e+00 
1.397832646034657955e-03 3.008596003055572510e-01 0.000000000000000000e+00 1.000000000000000000e+00 9.006410256410256610e-01 0.000000000000000000e+00 8.787878787878787845e-01 0.000000000000000000e+00 9.251700680272109123e-01 0.000000000000000000e+00 
1.153469900600612164e-03 3.222962319850921631e-01 0.000000000000000000e+00 1.000000000000000000e+00 8.942307692307692735e-01 0.000000000000000000e+00 8.617647058823529882e-01 0.000000000000000000e+00 9.330985915492957528e-01 0.000000000000000000e+00 
1.104748691432178020e-03 3.298833966255187988e-01 0.000000000000000000e+00 1.000000000000000000e+00 8.942307692307692735e-01 0.000000000000000000e+00 8.596491228070175517e-01 0.000000000000000000e+00 9.361702127659574657e-01 0.000000000000000000e+00 
1.036712899804115295e-03 3.339797854423522949e-01 0.000000000000000000e+00 1.000000000000000000e+00 8.942307692307692735e-01 0.000000000000000000e+00 8.596491228070175517e-01 0.000000000000000000e+00 9.361702127659574657e-01 0.000000000000000000e+00 
9.482277673669159412e-04 3.262872397899627686e-01 0.000000000000000000e+00 1.000000000000000000e+00 8.974358974358974672e-01 0.000000000000000000e+00 8.712574850299401596e-01 0.000000000000000000e+00 9.275862068965516904e-01 0.000000000000000000e+00 
9.157193126156926155e-04 3.214476704597473145e-01 0.000000000000000000e+00 1.000000000000000000e+00 8.974358974358974672e-01 0.000000000000000000e+00 8.712574850299401596e-01 0.000000000000000000e+00 9.275862068965516904e-01 0.000000000000000000e+00 
9.087139624170958996e-04 3.224963545799255371e-01 0.000000000000000000e+00 1.000000000000000000e+00 8.990384615384615641e-01 0.000000000000000000e+00 8.738738738738738299e-01 0.000000000000000000e+00 9.278350515463917869e-01 0.000000000000000000e+00 
8.825467084534466267e-04 3.227722942829132080e-01 0.000000000000000000e+00 1.000000000000000000e+00 9.006410256410256610e-01 0.000000000000000000e+00 8.742514970059880319e-01 0.000000000000000000e+00 9.310344827586206629e-01 0.000000000000000000e+00 
7.966358098201453686e-04 3.292392194271087646e-01 0.000000000000000000e+00 1.000000000000000000e+00 9.006410256410256610e-01 0.000000000000000000e+00 8.742514970059880319e-01 0.000000000000000000e+00 9.310344827586206629e-01 0.000000000000000000e+00 
9.068695944733917713e-04 3.321652710437774658e-01 0.000000000000000000e+00 1.000000000000000000e+00 9.022435897435897578e-01 0.000000000000000000e+00 8.746268656716418288e-01 0.000000000000000000e+00 9.342560553633217912e-01 0.000000000000000000e+00 
7.450804114341735840e-04 3.320713341236114502e-01 0.000000000000000000e+00 1.000000000000000000e+00 9.022435897435897578e-01 0.000000000000000000e+00 8.746268656716418288e-01 0.000000000000000000e+00 9.342560553633217912e-01 0.000000000000000000e+00 
7.116654305718839169e-04 3.389035761356353760e-01 0.000000000000000000e+00 1.000000000000000000e+00 9.022435897435897578e-01 0.000000000000000000e+00 8.746268656716418288e-01 0.000000000000000000e+00 9.342560553633217912e-01 0.000000000000000000e+00 
7.260644924826920033e-04 3.415058255195617676e-01 0.000000000000000000e+00 1.000000000000000000e+00 9.022435897435897578e-01 0.000000000000000000e+00 8.746268656716418288e-01 0.000000000000000000e+00 9.342560553633217912e-01 0.000000000000000000e+00 
6.391738425008952618e-04 3.522377908229827881e-01 0.000000000000000000e+00 1.000000000000000000e+00 8.990384615384615641e-01 0.000000000000000000e+00 8.694362017804154741e-01 0.000000000000000000e+00 9.337979094076654940e-01 0.000000000000000000e+00 
6.552056293003261089e-04 3.596704900264739990e-01 0.000000000000000000e+00 1.000000000000000000e+00 8.990384615384615641e-01 0.000000000000000000e+00 8.672566371681416086e-01 0.000000000000000000e+00 9.368421052631579204e-01 0.000000000000000000e+00 
6.165997474454343319e-04 3.644558489322662354e-01 0.000000000000000000e+00 1.000000000000000000e+00 8.990384615384615641e-01 0.000000000000000000e+00 8.672566371681416086e-01 0.000000000000000000e+00 9.368421052631579204e-01 0.000000000000000000e+00 
5.731146666221320629e-04 3.665866553783416748e-01 0.000000000000000000e+00 1.000000000000000000e+00 8.990384615384615641e-01 0.000000000000000000e+00 8.672566371681416086e-01 0.000000000000000000e+00 9.368421052631579204e-01 0.000000000000000000e+00 
6.062078173272311687e-04 3.699042201042175293e-01 0.000000000000000000e+00 1.000000000000000000e+00 8.974358974358974672e-01 0.000000000000000000e+00 8.647058823529412130e-01 0.000000000000000000e+00 9.366197183098591283e-01 0.000000000000000000e+00 
5.726266535930335522e-04 3.676433563232421875e-01 0.000000000000000000e+00 1.000000000000000000e+00 8.990384615384615641e-01 0.000000000000000000e+00 8.672566371681416086e-01 0.000000000000000000e+00 9.368421052631579204e-01 0.000000000000000000e+00 
5.461016553454101086e-04 3.700659275054931641e-01 0.000000000000000000e+00 1.000000000000000000e+00 8.990384615384615641e-01 0.000000000000000000e+00 8.672566371681416086e-01 0.000000000000000000e+00 9.368421052631579204e-01 0.000000000000000000e+00 
5.722857895307242870e-04 3.352885544300079346e-01 0.000000000000000000e+00 1.000000000000000000e+00 9.118589743589743390e-01 0.000000000000000000e+00 8.953846153846153344e-01 0.000000000000000000e+00 9.297658862876254648e-01 0.000000000000000000e+00 
5.175085389055311680e-04 3.306209444999694824e-01 0.000000000000000000e+00 1.000000000000000000e+00 9.134615384615384359e-01 0.000000000000000000e+00 9.082278481012657778e-01 0.000000000000000000e+00 9.188311688311687764e-01 0.000000000000000000e+00 
4.841082263737916946e-04 3.387823998928070068e-01 0.000000000000000000e+00 1.000000000000000000e+00 9.134615384615384359e-01 0.000000000000000000e+00 9.006211180124223947e-01 0.000000000000000000e+00 9.271523178807946630e-01 0.000000000000000000e+00 
4.565989656839519739e-04 3.466728925704956055e-01 0.000000000000000000e+00 1.000000000000000000e+00 9.086538461538461453e-01 0.000000000000000000e+00 8.899082568807339388e-01 0.000000000000000000e+00 9.292929292929292817e-01 0.000000000000000000e+00 
4.459763003978878260e-04 3.531732261180877686e-01 0.000000000000000000e+00 1.000000000000000000e+00 9.054487179487179516e-01 0.000000000000000000e+00 8.821752265861027009e-01 0.000000000000000000e+00 9.317406143344709735e-01 0.000000000000000000e+00 
4.354044795036315918e-04 3.608212172985076904e-01 0.000000000000000000e+00 1.000000000000000000e+00 9.054487179487179516e-01 0.000000000000000000e+00 8.821752265861027009e-01 0.000000000000000000e+00 9.317406143344709735e-01 0.000000000000000000e+00 
4.257190157659351826e-04 3.680456876754760742e-01 0.000000000000000000e+00 1.000000000000000000e+00 9.038461538461538547e-01 0.000000000000000000e+00 8.795180722891565717e-01 0.000000000000000000e+00 9.315068493150684414e-01 0.000000000000000000e+00 
3.901875461451709270e-04 3.715862631797790527e-01 0.000000000000000000e+00 1.000000000000000000e+00 9.038461538461538547e-01 0.000000000000000000e+00 8.795180722891565717e-01 0.000000000000000000e+00 9.315068493150684414e-01 0.000000000000000000e+00 
4.083267995156347752e-04 3.739931583404541016e-01 0.000000000000000000e+00 1.000000000000000000e+00 9.006410256410256610e-01 0.000000000000000000e+00 8.742514970059880319e-01 0.000000000000000000e+00 9.310344827586206629e-01 0.000000000000000000e+00 
3.918095026165246964e-04 3.776974380016326904e-01 0.000000000000000000e+00 1.000000000000000000e+00 8.990384615384615641e-01 0.000000000000000000e+00 8.716417910447761264e-01 0.000000000000000000e+00 9.307958477508651018e-01 0.000000000000000000e+00 
4.542930691968649626e-04 3.621986210346221924e-01 0.000000000000000000e+00 1.000000000000000000e+00 8.990384615384615641e-01 0.000000000000000000e+00 9.527272727272727559e-01 0.000000000000000000e+00 8.567335243553008128e-01 0.000000000000000000e+00 
4.019185143988579512e-04 3.302039504051208496e-01 0.000000000000000000e+00 1.000000000000000000e+00 9.182692307692307265e-01 0.000000000000000000e+00 9.453924914675767566e-01 0.000000000000000000e+00 8.942598187311178171e-01 0.000000000000000000e+00 
3.691292076837271452e-04 3.212754130363464355e-01 0.000000000000000000e+00 1.000000000000000000e+00 9.166666666666666297e-01 0.000000000000000000e+00 9.333333333333333481e-01 0.000000000000000000e+00 9.012345679012345734e-01 0.000000000000000000e+00 
3.763097047340124846e-04 3.209268152713775635e-01 0.000000000000000000e+00 1.000000000000000000e+00 9.214743589743589203e-01 0.000000000000000000e+00 9.255663430420711935e-01 0.000000000000000000e+00 9.174603174603174205e-01 0.000000000000000000e+00 
3.480607701931148767e-04 3.245227932929992676e-01 0.000000000000000000e+00 1.000000000000000000e+00 9.214743589743589203e-01 0.000000000000000000e+00 9.201277955271565112e-01 0.000000000000000000e+00 9.228295819935691258e-01 0.000000000000000000e+00 
3.448595234658569098e-04 3.296124041080474854e-01 0.000000000000000000e+00 1.000000000000000000e+00 9.214743589743589203e-01 0.000000000000000000e+00 9.122257053291535911e-01 0.000000000000000000e+00 9.311475409836065253e-01 0.000000000000000000e+00 
2.962431171908974648e-04 3.349179923534393311e-01 0.000000000000000000e+00 1.000000000000000000e+00 9.230769230769231282e-01 0.000000000000000000e+00 9.124999999999999778e-01 0.000000000000000000e+00 9.342105263157894912e-01 0.000000000000000000e+00 
2.753096341621130705e-04 3.432813882827758789e-01 0.000000000000000000e+00 1.000000000000000000e+00 9.198717948717948234e-01 0.000000000000000000e+00 9.068322981366460089e-01 0.000000000000000000e+00 9.337748344370860876e-01 0.000000000000000000e+00 
2.452097251079976559e-04 3.506643772125244141e-01 0.000000000000000000e+00 1.000000000000000000e+00 9.198717948717948234e-01 0.000000000000000000e+00 9.068322981366460089e-01 0.000000000000000000e+00 9.337748344370860876e-01 0.000000000000000000e+00 
2.414842601865530014e-04 3.559794425964355469e-01 0.000000000000000000e+00 1.000000000000000000e+00 9.230769230769231282e-01 0.000000000000000000e+00 9.074074074074074403e-01 0.000000000000000000e+00 9.399999999999999467e-01 0.000000000000000000e+00 
2.277903258800506592e-04 3.586186170578002930e-01 0.000000000000000000e+00 1.000000000000000000e+00 9.230769230769231282e-01 0.000000000000000000e+00 9.074074074074074403e-01 0.000000000000000000e+00 9.399999999999999467e-01 0.000000000000000000e+00 
2.230991231044754386e-04 3.596186041831970215e-01 0.000000000000000000e+00 1.000000000000000000e+00 9.198717948717948234e-01 0.000000000000000000e+00 9.068322981366460089e-01 0.000000000000000000e+00 9.337748344370860876e-01 0.000000000000000000e+00 
2.091911155730485916e-04 3.630145192146301270e-01 0.000000000000000000e+00 1.000000000000000000e+00 9.214743589743589203e-01 0.000000000000000000e+00 9.071207430340557654e-01 0.000000000000000000e+00 9.368770764119601635e-01 0.000000000000000000e+00 
2.092480863211676478e-04 3.656549155712127686e-01 0.000000000000000000e+00 1.000000000000000000e+00 9.230769230769231282e-01 0.000000000000000000e+00 9.074074074074074403e-01 0.000000000000000000e+00 9.399999999999999467e-01 0.000000000000000000e+00 
2.028890012297779322e-04 3.678614795207977295e-01 0.000000000000000000e+00 1.000000000000000000e+00 9.230769230769231282e-01 0.000000000000000000e+00 9.074074074074074403e-01 0.000000000000000000e+00 9.399999999999999467e-01 0.000000000000000000e+00 
2.021846448769792914e-04 3.695695400238037109e-01 0.000000000000000000e+00 1.000000000000000000e+00 9.230769230769231282e-01 0.000000000000000000e+00 9.074074074074074403e-01 0.000000000000000000e+00 9.399999999999999467e-01 0.000000000000000000e+00 
1.882206852314993739e-04 3.711021840572357178e-01 0.000000000000000000e+00 1.000000000000000000e+00 9.230769230769231282e-01 0.000000000000000000e+00 9.074074074074074403e-01 0.000000000000000000e+00 9.399999999999999467e-01 0.000000000000000000e+00 
1.812619011616334319e-04 3.713291287422180176e-01 0.000000000000000000e+00 1.000000000000000000e+00 9.230769230769231282e-01 0.000000000000000000e+00 9.099378881987577605e-01 0.000000000000000000e+00 9.370860927152317998e-01 0.000000000000000000e+00 
1.808445667847990990e-04 3.725735545158386230e-01 0.000000000000000000e+00 1.000000000000000000e+00 9.230769230769231282e-01 0.000000000000000000e+00 9.099378881987577605e-01 0.000000000000000000e+00 9.370860927152317998e-01 0.000000000000000000e+00 
1.758246507961302996e-04 3.738846778869628906e-01 0.000000000000000000e+00 1.000000000000000000e+00 9.230769230769231282e-01 0.000000000000000000e+00 9.099378881987577605e-01 0.000000000000000000e+00 9.370860927152317998e-01 0.000000000000000000e+00 
1.763317559380084276e-04 3.752207756042480469e-01 0.000000000000000000e+00 1.000000000000000000e+00 9.246794871794872250e-01 0.000000000000000000e+00 9.102167182662538325e-01 0.000000000000000000e+00 9.401993355481728099e-01 0.000000000000000000e+00 
1.654930383665487170e-04 3.762545883655548096e-01 0.000000000000000000e+00 1.000000000000000000e+00 9.246794871794872250e-01 0.000000000000000000e+00 9.102167182662538325e-01 0.000000000000000000e+00 9.401993355481728099e-01 0.000000000000000000e+00 
1.710359938442707062e-04 3.771255016326904297e-01 0.000000000000000000e+00 1.000000000000000000e+00 9.262820512820513219e-01 0.000000000000000000e+00 9.130434782608695121e-01 0.000000000000000000e+00 9.403973509933775121e-01 0.000000000000000000e+00 
1.666176394792273641e-04 3.781822323799133301e-01 0.000000000000000000e+00 1.000000000000000000e+00 9.262820512820513219e-01 0.000000000000000000e+00 9.130434782608695121e-01 0.000000000000000000e+00 9.403973509933775121e-01 0.000000000000000000e+00 
1.649466576054692268e-04 3.787782788276672363e-01 0.000000000000000000e+00 1.000000000000000000e+00 9.262820512820513219e-01 0.000000000000000000e+00 9.130434782608695121e-01 0.000000000000000000e+00 9.403973509933775121e-01 0.000000000000000000e+00 
1.574169000377878547e-04 3.798067569732666016e-01 0.000000000000000000e+00 1.000000000000000000e+00 9.262820512820513219e-01 0.000000000000000000e+00 9.130434782608695121e-01 0.000000000000000000e+00 9.403973509933775121e-01 0.000000000000000000e+00 
1.634360087336972356e-04 3.809789121150970459e-01 0.000000000000000000e+00 1.000000000000000000e+00 9.262820512820513219e-01 0.000000000000000000e+00 9.130434782608695121e-01 0.000000000000000000e+00 9.403973509933775121e-01 0.000000000000000000e+00 
1.530741574242711067e-04 3.824426829814910889e-01 0.000000000000000000e+00 1.000000000000000000e+00 9.262820512820513219e-01 0.000000000000000000e+00 9.130434782608695121e-01 0.000000000000000000e+00 9.403973509933775121e-01 0.000000000000000000e+00 
1.485848624724894762e-04 3.835907876491546631e-01 0.000000000000000000e+00 1.000000000000000000e+00 9.262820512820513219e-01 0.000000000000000000e+00 9.130434782608695121e-01 0.000000000000000000e+00 9.403973509933775121e-01 0.000000000000000000e+00 
1.502541854279115796e-04 3.842831254005432129e-01 0.000000000000000000e+00 1.000000000000000000e+00 9.262820512820513219e-01 0.000000000000000000e+00 9.130434782608695121e-01 0.000000000000000000e+00 9.403973509933775121e-01 0.000000000000000000e+00 
1.498670608270913363e-04 3.998910784721374512e-01 0.000000000000000000e+00 1.000000000000000000e+00 9.198717948717948234e-01 0.000000000000000000e+00 9.018404907975460238e-01 0.000000000000000000e+00 9.395973154362415869e-01 0.000000000000000000e+00 
1.486347318859770894e-04 4.532911479473114014e-01 0.000000000000000000e+00 1.000000000000000000e+00 8.990384615384615641e-01 0.000000000000000000e+00 8.651026392961876921e-01 0.000000000000000000e+00 9.399293286219081445e-01 0.000000000000000000e+00 
1.433794386684894562e-04 4.483996629714965820e-01 0.000000000000000000e+00 1.000000000000000000e+00 8.990384615384615641e-01 0.000000000000000000e+00 8.651026392961876921e-01 0.000000000000000000e+00 9.399293286219081445e-01 0.000000000000000000e+00 
1.407443633070215583e-04 4.417745172977447510e-01 0.000000000000000000e+00 1.000000000000000000e+00 9.054487179487179516e-01 0.000000000000000000e+00 8.753709198813056647e-01 0.000000000000000000e+00 9.407665505226481262e-01 0.000000000000000000e+00 
1.367513468721881509e-04 4.364230930805206299e-01 0.000000000000000000e+00 1.000000000000000000e+00 9.070512820512820484e-01 0.000000000000000000e+00 8.802395209580838875e-01 0.000000000000000000e+00 9.379310344827586077e-01 0.000000000000000000e+00 
1.378338347421959043e-04 4.309760034084320068e-01 0.000000000000000000e+00 1.000000000000000000e+00 9.070512820512820484e-01 0.000000000000000000e+00 8.802395209580838875e-01 0.000000000000000000e+00 9.379310344827586077e-01 0.000000000000000000e+00 
1.343459734926000237e-04 4.272093772888183594e-01 0.000000000000000000e+00 1.000000000000000000e+00 9.102564102564102422e-01 0.000000000000000000e+00 8.855421686746988152e-01 0.000000000000000000e+00 9.383561643835616195e-01 0.000000000000000000e+00 
1.284023455809801817e-04 4.238106310367584229e-01 0.000000000000000000e+00 1.000000000000000000e+00 9.118589743589743390e-01 0.000000000000000000e+00 8.882175226586103145e-01 0.000000000000000000e+00 9.385665529010238650e-01 0.000000000000000000e+00 
1.316007692366838455e-04 4.220438301563262939e-01 0.000000000000000000e+00 1.000000000000000000e+00 9.134615384615384359e-01 0.000000000000000000e+00 8.909090909090908728e-01 0.000000000000000000e+00 9.387755102040816757e-01 0.000000000000000000e+00 
1.317515707341954112e-04 4.200731515884399414e-01 0.000000000000000000e+00 1.000000000000000000e+00 9.134615384615384359e-01 0.000000000000000000e+00 8.909090909090908728e-01 0.000000000000000000e+00 9.387755102040816757e-01 0.000000000000000000e+00 
1.265574683202430606e-04 4.187258780002593994e-01 0.000000000000000000e+00 1.000000000000000000e+00 9.134615384615384359e-01 0.000000000000000000e+00 8.909090909090908728e-01 0.000000000000000000e+00 9.387755102040816757e-01 0.000000000000000000e+00 
1.259674027096480131e-04 4.176945984363555908e-01 0.000000000000000000e+00 1.000000000000000000e+00 9.134615384615384359e-01 0.000000000000000000e+00 8.909090909090908728e-01 0.000000000000000000e+00 9.387755102040816757e-01 0.000000000000000000e+00 
1.231831120094284415e-04 4.165820777416229248e-01 0.000000000000000000e+00 1.000000000000000000e+00 9.150641025641025328e-01 0.000000000000000000e+00 8.936170212765957022e-01 0.000000000000000000e+00 9.389830508474575899e-01 0.000000000000000000e+00 
1.208700632560066879e-04 4.157632589340209961e-01 0.000000000000000000e+00 1.000000000000000000e+00 9.150641025641025328e-01 0.000000000000000000e+00 8.936170212765957022e-01 0.000000000000000000e+00 9.389830508474575899e-01 0.000000000000000000e+00 
1.266748295165598392e-04 4.139031171798706055e-01 0.000000000000000000e+00 1.000000000000000000e+00 9.166666666666666297e-01 0.000000000000000000e+00 8.963414634146341653e-01 0.000000000000000000e+00 9.391891891891891442e-01 0.000000000000000000e+00 
1.194558790302835405e-04 4.123040139675140381e-01 0.000000000000000000e+00 1.000000000000000000e+00 9.166666666666666297e-01 0.000000000000000000e+00 8.963414634146341653e-01 0.000000000000000000e+00 9.391891891891891442e-01 0.000000000000000000e+00 
1.178299935418181121e-04 4.107224345207214355e-01 0.000000000000000000e+00 1.000000000000000000e+00 9.166666666666666297e-01 0.000000000000000000e+00 8.963414634146341653e-01 0.000000000000000000e+00 9.391891891891891442e-01 0.000000000000000000e+00 
1.158522427431307733e-04 4.102092087268829346e-01 0.000000000000000000e+00 1.000000000000000000e+00 9.182692307692307265e-01 0.000000000000000000e+00 8.990825688073394995e-01 0.000000000000000000e+00 9.393939393939394478e-01 0.000000000000000000e+00 
1.117224819608964026e-04 4.100309014320373535e-01 0.000000000000000000e+00 1.000000000000000000e+00 9.182692307692307265e-01 0.000000000000000000e+00 8.990825688073394995e-01 0.000000000000000000e+00 9.393939393939394478e-01 0.000000000000000000e+00 
1.114721453632228076e-04 4.094736576080322266e-01 0.000000000000000000e+00 1.000000000000000000e+00 9.182692307692307265e-01 0.000000000000000000e+00 8.990825688073394995e-01 0.000000000000000000e+00 9.393939393939394478e-01 0.000000000000000000e+00 
1.091918893507681787e-04 4.098881185054779053e-01 0.000000000000000000e+00 1.000000000000000000e+00 9.182692307692307265e-01 0.000000000000000000e+00 8.990825688073394995e-01 0.000000000000000000e+00 9.393939393939394478e-01 0.000000000000000000e+00 
1.082530507119372487e-04 4.087197184562683105e-01 0.000000000000000000e+00 1.000000000000000000e+00 9.182692307692307265e-01 0.000000000000000000e+00 8.990825688073394995e-01 0.000000000000000000e+00 9.393939393939394478e-01 0.000000000000000000e+00 
1.072799132089130580e-04 4.083348214626312256e-01 0.000000000000000000e+00 1.000000000000000000e+00 9.198717948717948234e-01 0.000000000000000000e+00 9.018404907975460238e-01 0.000000000000000000e+00 9.395973154362415869e-01 0.000000000000000000e+00 
1.072143422788940370e-04 4.097909033298492432e-01 0.000000000000000000e+00 1.000000000000000000e+00 9.166666666666666297e-01 0.000000000000000000e+00 8.963414634146341653e-01 0.000000000000000000e+00 9.391891891891891442e-01 0.000000000000000000e+00 
1.056287946994416416e-04 4.090501964092254639e-01 0.000000000000000000e+00 1.000000000000000000e+00 9.182692307692307265e-01 0.000000000000000000e+00 8.990825688073394995e-01 0.000000000000000000e+00 9.393939393939394478e-01 0.000000000000000000e+00 
1.178153106593526900e-04 4.095673263072967529e-01 0.000000000000000000e+00 1.000000000000000000e+00 9.182692307692307265e-01 0.000000000000000000e+00 8.990825688073394995e-01 0.000000000000000000e+00 9.393939393939394478e-01 0.000000000000000000e+00 
1.048164922394789755e-04 4.093096256256103516e-01 0.000000000000000000e+00 1.000000000000000000e+00 9.182692307692307265e-01 0.000000000000000000e+00 8.990825688073394995e-01 0.000000000000000000e+00 9.393939393939394478e-01 0.000000000000000000e+00 
9.908028732752427459e-05 4.095885455608367920e-01 0.000000000000000000e+00 1.000000000000000000e+00 9.182692307692307265e-01 0.000000000000000000e+00 8.990825688073394995e-01 0.000000000000000000e+00 9.393939393939394478e-01 0.000000000000000000e+00 
1.009029001579619944e-04 4.103147983551025391e-01 0.000000000000000000e+00 1.000000000000000000e+00 9.182692307692307265e-01 0.000000000000000000e+00 8.990825688073394995e-01 0.000000000000000000e+00 9.393939393939394478e-01 0.000000000000000000e+00 
9.974354179576039314e-05 4.110996723175048828e-01 0.000000000000000000e+00 1.000000000000000000e+00 9.182692307692307265e-01 0.000000000000000000e+00 8.990825688073394995e-01 0.000000000000000000e+00 9.393939393939394478e-01 0.000000000000000000e+00 
1.016348614939488471e-04 4.110189080238342285e-01 0.000000000000000000e+00 1.000000000000000000e+00 9.182692307692307265e-01 0.000000000000000000e+00 8.990825688073394995e-01 0.000000000000000000e+00 9.393939393939394478e-01 0.000000000000000000e+00 
9.884336031973361969e-05 4.109967947006225586e-01 0.000000000000000000e+00 1.000000000000000000e+00 9.182692307692307265e-01 0.000000000000000000e+00 8.990825688073394995e-01 0.000000000000000000e+00 9.393939393939394478e-01 0.000000000000000000e+00 
9.664376557338982821e-05 4.102530479431152344e-01 0.000000000000000000e+00 1.000000000000000000e+00 9.182692307692307265e-01 0.000000000000000000e+00 8.990825688073394995e-01 0.000000000000000000e+00 9.393939393939394478e-01 0.000000000000000000e+00 
9.456475527258589864e-05 4.104601144790649414e-01 0.000000000000000000e+00 1.000000000000000000e+00 9.182692307692307265e-01 0.000000000000000000e+00 8.990825688073394995e-01 0.000000000000000000e+00 9.393939393939394478e-01 0.000000000000000000e+00 
9.122052870225161314e-05 4.110848903656005859e-01 0.000000000000000000e+00 1.000000000000000000e+00 9.182692307692307265e-01 0.000000000000000000e+00 8.990825688073394995e-01 0.000000000000000000e+00 9.393939393939394478e-01 0.000000000000000000e+00 
9.269441943615674973e-05 4.118263125419616699e-01 0.000000000000000000e+00 1.000000000000000000e+00 9.182692307692307265e-01 0.000000000000000000e+00 8.990825688073394995e-01 0.000000000000000000e+00 9.393939393939394478e-01 0.000000000000000000e+00 
9.166316885966807604e-05 4.132989346981048584e-01 0.000000000000000000e+00 1.000000000000000000e+00 9.166666666666666297e-01 0.000000000000000000e+00 8.963414634146341653e-01 0.000000000000000000e+00 9.391891891891891442e-01 0.000000000000000000e+00 
9.374508226756006479e-05 4.142012000083923340e-01 0.000000000000000000e+00 1.000000000000000000e+00 9.182692307692307265e-01 0.000000000000000000e+00 8.990825688073394995e-01 0.000000000000000000e+00 9.393939393939394478e-01 0.000000000000000000e+00 
9.104186028707772493e-05 4.152252972126007080e-01 0.000000000000000000e+00 1.000000000000000000e+00 9.166666666666666297e-01 0.000000000000000000e+00 8.963414634146341653e-01 0.000000000000000000e+00 9.391891891891891442e-01 0.000000000000000000e+00 
8.730708941584452987e-05 4.163583219051361084e-01 0.000000000000000000e+00 1.000000000000000000e+00 9.166666666666666297e-01 0.000000000000000000e+00 8.963414634146341653e-01 0.000000000000000000e+00 9.391891891891891442e-01 0.000000000000000000e+00 
8.745165541768074036e-05 4.175011217594146729e-01 0.000000000000000000e+00 1.000000000000000000e+00 9.166666666666666297e-01 0.000000000000000000e+00 8.963414634146341653e-01 0.000000000000000000e+00 9.391891891891891442e-01 0.000000000000000000e+00 
8.844739204505458474e-05 4.164638519287109375e-01 0.000000000000000000e+00 1.000000000000000000e+00 9.166666666666666297e-01 0.000000000000000000e+00 8.963414634146341653e-01 0.000000000000000000e+00 9.391891891891891442e-01 0.000000000000000000e+00 
8.627144416095688939e-05 4.193134903907775879e-01 0.000000000000000000e+00 1.000000000000000000e+00 9.166666666666666297e-01 0.000000000000000000e+00 8.963414634146341653e-01 0.000000000000000000e+00 9.391891891891891442e-01 0.000000000000000000e+00 
8.568722842028364539e-05 4.197047352790832520e-01 0.000000000000000000e+00 1.000000000000000000e+00 9.166666666666666297e-01 0.000000000000000000e+00 8.963414634146341653e-01 0.000000000000000000e+00 9.391891891891891442e-01 0.000000000000000000e+00 
8.331171557074412704e-05 4.192543923854827881e-01 0.000000000000000000e+00 1.000000000000000000e+00 9.166666666666666297e-01 0.000000000000000000e+00 8.963414634146341653e-01 0.000000000000000000e+00 9.391891891891891442e-01 0.000000000000000000e+00 
8.452929614577442408e-05 4.194959998130798340e-01 0.000000000000000000e+00 1.000000000000000000e+00 9.166666666666666297e-01 0.000000000000000000e+00 8.963414634146341653e-01 0.000000000000000000e+00 9.391891891891891442e-01 0.000000000000000000e+00 
8.371558215003460646e-05 4.200734794139862061e-01 0.000000000000000000e+00 1.000000000000000000e+00 9.166666666666666297e-01 0.000000000000000000e+00 8.963414634146341653e-01 0.000000000000000000e+00 9.391891891891891442e-01 0.000000000000000000e+00 
7.841325714252889156e-05 4.206507802009582520e-01 0.000000000000000000e+00 1.000000000000000000e+00 9.166666666666666297e-01 0.000000000000000000e+00 8.963414634146341653e-01 0.000000000000000000e+00 9.391891891891891442e-01 0.000000000000000000e+00 
7.856374577386304736e-05 4.214636087417602539e-01 0.000000000000000000e+00 1.000000000000000000e+00 9.166666666666666297e-01 0.000000000000000000e+00 8.963414634146341653e-01 0.000000000000000000e+00 9.391891891891891442e-01 0.000000000000000000e+00 
7.921947690192610025e-05 4.204143583774566650e-01 0.000000000000000000e+00 1.000000000000000000e+00 9.166666666666666297e-01 0.000000000000000000e+00 8.963414634146341653e-01 0.000000000000000000e+00 9.391891891891891442e-01 0.000000000000000000e+00 
7.771432865411043167e-05 4.210117161273956299e-01 0.000000000000000000e+00 1.000000000000000000e+00 9.166666666666666297e-01 0.000000000000000000e+00 8.963414634146341653e-01 0.000000000000000000e+00 9.391891891891891442e-01 0.000000000000000000e+00 
7.719573477515950799e-05 4.206416010856628418e-01 0.000000000000000000e+00 1.000000000000000000e+00 9.166666666666666297e-01 0.000000000000000000e+00 8.963414634146341653e-01 0.000000000000000000e+00 9.391891891891891442e-01 0.000000000000000000e+00 
7.543717947555705905e-05 4.217981696128845215e-01 0.000000000000000000e+00 1.000000000000000000e+00 9.166666666666666297e-01 0.000000000000000000e+00 8.963414634146341653e-01 0.000000000000000000e+00 9.391891891891891442e-01 0.000000000000000000e+00 
7.545809057774022222e-05 4.224951267242431641e-01 0.000000000000000000e+00 1.000000000000000000e+00 9.150641025641025328e-01 0.000000000000000000e+00 8.936170212765957022e-01 0.000000000000000000e+00 9.389830508474575899e-01 0.000000000000000000e+00 
7.436726446030661464e-05 4.224670231342315674e-01 0.000000000000000000e+00 1.000000000000000000e+00 9.150641025641025328e-01 0.000000000000000000e+00 8.936170212765957022e-01 0.000000000000000000e+00 9.389830508474575899e-01 0.000000000000000000e+00 
7.428826211253181100e-05 4.223908185958862305e-01 0.000000000000000000e+00 1.000000000000000000e+00 9.134615384615384359e-01 0.000000000000000000e+00 8.909090909090908728e-01 0.000000000000000000e+00 9.387755102040816757e-01 0.000000000000000000e+00 
7.199777610367164016e-05 4.225874841213226318e-01 0.000000000000000000e+00 1.000000000000000000e+00 9.134615384615384359e-01 0.000000000000000000e+00 8.909090909090908728e-01 0.000000000000000000e+00 9.387755102040816757e-01 0.000000000000000000e+00 
7.516310142818838358e-05 4.233562350273132324e-01 0.000000000000000000e+00 1.000000000000000000e+00 9.134615384615384359e-01 0.000000000000000000e+00 8.909090909090908728e-01 0.000000000000000000e+00 9.387755102040816757e-01 0.000000000000000000e+00 
7.310807268368080258e-05 4.237849414348602295e-01 0.000000000000000000e+00 1.000000000000000000e+00 9.134615384615384359e-01 0.000000000000000000e+00 8.909090909090908728e-01 0.000000000000000000e+00 9.387755102040816757e-01 0.000000000000000000e+00 
7.013499998720362782e-05 4.245336651802062988e-01 0.000000000000000000e+00 1.000000000000000000e+00 9.134615384615384359e-01 0.000000000000000000e+00 8.909090909090908728e-01 0.000000000000000000e+00 9.387755102040816757e-01 0.000000000000000000e+00 
6.965361535549163818e-05 4.232981801033020020e-01 0.000000000000000000e+00 1.000000000000000000e+00 9.118589743589743390e-01 0.000000000000000000e+00 8.882175226586103145e-01 0.000000000000000000e+00 9.385665529010238650e-01 0.000000000000000000e+00 
7.004707731539383531e-05 4.235531389713287354e-01 0.000000000000000000e+00 1.000000000000000000e+00 9.118589743589743390e-01 0.000000000000000000e+00 8.882175226586103145e-01 0.000000000000000000e+00 9.385665529010238650e-01 0.000000000000000000e+00 
6.947031215531751513e-05 4.240223765373229980e-01 0.000000000000000000e+00 1.000000000000000000e+00 9.118589743589743390e-01 0.000000000000000000e+00 8.882175226586103145e-01 0.000000000000000000e+00 9.385665529010238650e-01 0.000000000000000000e+00 
6.844654126325622201e-05 4.237310886383056641e-01 0.000000000000000000e+00 1.000000000000000000e+00 9.118589743589743390e-01 0.000000000000000000e+00 8.882175226586103145e-01 0.000000000000000000e+00 9.385665529010238650e-01 0.000000000000000000e+00 
6.864035822218284011e-05 4.243810772895812988e-01 0.000000000000000000e+00 1.000000000000000000e+00 9.118589743589743390e-01 0.000000000000000000e+00 8.882175226586103145e-01 0.000000000000000000e+00 9.385665529010238650e-01 0.000000000000000000e+00 
6.709041190333664417e-05 4.249295592308044434e-01 0.000000000000000000e+00 1.000000000000000000e+00 9.118589743589743390e-01 0.000000000000000000e+00 8.882175226586103145e-01 0.000000000000000000e+00 9.385665529010238650e-01 0.000000000000000000e+00 
6.585203664144501090e-05 4.273271858692169189e-01 0.000000000000000000e+00 1.000000000000000000e+00 9.118589743589743390e-01 0.000000000000000000e+00 8.882175226586103145e-01 0.000000000000000000e+00 9.385665529010238650e-01 0.000000000000000000e+00 
6.519934686366468668e-05 4.281929135322570801e-01 0.000000000000000000e+00 1.000000000000000000e+00 9.134615384615384359e-01 0.000000000000000000e+00 8.885542168674698260e-01 0.000000000000000000e+00 9.417808219178082085e-01 0.000000000000000000e+00 
6.335145735647529364e-05 4.295358955860137939e-01 0.000000000000000000e+00 1.000000000000000000e+00 9.166666666666666297e-01 0.000000000000000000e+00 8.892215568862275044e-01 0.000000000000000000e+00 9.482758620689655249e-01 0.000000000000000000e+00 
6.273150938795879483e-05 4.288626909255981445e-01 0.000000000000000000e+00 1.000000000000000000e+00 9.166666666666666297e-01 0.000000000000000000e+00 8.892215568862275044e-01 0.000000000000000000e+00 9.482758620689655249e-01 0.000000000000000000e+00 
6.279412627918645740e-05 4.305346608161926270e-01 0.000000000000000000e+00 1.000000000000000000e+00 9.166666666666666297e-01 0.000000000000000000e+00 8.892215568862275044e-01 0.000000000000000000e+00 9.482758620689655249e-01 0.000000000000000000e+00 
6.769927131244912744e-05 4.312546551227569580e-01 0.000000000000000000e+00 1.000000000000000000e+00 9.166666666666666297e-01 0.000000000000000000e+00 8.892215568862275044e-01 0.000000000000000000e+00 9.482758620689655249e-01 0.000000000000000000e+00 
7.141970854718238115e-05 4.315705895423889160e-01 0.000000000000000000e+00 1.000000000000000000e+00 9.150641025641025328e-01 0.000000000000000000e+00 8.865671641791045277e-01 0.000000000000000000e+00 9.480968858131487709e-01 0.000000000000000000e+00 
6.281209061853587627e-05 4.343769848346710205e-01 0.000000000000000000e+00 1.000000000000000000e+00 9.166666666666666297e-01 0.000000000000000000e+00 8.869047619047618625e-01 0.000000000000000000e+00 9.513888888888888395e-01 0.000000000000000000e+00 
6.191493594087660313e-05 4.334415197372436523e-01 0.000000000000000000e+00 1.000000000000000000e+00 9.166666666666666297e-01 0.000000000000000000e+00 8.869047619047618625e-01 0.000000000000000000e+00 9.513888888888888395e-01 0.000000000000000000e+00 
5.927868187427520752e-05 4.333719611167907715e-01 0.000000000000000000e+00 1.000000000000000000e+00 9.166666666666666297e-01 0.000000000000000000e+00 8.869047619047618625e-01 0.000000000000000000e+00 9.513888888888888395e-01 0.000000000000000000e+00 
5.822063030791468918e-05 4.335444569587707520e-01 0.000000000000000000e+00 1.000000000000000000e+00 9.166666666666666297e-01 0.000000000000000000e+00 8.869047619047618625e-01 0.000000000000000000e+00 9.513888888888888395e-01 0.000000000000000000e+00 
5.799264181405305862e-05 4.351932406425476074e-01 0.000000000000000000e+00 1.000000000000000000e+00 9.182692307692307265e-01 0.000000000000000000e+00 8.872403560830860458e-01 0.000000000000000000e+00 9.547038327526132795e-01 0.000000000000000000e+00 
5.694203355233184993e-05 4.377104640007019043e-01 0.000000000000000000e+00 1.000000000000000000e+00 9.150641025641025328e-01 0.000000000000000000e+00 8.820058997050147509e-01 0.000000000000000000e+00 9.543859649122806710e-01 0.000000000000000000e+00 
5.738612526329234242e-05 4.399501085281372070e-01 0.000000000000000000e+00 1.000000000000000000e+00 9.150641025641025328e-01 0.000000000000000000e+00 8.797653958944281483e-01 0.000000000000000000e+00 9.575971731448763569e-01 0.000000000000000000e+00 
5.739360494771972299e-05 4.393731057643890381e-01 0.000000000000000000e+00 1.000000000000000000e+00 9.150641025641025328e-01 0.000000000000000000e+00 8.797653958944281483e-01 0.000000000000000000e+00 9.575971731448763569e-01 0.000000000000000000e+00 
5.735038575949147344e-05 4.402819871902465820e-01 0.000000000000000000e+00 1.000000000000000000e+00 9.150641025641025328e-01 0.000000000000000000e+00 8.797653958944281483e-01 0.000000000000000000e+00 9.575971731448763569e-01 0.000000000000000000e+00 
5.469630195875652134e-05 4.411516487598419189e-01 0.000000000000000000e+00 1.000000000000000000e+00 9.150641025641025328e-01 0.000000000000000000e+00 8.775510204081632404e-01 0.000000000000000000e+00 9.608540925266904065e-01 0.000000000000000000e+00 
5.415086707216687500e-05 4.429430067539215088e-01 0.000000000000000000e+00 1.000000000000000000e+00 9.150641025641025328e-01 0.000000000000000000e+00 8.775510204081632404e-01 0.000000000000000000e+00 9.608540925266904065e-01 0.000000000000000000e+00 
5.433119440567679703e-05 4.446003735065460205e-01 0.000000000000000000e+00 1.000000000000000000e+00 9.118589743589743390e-01 0.000000000000000000e+00 8.724637681159420621e-01 0.000000000000000000e+00 9.605734767025089216e-01 0.000000000000000000e+00 
5.287527528707869351e-05 4.453705549240112305e-01 0.000000000000000000e+00 1.000000000000000000e+00 9.118589743589743390e-01 0.000000000000000000e+00 8.724637681159420621e-01 0.000000000000000000e+00 9.605734767025089216e-01 0.000000000000000000e+00 
5.260703619569540024e-05 4.484841823577880859e-01 0.000000000000000000e+00 1.000000000000000000e+00 9.102564102564102422e-01 0.000000000000000000e+00 8.699421965317919447e-01 0.000000000000000000e+00 9.604316546762590168e-01 0.000000000000000000e+00 
5.461138425744138658e-05 4.380886852741241455e-01 0.000000000000000000e+00 1.000000000000000000e+00 9.166666666666666297e-01 0.000000000000000000e+00 8.801169590643275198e-01 0.000000000000000000e+00 9.609929078014184389e-01 0.000000000000000000e+00 
5.214954944676719606e-05 4.384710788726806641e-01 0.000000000000000000e+00 1.000000000000000000e+00 9.166666666666666297e-01 0.000000000000000000e+00 8.801169590643275198e-01 0.000000000000000000e+00 9.609929078014184389e-01 0.000000000000000000e+00 
5.133292506798170507e-05 4.412927329540252686e-01 0.000000000000000000e+00 1.000000000000000000e+00 9.166666666666666297e-01 0.000000000000000000e+00 8.801169590643275198e-01 0.000000000000000000e+00 9.609929078014184389e-01 0.000000000000000000e+00 
5.065486766397953033e-05 4.434546530246734619e-01 0.000000000000000000e+00 1.000000000000000000e+00 9.134615384615384359e-01 0.000000000000000000e+00 8.750000000000000000e-01 0.000000000000000000e+00 9.607142857142857428e-01 0.000000000000000000e+00 
4.991871173842810094e-05 4.413387179374694824e-01 0.000000000000000000e+00 1.000000000000000000e+00 9.134615384615384359e-01 0.000000000000000000e+00 8.750000000000000000e-01 0.000000000000000000e+00 9.607142857142857428e-01 0.000000000000000000e+00 
5.182629683986306190e-05 4.405088126659393311e-01 0.000000000000000000e+00 1.000000000000000000e+00 9.134615384615384359e-01 0.000000000000000000e+00 8.750000000000000000e-01 0.000000000000000000e+00 9.607142857142857428e-01 0.000000000000000000e+00 
4.950742732034996152e-05 4.283553063869476318e-01 0.000000000000000000e+00 1.000000000000000000e+00 9.214743589743589203e-01 0.000000000000000000e+00 8.879056047197639856e-01 0.000000000000000000e+00 9.614035087719298156e-01 0.000000000000000000e+00 
4.798592635779641569e-05 4.300325810909271240e-01 0.000000000000000000e+00 1.000000000000000000e+00 9.214743589743589203e-01 0.000000000000000000e+00 8.879056047197639856e-01 0.000000000000000000e+00 9.614035087719298156e-01 0.000000000000000000e+00 
4.788609658135101199e-05 4.319465756416320801e-01 0.000000000000000000e+00 1.000000000000000000e+00 9.182692307692307265e-01 0.000000000000000000e+00 8.826979472140762395e-01 0.000000000000000000e+00 9.611307420494699105e-01 0.000000000000000000e+00 
4.814241037820465863e-05 4.345310032367706299e-01 0.000000000000000000e+00 1.000000000000000000e+00 9.182692307692307265e-01 0.000000000000000000e+00 8.826979472140762395e-01 0.000000000000000000e+00 9.611307420494699105e-01 0.000000000000000000e+00 
4.848367461818270385e-05 4.345712065696716309e-01 0.000000000000000000e+00 1.000000000000000000e+00 9.182692307692307265e-01 0.000000000000000000e+00 8.826979472140762395e-01 0.000000000000000000e+00 9.611307420494699105e-01 0.000000000000000000e+00 
4.647040623240172863e-05 4.397514462471008301e-01 0.000000000000000000e+00 1.000000000000000000e+00 9.134615384615384359e-01 0.000000000000000000e+00 8.750000000000000000e-01 0.000000000000000000e+00 9.607142857142857428e-01 0.000000000000000000e+00 
4.561055902740918100e-05 4.411472082138061523e-01 0.000000000000000000e+00 1.000000000000000000e+00 9.134615384615384359e-01 0.000000000000000000e+00 8.750000000000000000e-01 0.000000000000000000e+00 9.607142857142857428e-01 0.000000000000000000e+00 
4.569104567053727806e-05 4.415580630302429199e-01 0.000000000000000000e+00 1.000000000000000000e+00 9.134615384615384359e-01 0.000000000000000000e+00 8.750000000000000000e-01 0.000000000000000000e+00 9.607142857142857428e-01 0.000000000000000000e+00 
4.568509029923006892e-05 4.495669603347778320e-01 0.000000000000000000e+00 1.000000000000000000e+00 9.102564102564102422e-01 0.000000000000000000e+00 8.699421965317919447e-01 0.000000000000000000e+00 9.604316546762590168e-01 0.000000000000000000e+00 
4.441990677150897682e-05 4.532586038112640381e-01 0.000000000000000000e+00 1.000000000000000000e+00 9.086538461538461453e-01 0.000000000000000000e+00 8.674351585014409283e-01 0.000000000000000000e+00 9.602888086642599186e-01 0.000000000000000000e+00 
4.425898441695608199e-05 4.560733139514923096e-01 0.000000000000000000e+00 1.000000000000000000e+00 9.070512820512820484e-01 0.000000000000000000e+00 8.649425287356321546e-01 0.000000000000000000e+00 9.601449275362319291e-01 0.000000000000000000e+00 
4.280900611774995923e-05 4.391601383686065674e-01 0.000000000000000000e+00 1.000000000000000000e+00 9.134615384615384359e-01 0.000000000000000000e+00 8.750000000000000000e-01 0.000000000000000000e+00 9.607142857142857428e-01 0.000000000000000000e+00 
4.333207107265479863e-05 4.206520617008209229e-01 0.000000000000000000e+00 1.000000000000000000e+00 9.214743589743589203e-01 0.000000000000000000e+00 8.879056047197639856e-01 0.000000000000000000e+00 9.614035087719298156e-01 0.000000000000000000e+00 
4.301466833567246795e-05 4.216241240501403809e-01 0.000000000000000000e+00 1.000000000000000000e+00 9.214743589743589203e-01 0.000000000000000000e+00 8.879056047197639856e-01 0.000000000000000000e+00 9.614035087719298156e-01 0.000000000000000000e+00 
4.353472832008264959e-05 4.249049127101898193e-01 0.000000000000000000e+00 1.000000000000000000e+00 9.182692307692307265e-01 0.000000000000000000e+00 8.826979472140762395e-01 0.000000000000000000e+00 9.611307420494699105e-01 0.000000000000000000e+00 
4.239176269038580358e-05 4.292797744274139404e-01 0.000000000000000000e+00 1.000000000000000000e+00 9.150641025641025328e-01 0.000000000000000000e+00 8.775510204081632404e-01 0.000000000000000000e+00 9.608540925266904065e-01 0.000000000000000000e+00 
4.087475463165901601e-05 4.325230419635772705e-01 0.000000000000000000e+00 1.000000000000000000e+00 9.134615384615384359e-01 0.000000000000000000e+00 8.750000000000000000e-01 0.000000000000000000e+00 9.607142857142857428e-01 0.000000000000000000e+00 
4.152148903813213110e-05 4.363391697406768799e-01 0.000000000000000000e+00 1.000000000000000000e+00 9.134615384615384359e-01 0.000000000000000000e+00 8.750000000000000000e-01 0.000000000000000000e+00 9.607142857142857428e-01 0.000000000000000000e+00 
4.057224941789172590e-05 4.416784346103668213e-01 0.000000000000000000e+00 1.000000000000000000e+00 9.134615384615384359e-01 0.000000000000000000e+00 8.750000000000000000e-01 0.000000000000000000e+00 9.607142857142857428e-01 0.000000000000000000e+00 
3.979288885602727532e-05 4.417140781879425049e-01 0.000000000000000000e+00 1.000000000000000000e+00 9.134615384615384359e-01 0.000000000000000000e+00 8.750000000000000000e-01 0.000000000000000000e+00 9.607142857142857428e-01 0.000000000000000000e+00 
