6.936418257373998530e-01 6.931374954934023114e-01 0.000000000000000000e+00 4.980162116040955378e-01 5.062667031098153636e-01 0.000000000000000000e+00 5.051640684436720097e-01 0.000000000000000000e+00 5.082951148346371850e-01 0.000000000000000000e+00 
6.932807343913426346e-01 6.928891661215801356e-01 0.000000000000000000e+00 5.041204493742890147e-01 5.014835398445093295e-01 0.000000000000000000e+00 5.007608199786424130e-01 0.000000000000000000e+00 5.340621963070942835e-01 0.000000000000000000e+00 
6.881339946501083826e-01 6.843051983385669557e-01 0.000000000000000000e+00 5.403174772468714027e-01 5.536427964042759386e-01 0.000000000000000000e+00 5.471523854807657239e-01 0.000000000000000000e+00 5.624135158828412751e-01 0.000000000000000000e+00 
6.846668981956540723e-01 6.827268314604856281e-01 0.000000000000000000e+00 5.523855233219567840e-01 5.590470116618072582e-01 0.000000000000000000e+00 5.578788500836799891e-01 0.000000000000000000e+00 5.603257364519622641e-01 0.000000000000000000e+00 
6.836141393148044143e-01 6.824431680903142450e-01 0.000000000000000000e+00 5.551478953356085988e-01 5.586628401360543839e-01 0.000000000000000000e+00 5.603235295699229290e-01 0.000000000000000000e+00 5.571878970637577089e-01 0.000000000000000000e+00 
6.831343986577141925e-01 6.821397968700954051e-01 0.000000000000000000e+00 5.578747155858930773e-01 5.606581025267249885e-01 0.000000000000000000e+00 5.656761489361653572e-01 0.000000000000000000e+00 5.562468603574213244e-01 0.000000000000000000e+00 
6.827588707310348060e-01 6.823388356335309268e-01 0.000000000000000000e+00 5.583884385665528471e-01 5.604789237123419809e-01 0.000000000000000000e+00 5.692891173308490815e-01 0.000000000000000000e+00 5.537051719706166386e-01 0.000000000000000000e+00 
6.825223809521352436e-01 6.827478487880862534e-01 0.000000000000000000e+00 5.587101820250284234e-01 5.595724003887269093e-01 0.000000000000000000e+00 5.712862915311673895e-01 0.000000000000000000e+00 5.509055407897742729e-01 0.000000000000000000e+00 
6.821959245530411220e-01 6.822206609103144137e-01 0.000000000000000000e+00 5.601802474402730603e-01 5.599945335276969027e-01 0.000000000000000000e+00 5.644154058584841538e-01 0.000000000000000000e+00 5.560366179214545346e-01 0.000000000000000000e+00 
6.820626968308113325e-01 6.819972608770642486e-01 0.000000000000000000e+00 5.604966581342434306e-01 5.579840864917394727e-01 0.000000000000000000e+00 5.638921031157275721e-01 0.000000000000000000e+00 5.534600182816933334e-01 0.000000000000000000e+00 
6.817966578153212831e-01 6.822245960332908865e-01 0.000000000000000000e+00 5.617498577929465053e-01 5.591775996112731129e-01 0.000000000000000000e+00 5.598139898445749774e-01 0.000000000000000000e+00 5.587971554864115120e-01 0.000000000000000000e+00 
6.816265369132924468e-01 6.821226416801919878e-01 0.000000000000000000e+00 5.620271615472126614e-01 5.592778182701652057e-01 0.000000000000000000e+00 5.588332227727593748e-01 0.000000000000000000e+00 5.604129149199014170e-01 0.000000000000000000e+00 
6.814750222317594863e-01 6.818684388180168421e-01 0.000000000000000000e+00 5.622120307167235431e-01 5.606581025267249885e-01 0.000000000000000000e+00 5.580540493389731793e-01 0.000000000000000000e+00 5.631792216261350958e-01 0.000000000000000000e+00 
6.812710288848485840e-01 6.819469776688790175e-01 0.000000000000000000e+00 5.627310864618885189e-01 5.592155612244897878e-01 0.000000000000000000e+00 5.635155278520382893e-01 0.000000000000000000e+00 5.550508106934839425e-01 0.000000000000000000e+00 
6.811599161844611450e-01 6.825260027330748436e-01 0.000000000000000000e+00 5.630652730375426129e-01 5.581207482993196800e-01 0.000000000000000000e+00 5.704891742128767040e-01 0.000000000000000000e+00 5.497158350315720643e-01 0.000000000000000000e+00 
6.810702670251143065e-01 6.819441859819450613e-01 0.000000000000000000e+00 5.621000426621159951e-01 5.608843537414966995e-01 0.000000000000000000e+00 5.569923521939602606e-01 0.000000000000000000e+00 5.644853782069303438e-01 0.000000000000000000e+00 
6.807442640078352758e-01 6.821574635651647123e-01 0.000000000000000000e+00 5.636021046643914234e-01 5.592854105928086739e-01 0.000000000000000000e+00 5.607599522004874659e-01 0.000000000000000000e+00 5.579373781379597386e-01 0.000000000000000000e+00 
6.806232158946502464e-01 6.824723877468887867e-01 0.000000000000000000e+00 5.640109499431171791e-01 5.611227526724973380e-01 0.000000000000000000e+00 5.494484772468760658e-01 0.000000000000000000e+00 5.796078885212959664e-01 0.000000000000000000e+00 
6.805768072808562330e-01 6.824741150651659760e-01 0.000000000000000000e+00 5.639238481228668887e-01 5.587858357628764372e-01 0.000000000000000000e+00 5.693200568900520508e-01 0.000000000000000000e+00 5.511591912415908512e-01 0.000000000000000000e+00 
6.803410111738960042e-01 6.835694659729393274e-01 0.000000000000000000e+00 5.646579920364049876e-01 5.564322157434402616e-01 0.000000000000000000e+00 5.811262528247391757e-01 0.000000000000000000e+00 5.431511159115590681e-01 0.000000000000000000e+00 
6.800249164014953163e-01 6.814047633385171832e-01 0.000000000000000000e+00 5.657938708759955304e-01 5.633579324586979187e-01 0.000000000000000000e+00 5.605823768619485614e-01 0.000000000000000000e+00 5.664005287788440590e-01 0.000000000000000000e+00 
6.800641889458223233e-01 6.819805959049536348e-01 0.000000000000000000e+00 5.652108219567690828e-01 5.592292274052479417e-01 0.000000000000000000e+00 5.672635583996451514e-01 0.000000000000000000e+00 5.524407156240945804e-01 0.000000000000000000e+00 
6.799461915224485065e-01 6.813983236040387359e-01 0.000000000000000000e+00 5.654899032992036778e-01 5.635097789115647293e-01 0.000000000000000000e+00 5.630614402198655943e-01 0.000000000000000000e+00 5.641192242499860621e-01 0.000000000000000000e+00 
6.797866478409783086e-01 6.822235219332636325e-01 0.000000000000000000e+00 5.653619169510808451e-01 5.582164115646258695e-01 0.000000000000000000e+00 5.708484734089305235e-01 0.000000000000000000e+00 5.492283245829137073e-01 0.000000000000000000e+00 
6.796724320983723588e-01 6.814185429592521936e-01 0.000000000000000000e+00 5.667822098976109668e-01 5.613474854227407107e-01 0.000000000000000000e+00 5.638861606010241445e-01 0.000000000000000000e+00 5.586029365182901829e-01 0.000000000000000000e+00 
6.794606755821370747e-01 6.815869303382172673e-01 0.000000000000000000e+00 5.660836177474403152e-01 5.630679057337220073e-01 0.000000000000000000e+00 5.557257806307123182e-01 0.000000000000000000e+00 5.724527403733569164e-01 0.000000000000000000e+00 
6.793399274552641698e-01 6.818934806755611033e-01 0.000000000000000000e+00 5.671537258248009472e-01 5.627201773566568033e-01 0.000000000000000000e+00 5.518493193640825467e-01 0.000000000000000000e+00 5.789827514243987006e-01 0.000000000000000000e+00 
6.791554975936844318e-01 6.813440712130799382e-01 0.000000000000000000e+00 5.679838594994311984e-01 5.629008746355682602e-01 0.000000000000000000e+00 5.613065148724809550e-01 0.000000000000000000e+00 5.647846401360127055e-01 0.000000000000000000e+00 
6.789542420935712475e-01 6.813456732399609805e-01 0.000000000000000000e+00 5.676372298065983646e-01 5.612411929057339322e-01 0.000000000000000000e+00 5.638406261887998205e-01 0.000000000000000000e+00 5.587328554281106863e-01 0.000000000000000000e+00 
6.786222519016102961e-01 6.817435646543696937e-01 0.000000000000000000e+00 5.681882821387941318e-01 5.606444363459671676e-01 0.000000000000000000e+00 5.691416466393572904e-01 0.000000000000000000e+00 5.541721651709520247e-01 0.000000000000000000e+00 
6.785830604541830402e-01 6.817153363811726541e-01 0.000000000000000000e+00 5.688175483503982166e-01 5.597014698736636484e-01 0.000000000000000000e+00 5.684786858616607264e-01 0.000000000000000000e+00 5.531228360213492623e-01 0.000000000000000000e+00 
6.785312946847681381e-01 6.813389184523601649e-01 0.000000000000000000e+00 5.698912116040956155e-01 5.623314504373178035e-01 0.000000000000000000e+00 5.644481925963109603e-01 0.000000000000000000e+00 5.601123472598211750e-01 0.000000000000000000e+00 
6.784730977267535712e-01 6.815065662471615493e-01 0.000000000000000000e+00 5.686486774744027306e-01 5.638377672497567605e-01 0.000000000000000000e+00 5.585587490749368555e-01 0.000000000000000000e+00 5.699445318783109560e-01 0.000000000000000000e+00 
6.783518635067109503e-01 6.811944319277393189e-01 0.000000000000000000e+00 5.699445392491467866e-01 5.609496477162294603e-01 0.000000000000000000e+00 5.676544801477544366e-01 0.000000000000000000e+00 5.555892505850082985e-01 0.000000000000000000e+00 
6.783168948856229674e-01 6.820898037783953427e-01 0.000000000000000000e+00 5.689064277588168350e-01 5.631620505344995253e-01 0.000000000000000000e+00 5.528281869591925579e-01 0.000000000000000000e+00 5.795271734969289490e-01 0.000000000000000000e+00 
6.780089072399985151e-01 6.816342491276410342e-01 0.000000000000000000e+00 5.700760807736063862e-01 5.644269314868803900e-01 0.000000000000000000e+00 5.544869515895474166e-01 0.000000000000000000e+00 5.791745579115754605e-01 0.000000000000000000e+00 
6.779414117132844808e-01 6.829325349963440983e-01 0.000000000000000000e+00 5.710093145620023236e-01 5.608448736637511312e-01 0.000000000000000000e+00 5.483372296860135053e-01 0.000000000000000000e+00 5.822365810296135091e-01 0.000000000000000000e+00 
6.777638245361250480e-01 6.818355248898876342e-01 0.000000000000000000e+00 5.717470136518770785e-01 5.628128036929058720e-01 0.000000000000000000e+00 5.569887518241736224e-01 0.000000000000000000e+00 5.701382916271201529e-01 0.000000000000000000e+00 
6.776062797055716347e-01 6.825900527895712999e-01 0.000000000000000000e+00 5.718963310580205128e-01 5.622767857142859649e-01 0.000000000000000000e+00 5.510923862908033710e-01 0.000000000000000000e+00 5.797528683621722134e-01 0.000000000000000000e+00 
6.774348378181457297e-01 6.817718136067293377e-01 0.000000000000000000e+00 5.711035267349260369e-01 5.648839893100097154e-01 0.000000000000000000e+00 5.550835638846791653e-01 0.000000000000000000e+00 5.794803089992426326e-01 0.000000000000000000e+00 
6.774763784921209453e-01 6.816638489158786118e-01 0.000000000000000000e+00 5.710910836177474081e-01 5.620383867832847713e-01 0.000000000000000000e+00 5.733011281430683281e-01 0.000000000000000000e+00 5.535430488554083928e-01 0.000000000000000000e+00 
6.771175157901776487e-01 6.810617282682535079e-01 0.000000000000000000e+00 5.724953782707622452e-01 5.635978498542273396e-01 0.000000000000000000e+00 5.599858463283181598e-01 0.000000000000000000e+00 5.678366461915279606e-01 0.000000000000000000e+00 
6.769000751471763166e-01 6.826248126370566549e-01 0.000000000000000000e+00 5.724153868031853776e-01 5.600734936831875954e-01 0.000000000000000000e+00 5.762732977994318162e-01 0.000000000000000000e+00 5.493569840662985149e-01 0.000000000000000000e+00 
6.767781615664121286e-01 6.813894352134393095e-01 0.000000000000000000e+00 5.730215443686006438e-01 5.641202016520894258e-01 0.000000000000000000e+00 5.572375916984437794e-01 0.000000000000000000e+00 5.727166349611843010e-01 0.000000000000000000e+00 
6.768125507001584440e-01 6.809889558626680550e-01 0.000000000000000000e+00 5.730979806598407444e-01 5.643707482993197688e-01 0.000000000000000000e+00 5.674389986923139562e-01 0.000000000000000000e+00 5.617278112022168202e-01 0.000000000000000000e+00 
6.765256205313034954e-01 6.815366009060217500e-01 0.000000000000000000e+00 5.734232792946529766e-01 5.639243197278911435e-01 0.000000000000000000e+00 5.727553177444558719e-01 0.000000000000000000e+00 5.571815037954207517e-01 0.000000000000000000e+00 
6.763646882752102352e-01 6.813717010069866298e-01 0.000000000000000000e+00 5.740294368600682429e-01 5.639273566569482643e-01 0.000000000000000000e+00 5.670111026396634779e-01 0.000000000000000000e+00 5.608416811602111585e-01 0.000000000000000000e+00 
6.763495323397600290e-01 6.810889785387077566e-01 0.000000000000000000e+00 5.736437002275313057e-01 5.660532069970845015e-01 0.000000000000000000e+00 5.724769303027965606e-01 0.000000000000000000e+00 5.605566817084677300e-01 0.000000000000000000e+00 
6.758852118416450727e-01 6.813596292417876121e-01 0.000000000000000000e+00 5.753661831626848411e-01 5.632501214771620246e-01 0.000000000000000000e+00 5.708170097011855404e-01 0.000000000000000000e+00 5.568636347777929929e-01 0.000000000000000000e+00 
6.762205382459399727e-01 6.816315042729280682e-01 0.000000000000000000e+00 5.744809442548350908e-01 5.641247570456753291e-01 0.000000000000000000e+00 5.631944300721716257e-01 0.000000000000000000e+00 5.648026479062765448e-01 0.000000000000000000e+00 
6.759232684817330084e-01 6.811751905752687630e-01 0.000000000000000000e+00 5.758159129692832501e-01 5.643965621963072943e-01 0.000000000000000000e+00 5.580076888059347651e-01 0.000000000000000000e+00 5.728554789814024328e-01 0.000000000000000000e+00 
6.757299483737847501e-01 6.830278884391395300e-01 0.000000000000000000e+00 5.756026023890784549e-01 5.595906219630708556e-01 0.000000000000000000e+00 5.487960999145893304e-01 0.000000000000000000e+00 5.761478554596619617e-01 0.000000000000000000e+00 
6.755119258328102783e-01 6.816030990104285925e-01 0.000000000000000000e+00 5.755386092150170940e-01 5.632531584062195895e-01 0.000000000000000000e+00 5.696622407499747354e-01 0.000000000000000000e+00 5.578361927517406782e-01 0.000000000000000000e+00 
6.754679522009839898e-01 6.817024143374695866e-01 0.000000000000000000e+00 5.753892918088737707e-01 5.625242954324587430e-01 0.000000000000000000e+00 5.747010873564509792e-01 0.000000000000000000e+00 5.534638207727299308e-01 0.000000000000000000e+00 
6.750449365824969794e-01 6.828651537700575203e-01 0.000000000000000000e+00 5.758176905574515780e-01 5.611181972789115457e-01 0.000000000000000000e+00 5.497486657887389327e-01 0.000000000000000000e+00 5.795362206139272887e-01 0.000000000000000000e+00 
6.752152468157303078e-01 6.810542472771236033e-01 0.000000000000000000e+00 5.765589448236632109e-01 5.646683673469389264e-01 0.000000000000000000e+00 5.706599751047788383e-01 0.000000000000000000e+00 5.593822201743495759e-01 0.000000000000000000e+00 
6.750220758617941907e-01 6.813222382749829498e-01 0.000000000000000000e+00 5.764860637087599882e-01 5.639820213799807691e-01 0.000000000000000000e+00 5.684104106113840871e-01 0.000000000000000000e+00 5.596638974459611227e-01 0.000000000000000000e+00 
6.752709316108820303e-01 6.810303245271954742e-01 0.000000000000000000e+00 5.770193401592719207e-01 5.642356049562682330e-01 0.000000000000000000e+00 5.678638089100669362e-01 0.000000000000000000e+00 5.613741214497680598e-01 0.000000000000000000e+00 
6.748288442148689947e-01 6.830369465205133883e-01 0.000000000000000000e+00 5.774317406143344433e-01 5.609056122448977666e-01 0.000000000000000000e+00 5.481067603592129078e-01 0.000000000000000000e+00 5.836001312125249640e-01 0.000000000000000000e+00 
6.745847609364539199e-01 6.815518341502364574e-01 0.000000000000000000e+00 5.782121018202502905e-01 5.639091350826046511e-01 0.000000000000000000e+00 5.729047365770399969e-01 0.000000000000000000e+00 5.567705865330465631e-01 0.000000000000000000e+00 
6.744946688922192068e-01 6.815494974048770249e-01 0.000000000000000000e+00 5.779916808873719614e-01 5.626913265306120460e-01 0.000000000000000000e+00 5.643683541960663463e-01 0.000000000000000000e+00 5.609562579128313242e-01 0.000000000000000000e+00 
6.743516865749000777e-01 6.821990779467991262e-01 0.000000000000000000e+00 5.782192121729238243e-01 5.615965136054421603e-01 0.000000000000000000e+00 5.731128491438277628e-01 0.000000000000000000e+00 5.539903429213964836e-01 0.000000000000000000e+00 
6.743714047881930185e-01 6.817314910645387860e-01 0.000000000000000000e+00 5.788591439135380989e-01 5.630603134110786501e-01 0.000000000000000000e+00 5.749039065532908221e-01 0.000000000000000000e+00 5.547003309451336017e-01 0.000000000000000000e+00 
6.742926020874505655e-01 6.815166272679153980e-01 0.000000000000000000e+00 5.791186717861205313e-01 5.652727162293488261e-01 0.000000000000000000e+00 5.661086312229141049e-01 0.000000000000000000e+00 5.648016869182965749e-01 0.000000000000000000e+00 
6.740121707981356902e-01 6.811614273762216509e-01 0.000000000000000000e+00 5.795079635949942354e-01 5.636616253644314289e-01 0.000000000000000000e+00 5.582147181569262484e-01 0.000000000000000000e+00 5.703284204513104916e-01 0.000000000000000000e+00 
6.739920336943844292e-01 6.838660294912299875e-01 0.000000000000000000e+00 5.804340870307167499e-01 5.596392128279885636e-01 0.000000000000000000e+00 5.862086478466905781e-01 0.000000000000000000e+00 5.454947974266665112e-01 0.000000000000000000e+00 
6.739588418002828707e-01 6.815108194643136885e-01 0.000000000000000000e+00 5.791826649601820032e-01 5.638149902818272441e-01 0.000000000000000000e+00 5.675326786966972126e-01 0.000000000000000000e+00 5.605758561025472320e-01 0.000000000000000000e+00 
6.737448915076337252e-01 6.821170954071745784e-01 0.000000000000000000e+00 5.792039960182024938e-01 5.622691933916423856e-01 0.000000000000000000e+00 5.763868670601038913e-01 0.000000000000000000e+00 5.528754504961519434e-01 0.000000000000000000e+00 
6.735224282985661226e-01 6.837817406167789880e-01 0.000000000000000000e+00 5.806705062571103637e-01 5.612229713313897639e-01 0.000000000000000000e+00 5.834607232522305287e-01 0.000000000000000000e+00 5.481871442380256143e-01 0.000000000000000000e+00 
6.734622837638691850e-01 6.819136513739215699e-01 0.000000000000000000e+00 5.812180034129692530e-01 5.628538022351797787e-01 0.000000000000000000e+00 5.575773354476198929e-01 0.000000000000000000e+00 5.691606179936863352e-01 0.000000000000000000e+00 
6.732190613962277803e-01 6.851833237677203980e-01 0.000000000000000000e+00 5.810633532423208347e-01 5.572537050534502878e-01 0.000000000000000000e+00 5.875614735670730004e-01 0.000000000000000000e+00 5.424728393764920442e-01 0.000000000000000000e+00 
6.734448369757713992e-01 6.814407310923751293e-01 0.000000000000000000e+00 5.806331769055744774e-01 5.646501457725949802e-01 0.000000000000000000e+00 5.670929990585523717e-01 0.000000000000000000e+00 5.624713715641085354e-01 0.000000000000000000e+00 
6.731434147410831903e-01 6.816046189288703649e-01 0.000000000000000000e+00 5.813051052332195434e-01 5.633898202137995748e-01 0.000000000000000000e+00 5.627926004928252013e-01 0.000000000000000000e+00 5.642911190876934713e-01 0.000000000000000000e+00 
6.733115935590080481e-01 6.826620783124651703e-01 0.000000000000000000e+00 5.815557451649601139e-01 5.631468658892128110e-01 0.000000000000000000e+00 5.749866333933081330e-01 0.000000000000000000e+00 5.546323155716409437e-01 0.000000000000000000e+00 
6.730802130882244105e-01 6.822964038167681489e-01 0.000000000000000000e+00 5.813993174061433677e-01 5.628705053449952755e-01 0.000000000000000000e+00 5.535895152899313887e-01 0.000000000000000000e+00 5.762609616105339727e-01 0.000000000000000000e+00 
6.726321337674664447e-01 6.817763411268895624e-01 0.000000000000000000e+00 5.818561575654153106e-01 5.620262390670553998e-01 0.000000000000000000e+00 5.566532413630697063e-01 0.000000000000000000e+00 5.687723707777539994e-01 0.000000000000000000e+00 
6.726537071295565218e-01 6.887929184096199808e-01 0.000000000000000000e+00 5.824445392491467421e-01 5.540679664723030529e-01 0.000000000000000000e+00 5.376792469355740067e-01 0.000000000000000000e+00 5.963089194621715716e-01 0.000000000000000000e+00 
6.728288102678878779e-01 6.814144788956155718e-01 0.000000000000000000e+00 5.818010523321957006e-01 5.647002551020408045e-01 0.000000000000000000e+00 5.632441103569113539e-01 0.000000000000000000e+00 5.656812366587010699e-01 0.000000000000000000e+00 
6.727370689753379152e-01 6.810550117979243812e-01 0.000000000000000000e+00 5.819841439135381433e-01 5.644618561710398330e-01 0.000000000000000000e+00 5.662373811510310606e-01 0.000000000000000000e+00 5.628917510222268827e-01 0.000000000000000000e+00 
6.725307739533662454e-01 6.822865416809004158e-01 0.000000000000000000e+00 5.823503270762229178e-01 5.635204081632652073e-01 0.000000000000000000e+00 5.772589841555656465e-01 0.000000000000000000e+00 5.538215031196682681e-01 0.000000000000000000e+00 
6.724198650581437731e-01 6.814590291101105812e-01 0.000000000000000000e+00 5.824925341296928183e-01 5.668625485908651562e-01 0.000000000000000000e+00 5.660154262423686689e-01 0.000000000000000000e+00 5.673915761885527376e-01 0.000000000000000000e+00 
6.721116330741615519e-01 6.818110292055168387e-01 0.000000000000000000e+00 5.843305602957906686e-01 5.644588192419824901e-01 0.000000000000000000e+00 5.687004278366517562e-01 0.000000000000000000e+00 5.604828211086573253e-01 0.000000000000000000e+00 
6.722426620156284338e-01 6.830420342026924940e-01 0.000000000000000000e+00 5.842132394766780257e-01 5.630997934888239964e-01 0.000000000000000000e+00 5.552135691904110937e-01 0.000000000000000000e+00 5.737963465694525533e-01 0.000000000000000000e+00 
6.721778528275342834e-01 6.837388891346600772e-01 0.000000000000000000e+00 5.833511092150170940e-01 5.614264455782315144e-01 0.000000000000000000e+00 5.792852639770292855e-01 0.000000000000000000e+00 5.498656287311824986e-01 0.000000000000000000e+00 
6.718831379564141892e-01 6.814987075572110919e-01 0.000000000000000000e+00 5.842932309442548933e-01 5.642553449951408506e-01 0.000000000000000000e+00 5.656198114448547365e-01 0.000000000000000000e+00 5.628043626369478858e-01 0.000000000000000000e+00 
6.718306401788984861e-01 6.820720020605592904e-01 0.000000000000000000e+00 5.832924488054607171e-01 5.654427842565596940e-01 0.000000000000000000e+00 5.642450760571641188e-01 0.000000000000000000e+00 5.667919610533342922e-01 0.000000000000000000e+00 
6.718214977621624895e-01 6.824883678737951875e-01 0.000000000000000000e+00 5.842203498293515596e-01 5.636676992225458926e-01 0.000000000000000000e+00 5.679576716007234127e-01 0.000000000000000000e+00 5.598454154883167888e-01 0.000000000000000000e+00 
6.713139166604129571e-01 6.820982433095270636e-01 0.000000000000000000e+00 5.854166666666666963e-01 5.622114917395529821e-01 0.000000000000000000e+00 5.576710310700851991e-01 0.000000000000000000e+00 5.681725158135240150e-01 0.000000000000000000e+00 
6.715037026706409673e-01 6.821875924966773752e-01 0.000000000000000000e+00 5.847660693970421208e-01 5.601023445092322417e-01 0.000000000000000000e+00 5.508751817885209068e-01 0.000000000000000000e+00 5.734006918878274961e-01 0.000000000000000000e+00 
6.717161267182119033e-01 6.827502475709331664e-01 0.000000000000000000e+00 5.841616894197951826e-01 5.634125971817297573e-01 0.000000000000000000e+00 5.749606496532810862e-01 0.000000000000000000e+00 5.550502542066808598e-01 0.000000000000000000e+00 
6.713943077944244386e-01 6.818871583257403168e-01 0.000000000000000000e+00 5.850842576791809302e-01 5.647898445092326414e-01 0.000000000000000000e+00 5.693983849298926980e-01 0.000000000000000000e+00 5.605682733646178972e-01 0.000000000000000000e+00 
6.713721220912379772e-01 6.828477559041004064e-01 0.000000000000000000e+00 5.850255972696245532e-01 5.646152210884354261e-01 0.000000000000000000e+00 5.753827311278238987e-01 0.000000000000000000e+00 5.564880333146643432e-01 0.000000000000000000e+00 
6.713116489579653567e-01 6.832525535505644676e-01 0.000000000000000000e+00 5.853437855517633626e-01 5.605958454810494596e-01 0.000000000000000000e+00 5.750831279963154463e-01 0.000000000000000000e+00 5.506595374673871612e-01 0.000000000000000000e+00 
6.712572841208949148e-01 6.818007096952322099e-01 0.000000000000000000e+00 5.845136518771331113e-01 5.654443027210884765e-01 0.000000000000000000e+00 5.723191397078131182e-01 0.000000000000000000e+00 5.595114332073413133e-01 0.000000000000000000e+00 
6.710748141536126976e-01 6.824148820371044311e-01 0.000000000000000000e+00 5.858503981797497095e-01 5.643100097181729113e-01 0.000000000000000000e+00 5.677363889654585272e-01 0.000000000000000000e+00 5.610041032601453814e-01 0.000000000000000000e+00 
6.706303060868494814e-01 6.820082597586573092e-01 0.000000000000000000e+00 5.870164960182024938e-01 5.633290816326529393e-01 0.000000000000000000e+00 5.632081167259879173e-01 0.000000000000000000e+00 5.632250692423702576e-01 0.000000000000000000e+00 
6.709951771709292689e-01 6.840888912580451731e-01 0.000000000000000000e+00 5.849562713310579865e-01 5.615054057337219851e-01 0.000000000000000000e+00 5.825422531094675005e-01 0.000000000000000000e+00 5.488488956636276006e-01 0.000000000000000000e+00 
6.705835754859162945e-01 6.819078861450662554e-01 0.000000000000000000e+00 5.865756541524459466e-01 5.630405733722060324e-01 0.000000000000000000e+00 5.591070091683193466e-01 0.000000000000000000e+00 5.670529405717097404e-01 0.000000000000000000e+00 
6.706223419196776225e-01 6.824070312538925709e-01 0.000000000000000000e+00 5.864885523321956562e-01 5.640867954324587652e-01 0.000000000000000000e+00 5.556292073014137411e-01 0.000000000000000000e+00 5.754281075415781377e-01 0.000000000000000000e+00 
6.706010308383675289e-01 6.831328072110001148e-01 0.000000000000000000e+00 5.869756114903299515e-01 5.608053935860056738e-01 0.000000000000000000e+00 5.542179190635651009e-01 0.000000000000000000e+00 5.698501809697056331e-01 0.000000000000000000e+00 
