4.886085093021392822e-01 9.058272116817533970e-04 9.586009355189162306e-07 2.325706418560002930e-06 
4.950809478759765625e-01 9.039742290042340755e-04 -1.652145442676555831e-08 2.308977173015591688e-06 
4.986746609210968018e-01 5.836030468344688416e-03 9.658181807026267052e-05 9.564734500600025058e-05 
5.251194834709167480e-01 6.076322868466377258e-03 5.178189167054370046e-05 9.944123303284868598e-05 
5.198058485984802246e-01 8.731124922633171082e-03 -5.576056355494074523e-05 1.957325584953650832e-04 
5.561335682868957520e-01 8.382389321923255920e-03 -1.617113739484921098e-04 1.855074806371703744e-04 
4.849731326103210449e-01 1.073697116225957870e-02 8.284976502181962132e-05 2.841158711817115545e-04 
5.289753079414367676e-01 1.055587083101272583e-02 -1.332290412392467260e-04 2.789736317936331034e-04 
4.985358119010925293e-01 1.322013884782791138e-02 2.056351331702899188e-05 4.170640895608812571e-04 
5.513833761215209961e-01 1.255447883158922195e-02 -3.170132986269891262e-04 3.928866644855588675e-04 
4.478241205215454102e-01 1.377784833312034607e-02 1.631945197004824877e-04 4.529338330030441284e-04 
5.065443515777587891e-01 1.345351338386535645e-02 -2.411179157206788659e-04 4.426139348652213812e-04 
4.489433169364929199e-01 1.665974967181682587e-02 1.535207411507144570e-04 6.403851439245045185e-04 
5.169363021850585938e-01 1.592034846544265747e-02 -4.399687459226697683e-04 6.113824783824384212e-04 
4.942716956138610840e-01 1.807750761508941650e-02 -2.742225478868931532e-04 7.486930117011070251e-04 
5.665737390518188477e-01 1.587178185582160950e-02 -8.874359773471951485e-04 6.547595257870852947e-04 
4.665153622627258301e-01 2.000170946121215820e-02 2.080946724163368344e-04 8.906523580662906170e-04 
5.470422506332397461e-01 1.882678829133510590e-02 -7.476082537323236465e-04 8.466446888633072376e-04 
4.246605038642883301e-01 2.071507833898067474e-02 7.965794648043811321e-04 9.846715256571769714e-04 
5.111685395240783691e-01 2.110738866031169891e-02 -3.984498616773635149e-04 9.997976012527942657e-04 
4.690849483013153076e-01 2.044489420950412750e-02 2.572073717601597309e-04 9.362993878312408924e-04 
5.556889772415161133e-01 1.938488334417343140e-02 -8.408684516325592995e-04 8.875883650034666061e-04 
4.310084283351898193e-01 1.995868422091007233e-02 5.320736090652644634e-04 9.085289784707129002e-04 
5.199405550956726074e-01 1.976396143436431885e-02 -5.966936005279421806e-04 9.005842148326337337e-04 
4.787231981754302979e-01 2.167621627449989319e-02 1.616609370103105903e-05 1.037000445649027824e-03 
5.709675550460815430e-01 1.950857043266296387e-02 -1.181390834972262383e-03 9.417523979209363461e-04 
4.684821367263793945e-01 2.347625605762004852e-02 1.683502778178080916e-04 1.204372383654117584e-03 
5.659922957420349121e-01 2.145130187273025513e-02 -1.282195560634136200e-03 1.111340359784662724e-03 
4.811086952686309814e-01 2.293349429965019226e-02 1.145005662692710757e-04 1.146203954704105854e-03 
5.791254639625549316e-01 2.074521593749523163e-02 -1.302565447986125946e-03 1.048513338901102543e-03 
4.582647979259490967e-01 2.258670702576637268e-02 4.189846513327211142e-04 1.133587444201111794e-03 
5.576117634773254395e-01 2.147988975048065186e-02 -1.069291727617383003e-03 1.077111810445785522e-03 
4.631348848342895508e-01 2.403389848768711090e-02 3.972282574977725744e-04 1.262092147953808308e-03 
5.670996308326721191e-01 2.243449911475181580e-02 -1.268357154913246632e-03 1.184441149234771729e-03 
4.452985823154449463e-01 2.536307834088802338e-02 7.081032381393015385e-04 1.410154858604073524e-03 
5.524567365646362305e-01 2.453748509287834167e-02 -1.214249292388558388e-03 1.369472243823111057e-03 
4.552474617958068848e-01 2.744998224079608917e-02 6.250680307857692242e-04 1.618573442101478577e-03 
5.683538913726806641e-01 2.569690532982349396e-02 -1.557773444801568985e-03 1.521735335700213909e-03 
4.548642039299011230e-01 2.470267191529273987e-02 6.224123644642531872e-04 1.339450129307806492e-03 
5.637395381927490234e-01 2.349137887358665466e-02 -1.214553951285779476e-03 1.269848435185849667e-03 
4.583626389503479004e-01 2.732992917299270630e-02 6.576157757081091404e-04 1.617777626961469650e-03 
5.735257267951965332e-01 2.578409016132354736e-02 -1.513935625553131104e-03 1.536698313429951668e-03 
4.293536841869354248e-01 2.607963234186172485e-02 9.910003282129764557e-04 1.516542630270123482e-03 
5.435311198234558105e-01 2.584780752658843994e-02 -1.075393985956907272e-03 1.491174334660172462e-03 
4.774684906005859375e-01 2.803077362477779388e-02 3.242325328756123781e-04 1.683080219663679600e-03 
5.946247577667236328e-01 2.521520480513572693e-02 -1.805784646421670914e-03 1.531708869151771069e-03 
4.421415030956268311e-01 2.792358212172985077e-02 9.600746561773121357e-04 1.712616998702287674e-03 
5.631090402603149414e-01 2.694626338779926300e-02 -1.390438992530107498e-03 1.640383037738502026e-03 
4.596751928329467773e-01 3.241531178355216980e-02 9.556103614158928394e-04 2.240281552076339722e-03 
5.889453291893005371e-01 3.016657009720802307e-02 -2.061483217403292656e-03 2.071917522698640823e-03 
4.474833607673645020e-01 2.941393293440341949e-02 8.554921951144933701e-04 1.874278299510478973e-03 
5.720546245574951172e-01 2.771396562457084656e-02 -1.651238300837576389e-03 1.769511261954903603e-03 
4.428757429122924805e-01 3.131516650319099426e-02 1.116842031478881836e-03 2.129093976691365242e-03 
5.729891061782836914e-01 2.976305037736892700e-02 -1.793542876839637756e-03 2.012276789173483849e-03 
4.243789911270141602e-01 2.988400869071483612e-02 1.457541948184370995e-03 1.999821048229932785e-03 
5.534126162528991699e-01 2.984847687184810638e-02 -1.340718008577823639e-03 1.963960006833076477e-03 
4.472270011901855469e-01 2.984274178743362427e-02 9.124127100221812725e-04 1.947353477589786053e-03 
5.756183862686157227e-01 2.812532149255275726e-02 -1.694330363534390926e-03 1.830166787840425968e-03 
4.577099084854125977e-01 2.950838208198547363e-02 6.527261575683951378e-04 1.897441456094384193e-03 
5.828058719635009766e-01 2.721042558550834656e-02 -1.780977007001638412e-03 1.757748541422188282e-03 
4.262838959693908691e-01 2.954880893230438232e-02 1.204180647619068623e-03 1.934327417984604836e-03 
5.555397272109985352e-01 2.864413708448410034e-02 -1.525417668744921684e-03 1.861572498455643654e-03 
4.273753464221954346e-01 2.975028939545154572e-02 1.342469477094709873e-03 1.983723370358347893e-03 
5.579403638839721680e-01 2.921839430928230286e-02 -1.434841076843440533e-03 1.920144306495785713e-03 
4.310497641563415527e-01 3.231197223067283630e-02 1.407509087584912777e-03 2.290721749886870384e-03 
5.675691366195678711e-01 3.114839829504489899e-02 -1.769031980074942112e-03 2.195582492277026176e-03 
4.151031970977783203e-01 2.910644933581352234e-02 1.402284367941319942e-03 1.913112588226795197e-03 
5.469960570335388184e-01 2.909815870225429535e-02 -1.335139852017164230e-03 1.901844516396522522e-03 
4.575618207454681396e-01 2.990351989865303040e-02 6.531430990435183048e-04 1.960972556844353676e-03 
5.882256031036376953e-01 2.732910960912704468e-02 -1.846435130573809147e-03 1.803990686312317848e-03 
4.181815087795257568e-01 3.131423890590667725e-02 1.591139938682317734e-03 2.208982827141880989e-03 
5.547483563423156738e-01 3.096525557339191437e-02 -1.495364238508045673e-03 2.163193421438336372e-03 
4.543523788452148438e-01 3.444072976708412170e-02 1.127597643062472343e-03 2.567343180999159813e-03 
5.959297418594360352e-01 3.200408443808555603e-02 -2.320705680176615715e-03 2.400949131697416306e-03 
4.000642001628875732e-01 2.865851111710071564e-02 1.704176189377903938e-03 1.925309770740568638e-03 
5.332230329513549805e-01 2.979696542024612427e-02 -1.043163239955902100e-03 1.969861565157771111e-03 
4.447625577449798584e-01 3.285763785243034363e-02 1.232900656759738922e-03 2.381450962275266647e-03 
5.858307480812072754e-01 3.098159283399581909e-02 -2.007572678849101067e-03 2.241326961666345596e-03 
4.303995370864868164e-01 3.128340095281600952e-02 1.279064919799566269e-03 2.174272900447249413e-03 
5.690991282463073730e-01 3.010747954249382019e-02 -1.765863969922065735e-03 2.101923804730176926e-03 
3.928375542163848877e-01 3.135406225919723511e-02 2.157348673790693283e-03 2.316956641152501106e-03 
5.359585881233215332e-01 3.293631598353385925e-02 -1.214795978739857674e-03 2.382921054959297180e-03 
4.290849268436431885e-01 3.451128304004669189e-02 1.676187501288950443e-03 2.644283464178442955e-03 
5.752692222595214844e-01 3.343395888805389404e-02 -2.041392493993043900e-03 2.557823201641440392e-03 
4.142993092536926270e-01 3.130810707807540894e-02 1.460944302380084991e-03 2.208133693784475327e-03 
5.556136965751647949e-01 3.062660992145538330e-02 -1.649287063628435135e-03 2.168598119169473648e-03 
4.357811212539672852e-01 3.286313265562057495e-02 1.226781518198549747e-03 2.377745695412158966e-03 
5.786449313163757324e-01 3.087132796645164490e-02 -2.018984640017151833e-03 2.250792924314737320e-03 
4.328931272029876709e-01 3.420193865895271301e-02 1.520436373539268970e-03 2.594206249341368675e-03 
5.807898044586181641e-01 3.280574828386306763e-02 -2.162029035389423370e-03 2.505302662029862404e-03 
4.272852540016174316e-01 3.242997080087661743e-02 1.369502162560820580e-03 2.365130232647061348e-03 
5.718643665313720703e-01 3.115899674594402313e-02 -1.907127676531672478e-03 2.286640694364905357e-03 
4.389213025569915771e-01 3.437966108322143555e-02 1.325850142166018486e-03 2.611113945022225380e-03 
5.861397385597229004e-01 3.237177059054374695e-02 -2.200906164944171906e-03 2.472724299877882004e-03 
3.957035541534423828e-01 3.175501152873039246e-02 2.076485194265842438e-03 2.356698270887136459e-03 
5.412021279335021973e-01 3.269614279270172119e-02 -1.267270999960601330e-03 2.383422804996371269e-03 
4.432934522628784180e-01 3.372345492243766785e-02 1.054515596479177475e-03 2.490184502676129341e-03 
5.902854800224304199e-01 3.102071955800056458e-02 -2.322415588423609734e-03 2.326685935258865356e-03 
4.501746594905853271e-01 3.252508863806724548e-02 9.230350260622799397e-04 2.310876501724123955e-03 
5.950377583503723145e-01 2.959555201232433319e-02 -2.213160973042249680e-03 2.139510819688439369e-03 
4.414498805999755859e-01 3.368271887302398682e-02 1.275207498110830784e-03 2.538806525990366936e-03 
5.900135040283203125e-01 3.165880963206291199e-02 -2.154362853616476059e-03 2.392598660662770271e-03 
4.548308551311492920e-01 3.562187403440475464e-02 1.043407712131738663e-03 2.747559454292058945e-03 
6.058099865913391113e-01 3.211477026343345642e-02 -2.612799871712923050e-03 2.521312562748789787e-03 
4.698373079299926758e-01 3.649018332362174988e-02 8.063855930231511593e-04 2.895229263231158257e-03 
6.228456497192382812e-01 3.238328918814659119e-02 -2.902743639424443245e-03 2.614038065075874329e-03 
3.679050207138061523e-01 3.387003764510154724e-02 3.045408520847558975e-03 2.813433995470404625e-03 
5.236926078796386719e-01 3.713197633624076843e-02 -9.948010556399822235e-04 2.984357997775077820e-03 
4.049104750156402588e-01 3.198400512337684631e-02 1.789214089512825012e-03 2.384531311690807343e-03 
5.530586838722229004e-01 3.199364244937896729e-02 -1.468715840019285679e-03 2.357872668653726578e-03 
4.324755966663360596e-01 3.548327460885047913e-02 1.314004883170127869e-03 2.755433553829789162e-03 
5.866651535034179688e-01 3.284360095858573914e-02 -2.504618605598807335e-03 2.598699415102601051e-03 
4.044836759567260742e-01 3.667132183909416199e-02 2.262747148051857948e-03 3.027609782293438911e-03 
5.644667744636535645e-01 3.633034974336624146e-02 -2.207227284088730812e-03 2.991522429510951042e-03 
4.068185091018676758e-01 3.398581966757774353e-02 2.134588779881596565e-03 2.692445646971464157e-03 
5.614532232284545898e-01 3.428033739328384399e-02 -1.655313186347484589e-03 2.667563967406749725e-03 
4.424829781055450439e-01 3.435792028903961182e-02 1.200741389766335487e-03 2.624375279992818832e-03 
5.946216583251953125e-01 3.174736350774765015e-02 -2.290452132001519203e-03 2.446928992867469788e-03 
4.634768664836883545e-01 3.692314773797988892e-02 8.650501258671283722e-04 2.973544411361217499e-03 
6.196193695068359375e-01 3.268845751881599426e-02 -2.945661079138517380e-03 2.670625457540154457e-03 
4.187682569026947021e-01 3.932606801390647888e-02 2.112013287842273712e-03 3.410039935261011124e-03 
5.831369161605834961e-01 3.774105757474899292e-02 -2.746179234236478806e-03 3.293227637186646461e-03 
3.934662640094757080e-01 3.557845950126647949e-02 2.502693329006433487e-03 2.939689205959439278e-03 
5.529164671897888184e-01 3.639058768749237061e-02 -1.877998001873493195e-03 2.961867256090044975e-03 
4.057517051696777344e-01 3.239035606384277344e-02 1.815611612983047962e-03 2.427474362775683403e-03 
5.572587251663208008e-01 3.220229595899581909e-02 -1.649423851631581783e-03 2.398327691480517387e-03 
4.461680650711059570e-01 3.778818249702453613e-02 1.361161353997886181e-03 3.108133794739842415e-03 
6.069489717483520508e-01 3.422461077570915222e-02 -2.880157670006155968e-03 2.854048274457454681e-03 
3.948548436164855957e-01 3.438317030668258667e-02 2.332032658159732819e-03 2.755059627816081047e-03 
5.523685812950134277e-01 3.500508517026901245e-02 -1.631373306736350060e-03 2.764565870165824890e-03 
4.293673634529113770e-01 3.630358725786209106e-02 1.723987981677055359e-03 2.937516663223505020e-03 
5.888503789901733398e-01 3.416208550333976746e-02 -2.400744007900357246e-03 2.750398823991417885e-03 
4.481754302978515625e-01 3.841650858521461487e-02 1.210665795952081680e-03 3.196100471541285515e-03 
6.105536222457885742e-01 3.430698812007904053e-02 -3.075083484873175621e-03 2.911349525675177574e-03 
4.456590116024017334e-01 3.780535236001014709e-02 1.324318931438028812e-03 3.130912082269787788e-03 
6.065479516983032227e-01 3.445670381188392639e-02 -2.861232496798038483e-03 2.888481831178069115e-03 
4.267837703227996826e-01 3.445525839924812317e-02 1.681537833064794540e-03 2.696958603337407112e-03 
5.839162468910217285e-01 3.301941230893135071e-02 -2.060110447928309441e-03 2.565187402069568634e-03 
4.124458134174346924e-01 3.497007489204406738e-02 1.893457840196788311e-03 2.795137697830796242e-03 
5.712058544158935547e-01 3.412011265754699707e-02 -2.045969711616635323e-03 2.714386442676186562e-03 
4.192550480365753174e-01 3.749617189168930054e-02 2.119167009368538857e-03 3.173634177073836327e-03 
5.840799808502197266e-01 3.628393635153770447e-02 -2.428390085697174072e-03 3.052786691114306450e-03 
4.050710499286651611e-01 3.637246415019035339e-02 2.330227522179484367e-03 3.048879792913794518e-03 
5.685834884643554688e-01 3.605303913354873657e-02 -2.054104115813970566e-03 2.972221001982688904e-03 
4.539003074169158936e-01 3.955113515257835388e-02 1.406934112310409546e-03 3.395610488951206207e-03 
6.190243959426879883e-01 3.561589121818542480e-02 -3.197515383362770081e-03 3.099409630522131920e-03 
4.139920771121978760e-01 3.693656623363494873e-02 1.990586053580045700e-03 3.073569387197494507e-03 
5.776329636573791504e-01 3.569839894771575928e-02 -2.415757160633802414e-03 2.973845927044749260e-03 
4.257842004299163818e-01 3.438724204897880554e-02 1.439305837266147137e-03 2.674323739483952522e-03 
5.824409127235412598e-01 3.235578164458274841e-02 -2.240787027403712273e-03 2.521228976547718048e-03 
3.858138620853424072e-01 3.620605543255805969e-02 2.759049413725733757e-03 3.088281489908695221e-03 
5.514745116233825684e-01 3.744154796004295349e-02 -1.841827412135899067e-03 3.135666716843843460e-03 
4.326887130737304688e-01 3.753784298896789551e-02 1.748997834511101246e-03 3.157859435304999352e-03 
5.982251167297363281e-01 3.528064116835594177e-02 -2.660437719896435738e-03 2.961036283522844315e-03 
4.277919232845306396e-01 3.758275881409645081e-02 1.885872567072510719e-03 3.138141008093953133e-03 
5.922492742538452148e-01 3.536870330572128296e-02 -2.608621027320623398e-03 2.949078567326068878e-03 
4.077925384044647217e-01 3.600492328405380249e-02 2.451266860589385033e-03 3.017134033143520355e-03 
5.718993544578552246e-01 3.622812405228614807e-02 -1.929970690980553627e-03 2.971037523820996284e-03 
4.198108017444610596e-01 3.670128807425498962e-02 1.919944188557565212e-03 3.032390726730227470e-03 
5.843461155891418457e-01 3.523045778274536133e-02 -2.447820268571376801e-03 2.921110251918435097e-03 
4.108941853046417236e-01 4.004515707492828369e-02 2.601508749648928642e-03 3.598559880629181862e-03 
5.834519267082214355e-01 3.910803422331809998e-02 -2.748698461800813675e-03 3.486061468720436096e-03 
4.466246664524078369e-01 3.886922821402549744e-02 1.229902263730764389e-03 3.278599120676517487e-03 
6.127894520759582520e-01 3.464427217841148376e-02 -3.183497115969657898e-03 2.988960361108183861e-03 
4.026017487049102783e-01 3.784743696451187134e-02 2.512571867555379868e-03 3.292380832135677338e-03 
5.716676115989685059e-01 3.773466497659683228e-02 -2.306690905243158340e-03 3.246404696255922318e-03 
4.407312572002410889e-01 3.728606179356575012e-02 1.275201211683452129e-03 3.043754957616329193e-03 
6.042121052742004395e-01 3.365001454949378967e-02 -2.820561407133936882e-03 2.790436847135424614e-03 
4.125951230525970459e-01 3.746404126286506653e-02 2.179334871470928192e-03 3.167886752635240555e-03 
5.794744491577148438e-01 3.647641465067863464e-02 -2.468155929818749428e-03 3.072760766372084618e-03 
4.431034922599792480e-01 3.939810767769813538e-02 1.564902253448963165e-03 3.387099364772439003e-03 
6.124200820922851562e-01 3.574330359697341919e-02 -3.205358283594250679e-03 3.123941132798790932e-03 
4.180843830108642578e-01 3.852895647287368774e-02 2.039842540398240089e-03 3.313716733828186989e-03 
5.862262248992919922e-01 3.654890507459640503e-02 -2.655220450833439827e-03 3.135415259748697281e-03 
4.467206597328186035e-01 3.962432593107223511e-02 1.437675440683960915e-03 3.471087431535124779e-03 
6.142046451568603516e-01 3.567192330956459045e-02 -3.072646912187337875e-03 3.104885574430227280e-03 
4.174082577228546143e-01 3.791107982397079468e-02 2.093888353556394577e-03 3.240687539801001549e-03 
5.866031050682067871e-01 3.635250404477119446e-02 -2.580146072432398796e-03 3.090490121394395828e-03 
4.293056726455688477e-01 3.996899351477622986e-02 1.961138099431991577e-03 3.510861657559871674e-03 
6.007611155509948730e-01 3.730520978569984436e-02 -3.092000260949134827e-03 3.299797885119915009e-03 
4.127047955989837646e-01 3.699405863881111145e-02 2.024262910708785057e-03 3.114193212240934372e-03 
5.796699523925781250e-01 3.563777357339859009e-02 -2.388370689004659653e-03 2.982963807880878448e-03 
4.254421889781951904e-01 3.909205645322799683e-02 1.808140426874160767e-03 3.407852258533239365e-03 
5.957432985305786133e-01 3.642899915575981140e-02 -2.859273925423622131e-03 3.189355134963989258e-03 
4.495631158351898193e-01 3.964551910758018494e-02 1.259771524928510189e-03 3.410537494346499443e-03 
6.196857690811157227e-01 3.525204584002494812e-02 -3.324426244944334030e-03 3.103694878518581390e-03 
4.377205073833465576e-01 4.053262993693351746e-02 1.740921637974679470e-03 3.579471958801150322e-03 
6.091659665107727051e-01 3.711196780204772949e-02 -3.236169461160898209e-03 3.307509701699018478e-03 
4.236487448215484619e-01 3.997093811631202698e-02 2.265322720631957054e-03 3.561399178579449654e-03 
5.978174209594726562e-01 3.801925107836723328e-02 -2.917366102337837219e-03 3.371234284713864326e-03 
4.205968081951141357e-01 4.004996269941329956e-02 2.320037456229329109e-03 3.563010832294821739e-03 
5.948761105537414551e-01 3.822295740246772766e-02 -2.958180615678429604e-03 3.398217726498842239e-03 
4.496561884880065918e-01 3.992911800742149353e-02 1.399192726239562035e-03 3.474479075521230698e-03 
6.202311515808105469e-01 3.581050038337707520e-02 -3.309042425826191902e-03 3.157746978104114532e-03 
4.300563931465148926e-01 3.941873461008071899e-02 1.718209241516888142e-03 3.426629584282636642e-03 
6.010202765464782715e-01 3.611156344413757324e-02 -3.042963333427906036e-03 3.148535732179880142e-03 
4.438103437423706055e-01 3.879908472299575806e-02 1.142364460974931717e-03 3.293966408818960190e-03 
6.116566061973571777e-01 3.428809717297554016e-02 -3.123284084722399712e-03 2.953808056190609932e-03 
4.090117514133453369e-01 3.804231807589530945e-02 2.149970270693302155e-03 3.256103955209255219e-03 
5.802505016326904297e-01 3.642430528998374939e-02 -2.591201569885015488e-03 3.099372377619147301e-03 
