0.000000000000000000e+00 0.000000000000000000e+00 0.000000000000000000e+00 0.000000000000000000e+00 0.000000000000000000e+00 0.000000000000000000e+00 0.000000000000000000e+00 0.000000000000000000e+00 0.000000000000000000e+00 4.999665937803691729e-01 4.999665937803691729e-01 4.999665937803691729e-01 4.999665937803691729e-01 4.999665937803691729e-01 4.999665937803691729e-01 4.999665937803691729e-01 4.999665937803691729e-01 4.999665937803691729e-01 4.999665937803691729e-01 4.999665937803691729e-01 4.999665937803691729e-01 4.999665937803691729e-01 4.999665937803691729e-01 4.999665937803691729e-01 4.999665937803691729e-01 4.999665937803691729e-01 4.999665937803691729e-01 4.999665937803691729e-01 0.000000000000000000e+00 0.000000000000000000e+00 0.000000000000000000e+00 0.000000000000000000e+00 0.000000000000000000e+00 0.000000000000000000e+00 0.000000000000000000e+00 0.000000000000000000e+00 0.000000000000000000e+00 0.000000000000000000e+00 
0.000000000000000000e+00 0.000000000000000000e+00 0.000000000000000000e+00 0.000000000000000000e+00 0.000000000000000000e+00 0.000000000000000000e+00 0.000000000000000000e+00 0.000000000000000000e+00 0.000000000000000000e+00 4.997494533527697680e-01 4.997494533527697680e-01 4.997494533527697680e-01 4.997494533527697680e-01 4.997494533527697680e-01 4.997494533527697680e-01 4.997494533527697680e-01 4.997494533527697680e-01 4.997494533527697680e-01 4.997494533527697680e-01 4.997494533527697680e-01 4.997494533527697680e-01 4.997494533527697680e-01 4.997494533527697680e-01 4.997494533527697680e-01 4.997494533527697680e-01 4.997494533527697680e-01 4.997494533527697680e-01 4.997494533527697680e-01 0.000000000000000000e+00 0.000000000000000000e+00 0.000000000000000000e+00 0.000000000000000000e+00 0.000000000000000000e+00 0.000000000000000000e+00 0.000000000000000000e+00 0.000000000000000000e+00 0.000000000000000000e+00 0.000000000000000000e+00 
0.000000000000000000e+00 0.000000000000000000e+00 0.000000000000000000e+00 0.000000000000000000e+00 0.000000000000000000e+00 0.000000000000000000e+00 0.000000000000000000e+00 0.000000000000000000e+00 0.000000000000000000e+00 0.000000000000000000e+00 5.000167031098154968e-01 5.000167031098154968e-01 5.000167031098154968e-01 5.000167031098154968e-01 5.000167031098154968e-01 5.000167031098154968e-01 5.000167031098154968e-01 5.000167031098154968e-01 5.000167031098154968e-01 5.000167031098154968e-01 5.000167031098154968e-01 5.000167031098154968e-01 5.000167031098154968e-01 5.000167031098154968e-01 5.000167031098154968e-01 5.000167031098154968e-01 5.000167031098154968e-01 5.000167031098154968e-01 5.000167031098154968e-01 0.000000000000000000e+00 0.000000000000000000e+00 0.000000000000000000e+00 0.000000000000000000e+00 0.000000000000000000e+00 0.000000000000000000e+00 0.000000000000000000e+00 0.000000000000000000e+00 0.000000000000000000e+00 
0.000000000000000000e+00 0.000000000000000000e+00 0.000000000000000000e+00 0.000000000000000000e+00 0.000000000000000000e+00 0.000000000000000000e+00 0.000000000000000000e+00 0.000000000000000000e+00 0.000000000000000000e+00 5.001169217687072566e-01 5.001169217687072566e-01 5.001169217687072566e-01 5.001169217687072566e-01 5.001169217687072566e-01 5.001169217687072566e-01 5.001169217687072566e-01 5.001169217687072566e-01 5.001169217687072566e-01 5.001169217687072566e-01 5.001169217687072566e-01 5.001169217687072566e-01 5.001169217687072566e-01 5.001169217687072566e-01 5.001169217687072566e-01 5.001169217687072566e-01 5.001169217687072566e-01 5.001169217687072566e-01 5.001169217687072566e-01 0.000000000000000000e+00 0.000000000000000000e+00 0.000000000000000000e+00 0.000000000000000000e+00 0.000000000000000000e+00 0.000000000000000000e+00 0.000000000000000000e+00 0.000000000000000000e+00 0.000000000000000000e+00 0.000000000000000000e+00 
0.000000000000000000e+00 0.000000000000000000e+00 0.000000000000000000e+00 0.000000000000000000e+00 0.000000000000000000e+00 0.000000000000000000e+00 0.000000000000000000e+00 0.000000000000000000e+00 0.000000000000000000e+00 5.003791905547145813e-01 5.006286443148688647e-01 5.006286443148688647e-01 5.006286443148688647e-01 5.006286443148688647e-01 5.006286443148688647e-01 5.006286443148688647e-01 5.006286443148688647e-01 5.006286443148688647e-01 5.006286443148688647e-01 5.006286443148688647e-01 5.006286443148688647e-01 5.006286443148688647e-01 5.006286443148688647e-01 5.006286443148688647e-01 5.006286443148688647e-01 5.006286443148688647e-01 5.006286443148688647e-01 5.006286443148688647e-01 2.193877551020408101e-01 0.000000000000000000e+00 0.000000000000000000e+00 0.000000000000000000e+00 0.000000000000000000e+00 0.000000000000000000e+00 0.000000000000000000e+00 0.000000000000000000e+00 0.000000000000000000e+00 0.000000000000000000e+00 
0.000000000000000000e+00 0.000000000000000000e+00 0.000000000000000000e+00 0.000000000000000000e+00 0.000000000000000000e+00 0.000000000000000000e+00 0.000000000000000000e+00 0.000000000000000000e+00 0.000000000000000000e+00 5.595110339044894188e-01 5.654503765792030512e-01 5.654503765792030512e-01 5.654503765792030512e-01 5.654503765792030512e-01 5.654503765792030512e-01 5.654503765792030512e-01 5.654503765792030512e-01 5.654503765792030512e-01 5.654503765792030512e-01 5.654503765792030512e-01 5.654503765792030512e-01 5.654503765792030512e-01 5.654503765792030512e-01 5.654503765792030512e-01 5.654503765792030512e-01 5.654503765792030512e-01 5.654503765792030512e-01 5.654503765792030512e-01 5.728049288520015159e-01 0.000000000000000000e+00 0.000000000000000000e+00 0.000000000000000000e+00 0.000000000000000000e+00 0.000000000000000000e+00 0.000000000000000000e+00 0.000000000000000000e+00 0.000000000000000000e+00 0.000000000000000000e+00 
0.000000000000000000e+00 0.000000000000000000e+00 0.000000000000000000e+00 0.000000000000000000e+00 0.000000000000000000e+00 0.000000000000000000e+00 0.000000000000000000e+00 0.000000000000000000e+00 2.040816326530612290e-01 5.754711177177974646e-01 5.730715628918168214e-01 5.732066933916419860e-01 5.732066933916419860e-01 5.732066933916419860e-01 5.732066933916419860e-01 5.732066933916419860e-01 5.732066933916419860e-01 5.732066933916419860e-01 5.732066933916419860e-01 5.732066933916419860e-01 5.732066933916419860e-01 5.732066933916419860e-01 5.732066933916419860e-01 5.732066933916419860e-01 5.732066933916419860e-01 5.732066933916419860e-01 5.732066933916419860e-01 5.730764933104481873e-01 5.710088813865246138e-01 1.326530612244898044e-01 0.000000000000000000e+00 0.000000000000000000e+00 0.000000000000000000e+00 0.000000000000000000e+00 0.000000000000000000e+00 0.000000000000000000e+00 0.000000000000000000e+00 0.000000000000000000e+00 
0.000000000000000000e+00 0.000000000000000000e+00 0.000000000000000000e+00 0.000000000000000000e+00 0.000000000000000000e+00 0.000000000000000000e+00 0.000000000000000000e+00 0.000000000000000000e+00 7.372864946844538414e-01 5.966368311930593249e-01 5.746343510629855489e-01 5.792885008347272713e-01 5.793245869776483259e-01 5.793245869776483259e-01 5.793245869776483259e-01 5.793245869776483259e-01 5.793245869776483259e-01 5.793245869776483259e-01 5.793245869776483259e-01 5.793245869776483259e-01 5.793245869776483259e-01 5.793245869776483259e-01 5.793245869776483259e-01 5.793245869776483259e-01 5.793245869776483259e-01 5.793245869776483259e-01 5.793245869776483259e-01 5.758442808212389519e-01 5.675028940293139756e-01 6.607271199086811597e-01 4.081632653061224164e-02 0.000000000000000000e+00 0.000000000000000000e+00 0.000000000000000000e+00 0.000000000000000000e+00 0.000000000000000000e+00 0.000000000000000000e+00 0.000000000000000000e+00 
0.000000000000000000e+00 0.000000000000000000e+00 0.000000000000000000e+00 0.000000000000000000e+00 0.000000000000000000e+00 0.000000000000000000e+00 7.142857142857142461e-02 7.261378360868155912e-01 6.554643687811225750e-01 5.708621044488254581e-01 5.720854238175046014e-01 5.792031675658472212e-01 5.794641286317482320e-01 5.794916180758017399e-01 5.794916180758017399e-01 5.794916180758017399e-01 5.794916180758017399e-01 5.794916180758017399e-01 5.794916180758017399e-01 5.794916180758017399e-01 5.794916180758017399e-01 5.794916180758017399e-01 5.794916180758017399e-01 5.794916180758017399e-01 5.794916180758017399e-01 5.793960547721103138e-01 5.778293546742053755e-01 5.668291970878245323e-01 5.900243660620053676e-01 6.630586603797763434e-01 4.465986394557823758e-01 2.040816326530612082e-02 0.000000000000000000e+00 0.000000000000000000e+00 0.000000000000000000e+00 0.000000000000000000e+00 0.000000000000000000e+00 0.000000000000000000e+00 
0.000000000000000000e+00 0.000000000000000000e+00 0.000000000000000000e+00 0.000000000000000000e+00 0.000000000000000000e+00 8.163265306122448328e-02 6.292517006802720303e-01 7.094849391993521825e-01 6.265498159858472471e-01 5.572581704308214867e-01 5.645512206199354566e-01 5.724455810652665511e-01 5.738351996642813146e-01 5.739279640427599194e-01 5.739279640427599194e-01 5.739279640427599194e-01 5.739279640427599194e-01 5.739279640427599194e-01 5.739279640427599194e-01 5.739279640427599194e-01 5.739279640427599194e-01 5.739279640427599194e-01 5.739279640427599194e-01 5.739279640427599194e-01 5.738150074181038729e-01 5.726973201771069499e-01 5.644468899489033520e-01 5.526612192587779804e-01 6.043927056363681549e-01 6.661321320234477872e-01 6.454689018464527805e-01 8.163265306122448328e-02 0.000000000000000000e+00 0.000000000000000000e+00 0.000000000000000000e+00 0.000000000000000000e+00 0.000000000000000000e+00 0.000000000000000000e+00 
0.000000000000000000e+00 0.000000000000000000e+00 0.000000000000000000e+00 0.000000000000000000e+00 1.020408163265306041e-02 6.632653061224490221e-02 5.750850340136054450e-01 7.240081752682848704e-01 6.562669933998934724e-01 5.903303500496166478e-01 5.697337545410294801e-01 5.762839883365985516e-01 5.817012995754773375e-01 5.829821729408288800e-01 5.830068634596696775e-01 5.830068634596696775e-01 5.830068634596696775e-01 5.830068634596696775e-01 5.830068634596696775e-01 5.830068634596696775e-01 5.830068634596696775e-01 5.830068634596696775e-01 5.830068634596696775e-01 5.829927688719913625e-01 5.829316212834828592e-01 5.820261508246749038e-01 5.761856703285050951e-01 5.659162622908722184e-01 5.768216223172711876e-01 6.241174349384208675e-01 6.823843875986588259e-01 6.874999999999998890e-01 6.122448979591836593e-02 0.000000000000000000e+00 0.000000000000000000e+00 0.000000000000000000e+00 0.000000000000000000e+00 0.000000000000000000e+00 
0.000000000000000000e+00 0.000000000000000000e+00 0.000000000000000000e+00 0.000000000000000000e+00 1.020408163265306041e-02 2.040816326530612290e-01 7.730887593132489410e-01 7.183819028918358995e-01 6.534514460747328224e-01 5.969558762708502275e-01 5.724327808236409076e-01 5.770193166396860862e-01 5.832283017237479550e-01 5.857902844154626587e-01 5.859674123231917164e-01 5.859952016520894036e-01 5.859952016520894036e-01 5.859952016520894036e-01 5.859952016520894036e-01 5.859952016520894036e-01 5.859952016520894036e-01 5.859952016520894036e-01 5.859952016520894036e-01 5.859820067189437376e-01 5.858463870987644651e-01 5.834460299790338311e-01 5.769592259218164765e-01 5.688294320335743892e-01 5.772630266021803180e-01 6.191006933281818503e-01 6.682847185195049944e-01 7.171852807056887658e-01 3.384353741496598511e-01 2.040816326530612082e-02 0.000000000000000000e+00 0.000000000000000000e+00 0.000000000000000000e+00 0.000000000000000000e+00 
0.000000000000000000e+00 0.000000000000000000e+00 0.000000000000000000e+00 0.000000000000000000e+00 2.040816326530612082e-02 3.613945578231292921e-01 7.880277602216377852e-01 7.184467231437233758e-01 6.560486041043683825e-01 5.976152556653937520e-01 5.708856759492767496e-01 5.773391285198351541e-01 5.843246049497088368e-01 5.878729558642817876e-01 5.883230315749227168e-01 5.883169339164235900e-01 5.883169339164235900e-01 5.883169339164235900e-01 5.883169339164235900e-01 5.883169339164235900e-01 5.883169339164235900e-01 5.883169339164235900e-01 5.883169339164235900e-01 5.883088370256297495e-01 5.879540021347146039e-01 5.849089700979013262e-01 5.769264511467434575e-01 5.686432567024730655e-01 5.811856439381533068e-01 6.304881062776369616e-01 6.723781938045143569e-01 7.369486298120909717e-01 4.260204081632652517e-01 1.020408163265306041e-02 0.000000000000000000e+00 0.000000000000000000e+00 0.000000000000000000e+00 0.000000000000000000e+00 
0.000000000000000000e+00 0.000000000000000000e+00 0.000000000000000000e+00 1.020408163265306041e-02 1.020408163265306145e-01 6.525510204081630405e-01 7.523280685199399409e-01 6.989297088055513862e-01 6.431493643286734230e-01 5.921469301067040503e-01 5.758099236302554047e-01 5.809771901519533710e-01 5.876332168980840098e-01 5.913537721131147951e-01 5.921817593472676888e-01 5.921601676384838919e-01 5.921601676384838919e-01 5.921601676384838919e-01 5.921601676384838919e-01 5.921601676384838919e-01 5.921601676384838919e-01 5.921601676384838919e-01 5.921465728588791722e-01 5.920713149654575069e-01 5.909970267130821853e-01 5.864457893529276822e-01 5.783179692954509843e-01 5.728734404410902314e-01 5.922065334619525112e-01 6.343424614130314110e-01 6.808859741392477849e-01 7.473419437705149937e-01 5.916666666666666741e-01 4.081632653061224164e-02 0.000000000000000000e+00 0.000000000000000000e+00 0.000000000000000000e+00 0.000000000000000000e+00 
0.000000000000000000e+00 0.000000000000000000e+00 0.000000000000000000e+00 5.102040816326530726e-02 4.294217687074829426e-01 7.874584032747297124e-01 7.478764098456905929e-01 6.867962079824364574e-01 6.345722120303868286e-01 5.897601603495506994e-01 5.770077498771484237e-01 5.812281541270574170e-01 5.875120676050263890e-01 5.916410206594766574e-01 5.928307214137316095e-01 5.931375720144518304e-01 5.931577988338193608e-01 5.931577988338193608e-01 5.931577988338193608e-01 5.931577988338193608e-01 5.931577988338193608e-01 5.931577988338193608e-01 5.930931236690826225e-01 5.926064020822555678e-01 5.902337423900939628e-01 5.837540302514333534e-01 5.761549252259584586e-01 5.738668294521053204e-01 5.965597843704402159e-01 6.336246197681306702e-01 6.726235664015485227e-01 7.185752883459712859e-01 7.566569484936831458e-01 2.789115646258503722e-01 1.020408163265306041e-02 0.000000000000000000e+00 0.000000000000000000e+00 0.000000000000000000e+00 
0.000000000000000000e+00 0.000000000000000000e+00 0.000000000000000000e+00 3.061224489795918297e-02 3.937074829931972442e-01 8.082438819683714915e-01 7.459833325832978534e-01 6.944215340592790886e-01 6.435273694187504390e-01 5.970659566088568626e-01 5.786474026971902829e-01 5.824801033662521110e-01 5.897583981328076153e-01 5.940130638504500515e-01 5.958071020497941461e-01 5.962597267411218205e-01 5.962843172983477436e-01 5.962843172983477436e-01 5.962843172983477436e-01 5.962843172983477436e-01 5.962843172983477436e-01 5.962843172983477436e-01 5.962446325372959821e-01 5.957586520015752951e-01 5.931718417079668848e-01 5.876244135552559644e-01 5.796539643016965782e-01 5.759534384471636237e-01 5.950147088553421337e-01 6.372969470220514188e-01 6.784622849463201044e-01 7.143798408808162970e-01 7.748137350178165850e-01 3.622448979591836871e-01 2.040816326530612082e-02 0.000000000000000000e+00 0.000000000000000000e+00 0.000000000000000000e+00 
0.000000000000000000e+00 0.000000000000000000e+00 0.000000000000000000e+00 1.224489795918367319e-01 6.467687074829930882e-01 7.772509111869853049e-01 7.286343336320476594e-01 6.715532129565611186e-01 6.332666443133051493e-01 5.883037487047283465e-01 5.789793134917513573e-01 5.840645763583742767e-01 5.908547485855714099e-01 5.948363621654521038e-01 5.962622771416460354e-01 5.966958925867703600e-01 5.967094873663750798e-01 5.967094873663750798e-01 5.967094873663750798e-01 5.967094873663750798e-01 5.967094873663750798e-01 5.967094873663750798e-01 5.965606740704290090e-01 5.954376701158387020e-01 5.916158806616497179e-01 5.848431509256344363e-01 5.786583717875850574e-01 5.767032733512613696e-01 6.074630528429091347e-01 6.454215468690628343e-01 6.829590619839540633e-01 7.123794675585644054e-01 7.136297376093292399e-01 4.064625850340135571e-01 1.020408163265306041e-02 0.000000000000000000e+00 0.000000000000000000e+00 0.000000000000000000e+00 
0.000000000000000000e+00 0.000000000000000000e+00 0.000000000000000000e+00 2.346938775510204189e-01 7.790573372206022196e-01 7.836988647308824607e-01 7.208308667763090316e-01 6.769267768263371732e-01 6.306584350979059783e-01 5.893081312984831399e-01 5.819809739895545064e-01 5.873226281296313189e-01 5.933524079597753964e-01 5.970423337533274921e-01 5.991841860043563006e-01 5.997615582283069013e-01 5.997342687074829204e-01 5.997342687074829204e-01 5.997342687074829204e-01 5.997342687074829204e-01 5.997342687074829204e-01 5.997342687074829204e-01 5.995171036711838264e-01 5.979675015487319056e-01 5.933446491073156581e-01 5.866913974510099550e-01 5.794994021343486956e-01 5.817554411839928052e-01 6.137701470695409167e-01 6.489701100297620151e-01 6.822131300874877402e-01 7.142938483810505890e-01 7.872125040492385928e-01 4.761904761904762196e-01 1.020408163265306041e-02 0.000000000000000000e+00 0.000000000000000000e+00 0.000000000000000000e+00 
0.000000000000000000e+00 0.000000000000000000e+00 0.000000000000000000e+00 1.734693877551020391e-01 6.156462585034012669e-01 7.924319727891154796e-01 7.497007953215079068e-01 7.067427772037140343e-01 6.576574248063448147e-01 6.155318001359895153e-01 5.850202524711786145e-01 5.803758841382189448e-01 5.872961474676337001e-01 5.933080536438579689e-01 5.974289128436833796e-01 5.986073588807482304e-01 5.989661779400521358e-01 5.989780733722062100e-01 5.989780733722062100e-01 5.989780733722062100e-01 5.989780733722062100e-01 5.989780733722062100e-01 5.987984423505183784e-01 5.980361176445879723e-01 5.951546654000452463e-01 5.897158829470801056e-01 5.818024252740465752e-01 5.783875418098675114e-01 5.864263192959305870e-01 6.208480994113567686e-01 6.623791798132520059e-01 6.933976357002408220e-01 7.358677213801640971e-01 7.192784256559766609e-01 3.027210884353741527e-01 1.020408163265306041e-02 0.000000000000000000e+00 0.000000000000000000e+00 
0.000000000000000000e+00 0.000000000000000000e+00 1.020408163265306041e-02 2.448979591836734637e-01 7.874149659863944883e-01 7.827714752234559148e-01 7.382282341651006385e-01 6.891249235647076699e-01 6.412479850336025855e-01 6.004230279119106006e-01 5.839176530444140090e-01 5.886236287335783190e-01 5.951267995247270237e-01 6.000576847175362882e-01 6.028982298952240138e-01 6.038615933386339840e-01 6.039460609030893323e-01 6.039601554907676473e-01 6.039601554907676473e-01 6.039601554907676473e-01 6.039601554907676473e-01 6.039492596747609854e-01 6.036834686567509323e-01 6.019666646370169794e-01 5.978832329524365052e-01 5.907594278641112862e-01 5.835866563428502296e-01 5.846933440218449185e-01 6.078422710553135211e-01 6.499203369406146846e-01 6.803468071051474997e-01 7.162736032345133896e-01 7.785160417813472566e-01 5.952380952380952328e-01 1.122448979591836732e-01 1.020408163265306041e-02 0.000000000000000000e+00 0.000000000000000000e+00 
0.000000000000000000e+00 0.000000000000000000e+00 8.163265306122448328e-02 3.163265306122449161e-01 7.944201490119856546e-01 7.956077617439529792e-01 7.380150475003800503e-01 6.958639518906082344e-01 6.532274332909415726e-01 6.130268751058355337e-01 5.869023635087619040e-01 5.845206032584325806e-01 5.912913627958470419e-01 5.964569998971113174e-01 6.009370950533502453e-01 6.026651440217841715e-01 6.031189071015778946e-01 6.031492954324587652e-01 6.031492954324587652e-01 6.031492954324587652e-01 6.031492954324587652e-01 6.030479343551125027e-01 6.027481961804443955e-01 6.009136491023656657e-01 5.971040287725435380e-01 5.909436903075881986e-01 5.842064691151254152e-01 5.820291052674976262e-01 5.950672279734670056e-01 6.302970771271143580e-01 6.674549621421759227e-01 6.938833314190604451e-01 7.423618810727830031e-01 7.711167800453513355e-01 4.251700680272108568e-01 4.081632653061224164e-02 0.000000000000000000e+00 0.000000000000000000e+00 
0.000000000000000000e+00 0.000000000000000000e+00 2.040816326530612082e-02 3.265306122448979331e-01 7.981049562682215326e-01 8.143349847431476940e-01 7.575567358755743719e-01 7.077752757320755483e-01 6.596455198839431544e-01 6.184929222011851246e-01 5.920896114722494774e-01 5.914919206791336981e-01 5.979721702920794968e-01 6.035496526836329201e-01 6.072759146800167374e-01 6.094016443058731802e-01 6.097526026196418147e-01 6.097773931000973757e-01 6.097773931000973757e-01 6.097773931000973757e-01 6.097773931000973757e-01 6.097522027731828720e-01 6.093974142888242129e-01 6.075539967913501371e-01 6.032328146835552740e-01 5.967741552760346124e-01 5.896185171664042324e-01 5.887698021105761681e-01 6.023099716369684220e-01 6.403035457172991940e-01 6.756652437505101805e-01 7.091854088328337635e-01 7.542014538784297395e-01 8.086329770003237716e-01 3.265306122448979331e-01 2.040816326530612082e-02 0.000000000000000000e+00 0.000000000000000000e+00 
0.000000000000000000e+00 1.020408163265306041e-02 1.785714285714285754e-01 8.075558794946550156e-01 8.463924680761413244e-01 7.727653752288672351e-01 7.177615653057047851e-01 6.776634604149546215e-01 6.359821903626748929e-01 6.025149085294430051e-01 5.892921433399601616e-01 5.924426544175329656e-01 5.985214756075906140e-01 6.053433964538025291e-01 6.097286187878346864e-01 6.111609032481619685e-01 6.117220035125557898e-01 6.117271015549075042e-01 6.117271015549075042e-01 6.117271015549075042e-01 6.117165056237450216e-01 6.115537287438657099e-01 6.099642400218145966e-01 6.061402321755190448e-01 6.005799428664820860e-01 5.938526413027737094e-01 5.892819731738131450e-01 5.960004857313275783e-01 6.231685397371444779e-01 6.633056700351138701e-01 6.989751014620522174e-01 7.402490638724397165e-01 7.780992789549469046e-01 7.959062196307091774e-01 4.608843537414966662e-01 2.040816326530612082e-02 0.000000000000000000e+00 0.000000000000000000e+00 
0.000000000000000000e+00 0.000000000000000000e+00 1.428571428571428492e-01 7.431972789115647293e-01 8.344146216595199617e-01 7.859123698442314065e-01 7.279790846096627632e-01 6.839619151695828236e-01 6.452251148167710282e-01 6.093757998910508400e-01 5.971160354213017607e-01 5.995292819618125435e-01 6.059782782262502776e-01 6.127878131872275258e-01 6.170654102943067265e-01 6.187281497633118077e-01 6.192053965562938078e-01 6.192419825072885686e-01 6.192419825072885686e-01 6.192419825072885686e-01 6.192419825072885686e-01 6.191100331758319086e-01 6.178697114696836135e-01 6.144209909937000669e-01 6.083446963917087391e-01 6.018849834791227815e-01 5.975826903005178048e-01 6.022760684594606895e-01 6.300163417498556573e-01 6.695639504706786260e-01 7.089895378412119920e-01 7.539563505479085492e-01 7.941244379869825121e-01 8.289480077745382536e-01 3.962585034013605956e-01 3.061224489795918297e-02 0.000000000000000000e+00 0.000000000000000000e+00 
0.000000000000000000e+00 0.000000000000000000e+00 1.122448979591836732e-01 7.207482993197278365e-01 8.423922166269099954e-01 8.002231326324978911e-01 7.385837175103863173e-01 6.999672843946834755e-01 6.602779199161238344e-01 6.252202142054388290e-01 6.021037071290291642e-01 6.016418860716747918e-01 6.067520259531475890e-01 6.138090467053892718e-01 6.188093226645308143e-01 6.216307030479207851e-01 6.226025571858755381e-01 6.227101554907679137e-01 6.227101554907679137e-01 6.227101554907679137e-01 6.227101554907679137e-01 6.226109733120578360e-01 6.212970501055289363e-01 6.180761320450022245e-01 6.121167791366298738e-01 6.066030189991847843e-01 6.012332209958028972e-01 6.035336877729805538e-01 6.206145484997822592e-01 6.588377787850613343e-01 6.937166495948957623e-01 7.330218257767220358e-01 7.675880630147313699e-01 8.137590867182700194e-01 6.530612244897958663e-01 9.693877551020407823e-02 0.000000000000000000e+00 0.000000000000000000e+00 
0.000000000000000000e+00 1.020408163265306041e-02 1.581632653061224580e-01 6.794217687074829426e-01 8.698007774538385473e-01 8.203153175846988887e-01 7.666503331856848735e-01 7.123869883892627319e-01 6.822613886006105854e-01 6.482624406911340342e-01 6.051457824371136995e-01 5.936102689992308612e-01 5.973582366150576028e-01 6.048703252770852856e-01 6.118889076154089279e-01 6.166402147598794015e-01 6.185796851579433708e-01 6.190600523684616219e-01 6.190506559766761896e-01 6.190506559766761896e-01 6.190384606596779360e-01 6.189161397063958070e-01 6.178704297902568587e-01 6.149246425911882863e-01 6.097381380946916840e-01 6.034409881043959478e-01 5.995150143346009708e-01 5.949757263782731176e-01 5.997292049920205370e-01 6.357843508312369663e-01 6.739591269329451295e-01 7.086504962933345420e-01 7.472505145370087476e-01 7.913569650392004995e-01 7.834264658244251001e-01 4.064625850340135571e-01 1.020408163265306041e-02 0.000000000000000000e+00 
0.000000000000000000e+00 1.020408163265306041e-02 1.326530612244898044e-01 7.535714285714285587e-01 8.331135701033659524e-01 8.184076843420943215e-01 7.559278421570055917e-01 7.097495840488262653e-01 6.734191496764275753e-01 6.396867842883767752e-01 6.078275384514270074e-01 6.023611110396895896e-01 6.061417696321789172e-01 6.121115026080935495e-01 6.187900290538042025e-01 6.231100751207169219e-01 6.243165610311868230e-01 6.245930515063170541e-01 6.245930515063170541e-01 6.245930515063170541e-01 6.245816558822366860e-01 6.244781722760928133e-01 6.231494918851292475e-01 6.201813150125714547e-01 6.139805008294580979e-01 6.078151699890894655e-01 6.032782037417716570e-01 6.028346647621605214e-01 6.129423733248874351e-01 6.492690659152420274e-01 6.843756957701422339e-01 7.223716212380286716e-01 7.698965880672059559e-01 8.167165900659294486e-01 7.575315840621962282e-01 2.755102040816326259e-01 0.000000000000000000e+00 0.000000000000000000e+00 
0.000000000000000000e+00 3.061224489795918297e-02 3.078231292517006890e-01 8.508260447035956853e-01 8.436972091533911922e-01 7.780124648313906377e-01 7.297375682113734774e-01 6.921851803726183361e-01 6.564347541056791968e-01 6.234272667617521968e-01 6.108734638928321470e-01 6.096754038451357438e-01 6.144063848805273453e-01 6.214836211783907327e-01 6.264909547501982257e-01 6.295604616331380576e-01 6.305170350973365867e-01 6.307480118110833089e-01 6.307413143828958235e-01 6.307413143828958235e-01 6.307244208700046872e-01 6.303447518919460535e-01 6.281458620624960076e-01 6.232462557867003428e-01 6.174644500890383858e-01 6.120980594314565648e-01 6.090589108308356314e-01 6.145844598105421053e-01 6.385502735568240329e-01 6.695992621234845288e-01 7.061111632454036835e-01 7.488201166163491740e-01 7.829163355063438745e-01 8.284249197514501617e-01 7.227891156462585842e-01 2.244897959183673464e-01 1.020408163265306041e-02 0.000000000000000000e+00 
0.000000000000000000e+00 2.040816326530612082e-02 3.367346938775510057e-01 8.294217687074829648e-01 8.486897446203534034e-01 8.053139898253685036e-01 7.505807148506092874e-01 7.105235523126510744e-01 6.755156782960043405e-01 6.397022461522542391e-01 6.122115835409782658e-01 6.044702255940216373e-01 6.065162399566761398e-01 6.127272742299426644e-01 6.198054522787519449e-01 6.246281612624615676e-01 6.263145777445682238e-01 6.267704487191202434e-01 6.267720481049561254e-01 6.267720481049561254e-01 6.267471576628859120e-01 6.263890504426099515e-01 6.247105284290126459e-01 6.202902243376475777e-01 6.138222467521852188e-01 6.082095848806441385e-01 6.036667719533099774e-01 6.030985068514488345e-01 6.163178108771236730e-01 6.472685485547973183e-01 6.828922072256407017e-01 7.212275904538504312e-01 7.649013124794061813e-01 7.928705112011328326e-01 7.985301263362487578e-01 4.540816326530612290e-01 2.040816326530612082e-02 0.000000000000000000e+00 
0.000000000000000000e+00 6.122448979591836593e-02 4.234693877551020669e-01 8.964042759961127205e-01 8.414151391492326049e-01 8.012530355183040687e-01 7.453759909760246938e-01 7.098756984965328698e-01 6.714450863248284662e-01 6.376129021535136276e-01 6.133453300294723354e-01 6.068828847652963931e-01 6.080719296872566515e-01 6.161618639665622510e-01 6.226370098255881169e-01 6.269363819732834964e-01 6.288918138805672520e-01 6.293898571519962459e-01 6.294278425655975839e-01 6.294278425655975839e-01 6.293750628330149199e-01 6.289217773909584475e-01 6.266052155153268854e-01 6.221942630936851959e-01 6.157111304535205498e-01 6.104617478262557295e-01 6.054397466259292537e-01 6.074455480068620128e-01 6.222591474166390135e-01 6.539772134918369062e-01 6.891805450839054714e-01 7.338932695192235123e-01 7.631950360367228958e-01 7.971368510861936985e-01 7.865038872691934024e-01 4.625850340136054561e-01 5.102040816326530726e-02 0.000000000000000000e+00 
0.000000000000000000e+00 1.020408163265306041e-02 4.642857142857143016e-01 9.134110787172010637e-01 8.519816351449003289e-01 7.983578180376619260e-01 7.599118497508177139e-01 7.177129735758754903e-01 6.762533658402617442e-01 6.441219991847040305e-01 6.166561905220578899e-01 6.108506690558810348e-01 6.130710637478837821e-01 6.202989729846621891e-01 6.269910880272898668e-01 6.314333294601116586e-01 6.337510996289198451e-01 6.339879153071887874e-01 6.340136054421768863e-01 6.340136054421768863e-01 6.340015100867933961e-01 6.335455493597574872e-01 6.310118958853847548e-01 6.273946130602803262e-01 6.215139611847435575e-01 6.140004748201596252e-01 6.095696775047956262e-01 6.123066334825114643e-01 6.253643434942608437e-01 6.598445768128928801e-01 6.936593346438969521e-01 7.352109510304880580e-01 7.713919800641604319e-01 8.070616244903064951e-01 8.117589893100096710e-01 3.095238095238095344e-01 4.081632653061224164e-02 0.000000000000000000e+00 
0.000000000000000000e+00 7.142857142857142461e-02 5.544217687074829426e-01 8.784337544541624965e-01 8.414833345312118240e-01 7.890030774077033682e-01 7.540392572360899992e-01 7.156124690404651600e-01 6.758600705013287913e-01 6.420441716990585856e-01 6.159977955267886829e-01 6.103541212550069872e-01 6.118536681714487058e-01 6.178727009772206902e-01 6.247493170741262869e-01 6.298406131559917132e-01 6.324866283003954814e-01 6.329723053014308931e-01 6.330250850340134461e-01 6.330250850340134461e-01 6.329653079883988953e-01 6.321290691197256617e-01 6.292480045278332490e-01 6.248995748649166515e-01 6.188803199958141654e-01 6.112591629506282098e-01 6.066262127592534359e-01 6.101157706742662556e-01 6.252556661326252874e-01 6.585743852876555504e-01 6.902360627750985245e-01 7.289671062164507775e-01 7.688234909156609342e-01 8.044493654758685386e-01 8.345885973436993899e-01 4.736394557823129237e-01 6.122448979591836593e-02 0.000000000000000000e+00 
0.000000000000000000e+00 8.163265306122448328e-02 5.654761904761904656e-01 8.488249845392701332e-01 8.416406196528768424e-01 7.967278526581972331e-01 7.520454293273418633e-01 7.196158043060771892e-01 6.754099604919203692e-01 6.377562593058383467e-01 6.153595580654909192e-01 6.092082686456806728e-01 6.131349184237195882e-01 6.193431388172161434e-01 6.264222888220848384e-01 6.312170052520859054e-01 6.333139647955288165e-01 6.338567704287269011e-01 6.339103498542274506e-01 6.339103498542274506e-01 6.338361783360904056e-01 6.331358093401240339e-01 6.303556613756099436e-01 6.251917366343920923e-01 6.187706322750132770e-01 6.119741788993627862e-01 6.053594732077444140e-01 6.103137865794621142e-01 6.302735997686245151e-01 6.634666619767761730e-01 7.012161511255528001e-01 7.366401322800855134e-01 7.809021758579709482e-01 8.107784162699946950e-01 8.447238419177195423e-01 5.102040816326530726e-01 5.102040816326530726e-02 0.000000000000000000e+00 
