1.188178086280822665e+00 1.168075561523437500e+00 0.000000000000000000e+00 5.002592643805309214e-01 5.000000000000000000e-01 0.000000000000000000e+00 1.000000000000000000e+00 0.000000000000000000e+00 0.000000000000000000e+00 0.000000000000000000e+00 
1.153125047683715820e+00 1.132171511650085449e+00 0.000000000000000000e+00 5.002463011615043698e-01 5.000000000000000000e-01 0.000000000000000000e+00 1.000000000000000000e+00 0.000000000000000000e+00 0.000000000000000000e+00 0.000000000000000000e+00 
1.116574907302856356e+00 1.094220280647277832e+00 0.000000000000000000e+00 5.003500069137167827e-01 5.000000000000000000e-01 0.000000000000000000e+00 1.000000000000000000e+00 0.000000000000000000e+00 0.000000000000000000e+00 0.000000000000000000e+00 
1.077933549880981445e+00 1.053215026855468750e+00 0.000000000000000000e+00 5.001814850663717227e-01 5.000000000000000000e-01 0.000000000000000000e+00 1.000000000000000000e+00 0.000000000000000000e+00 0.000000000000000000e+00 0.000000000000000000e+00 
1.035369420051574618e+00 1.008134961128234863e+00 0.000000000000000000e+00 5.002333379424779292e-01 5.000000000000000000e-01 0.000000000000000000e+00 1.000000000000000000e+00 0.000000000000000000e+00 0.000000000000000000e+00 0.000000000000000000e+00 
9.892899394035339355e-01 9.587019085884094238e-01 0.000000000000000000e+00 5.003629701327433343e-01 5.000000000000000000e-01 0.000000000000000000e+00 1.000000000000000000e+00 0.000000000000000000e+00 0.000000000000000000e+00 0.000000000000000000e+00 
9.390779495239257590e-01 9.070301651954650879e-01 0.000000000000000000e+00 5.001944482853982743e-01 5.000000000000000000e-01 0.000000000000000000e+00 1.000000000000000000e+00 0.000000000000000000e+00 0.000000000000000000e+00 0.000000000000000000e+00 
8.903945803642272505e-01 8.635100126266479492e-01 0.000000000000000000e+00 5.000907425331858613e-01 5.000000000000000000e-01 0.000000000000000000e+00 1.000000000000000000e+00 0.000000000000000000e+00 0.000000000000000000e+00 0.000000000000000000e+00 
8.525209903717041460e-01 8.373737931251525879e-01 0.000000000000000000e+00 5.002592643805309214e-01 5.000000000000000000e-01 0.000000000000000000e+00 1.000000000000000000e+00 0.000000000000000000e+00 0.000000000000000000e+00 0.000000000000000000e+00 
8.296908259391784224e-01 8.192380666732788086e-01 0.000000000000000000e+00 5.000518528761062065e-01 5.000000000000000000e-01 0.000000000000000000e+00 1.000000000000000000e+00 0.000000000000000000e+00 0.000000000000000000e+00 0.000000000000000000e+00 
8.101743817329406516e-01 7.999621629714965820e-01 0.000000000000000000e+00 4.999222206858407458e-01 5.000000000000000000e-01 0.000000000000000000e+00 1.000000000000000000e+00 0.000000000000000000e+00 0.000000000000000000e+00 0.000000000000000000e+00 
7.910615563392638938e-01 7.803617119789123535e-01 0.000000000000000000e+00 5.000000000000000000e-01 5.000000000000000000e-01 0.000000000000000000e+00 1.000000000000000000e+00 0.000000000000000000e+00 0.000000000000000000e+00 0.000000000000000000e+00 
7.729323148727417214e-01 7.630935907363891602e-01 0.000000000000000000e+00 5.001555586283185084e-01 5.000000000000000000e-01 0.000000000000000000e+00 1.000000000000000000e+00 0.000000000000000000e+00 0.000000000000000000e+00 0.000000000000000000e+00 
7.589590311050414817e-01 7.490236163139343262e-01 0.000000000000000000e+00 4.994036919247787365e-01 5.000000000000000000e-01 0.000000000000000000e+00 1.000000000000000000e+00 0.000000000000000000e+00 0.000000000000000000e+00 0.000000000000000000e+00 
7.451050758361816850e-01 7.373229265213012695e-01 0.000000000000000000e+00 5.001685218473450600e-01 5.000000000000000000e-01 0.000000000000000000e+00 1.000000000000000000e+00 0.000000000000000000e+00 0.000000000000000000e+00 0.000000000000000000e+00 
7.356629729270934837e-01 7.274193763732910156e-01 0.000000000000000000e+00 4.993838149889380240e-01 5.000000000000000000e-01 0.000000000000000000e+00 1.000000000000000000e+00 0.000000000000000000e+00 0.000000000000000000e+00 0.000000000000000000e+00 
7.257512450218200906e-01 7.189629077911376953e-01 0.000000000000000000e+00 4.997027101769911939e-01 5.003999999999999559e-01 0.000000000000000000e+00 9.991999999999999771e-01 0.000000000000000000e+00 1.600000000000000077e-03 0.000000000000000000e+00 
7.177261114120483398e-01 7.117511630058288574e-01 0.000000000000000000e+00 5.009100179756637017e-01 4.991999999999999771e-01 0.000000000000000000e+00 9.959999999999999964e-01 0.000000000000000000e+00 2.399999999999999790e-03 0.000000000000000000e+00 
7.113133668899536133e-01 7.057339549064636230e-01 0.000000000000000000e+00 5.004442063053097245e-01 5.011999999999999789e-01 0.000000000000000000e+00 9.911999999999999700e-01 0.000000000000000000e+00 1.119999999999999989e-02 0.000000000000000000e+00 
7.048445343971252441e-01 7.005265355110168457e-01 0.000000000000000000e+00 5.046598451327433121e-01 5.040000000000000036e-01 0.000000000000000000e+00 9.816000000000000281e-01 0.000000000000000000e+00 2.639999999999999986e-02 0.000000000000000000e+00 
7.003607511520385520e-01 6.959833502769470215e-01 0.000000000000000000e+00 5.087994330752212413e-01 5.151999999999999913e-01 0.000000000000000000e+00 9.639999999999999680e-01 0.000000000000000000e+00 6.640000000000000069e-02 0.000000000000000000e+00 
6.965372920036315696e-01 6.919305920600891113e-01 0.000000000000000000e+00 5.182012237278761368e-01 5.215999999999999526e-01 0.000000000000000000e+00 9.352000000000000313e-01 0.000000000000000000e+00 1.079999999999999988e-01 0.000000000000000000e+00 
6.927402496337891069e-01 6.882094740867614746e-01 0.000000000000000000e+00 5.223874792588495408e-01 5.320000000000000284e-01 0.000000000000000000e+00 9.112000000000000099e-01 0.000000000000000000e+00 1.527999999999999914e-01 0.000000000000000000e+00 
6.892114758491516557e-01 6.846769452095031738e-01 0.000000000000000000e+00 5.330423810840707599e-01 5.420000000000000373e-01 0.000000000000000000e+00 8.831999999999999851e-01 0.000000000000000000e+00 2.008000000000000063e-01 0.000000000000000000e+00 
6.862793684005736861e-01 6.811461448669433594e-01 0.000000000000000000e+00 5.501953124999999778e-01 5.560000000000000497e-01 0.000000000000000000e+00 8.624000000000000554e-01 0.000000000000000000e+00 2.495999999999999885e-01 0.000000000000000000e+00 
6.828822016716002974e-01 6.776104569435119629e-01 0.000000000000000000e+00 5.591987002212389646e-01 5.672000000000000375e-01 0.000000000000000000e+00 8.519999999999999796e-01 0.000000000000000000e+00 2.823999999999999844e-01 0.000000000000000000e+00 
6.791036248207091841e-01 6.740727424621582031e-01 0.000000000000000000e+00 5.716589463495574952e-01 5.839999999999999636e-01 0.000000000000000000e+00 8.536000000000000254e-01 0.000000000000000000e+00 3.144000000000000128e-01 0.000000000000000000e+00 
6.757520318031311479e-01 6.704689264297485352e-01 0.000000000000000000e+00 5.858579922566371501e-01 5.987999999999999989e-01 0.000000000000000000e+00 8.536000000000000254e-01 0.000000000000000000e+00 3.439999999999999725e-01 0.000000000000000000e+00 
6.725329518318176047e-01 6.666776537895202637e-01 0.000000000000000000e+00 5.975603221792035180e-01 6.148000000000000131e-01 0.000000000000000000e+00 8.447999999999999954e-01 0.000000000000000000e+00 3.847999999999999754e-01 0.000000000000000000e+00 
6.683499217033386230e-01 6.627206802368164062e-01 0.000000000000000000e+00 6.120972759955751741e-01 6.320000000000000062e-01 0.000000000000000000e+00 8.319999999999999618e-01 0.000000000000000000e+00 4.319999999999999951e-01 0.000000000000000000e+00 
6.642758607864379661e-01 6.585993170738220215e-01 0.000000000000000000e+00 6.261381706305308992e-01 6.471999999999999975e-01 0.000000000000000000e+00 8.215999999999999970e-01 0.000000000000000000e+00 4.727999999999999980e-01 0.000000000000000000e+00 
6.602689981460571067e-01 6.542799472808837891e-01 0.000000000000000000e+00 6.419965085730088283e-01 6.647999999999999465e-01 0.000000000000000000e+00 8.112000000000000322e-01 0.000000000000000000e+00 5.183999999999999719e-01 0.000000000000000000e+00 
6.554968714714050071e-01 6.496590971946716309e-01 0.000000000000000000e+00 6.586741219579645978e-01 6.787999999999999590e-01 0.000000000000000000e+00 8.167999999999999705e-01 0.000000000000000000e+00 5.407999999999999474e-01 0.000000000000000000e+00 
6.513246655464172141e-01 6.447097659111022949e-01 0.000000000000000000e+00 6.696876728429204118e-01 6.899999999999999467e-01 0.000000000000000000e+00 8.199999999999999512e-01 0.000000000000000000e+00 5.600000000000000533e-01 0.000000000000000000e+00 
6.466925501823425071e-01 6.394124627113342285e-01 0.000000000000000000e+00 6.820692754424778625e-01 7.044000000000000261e-01 0.000000000000000000e+00 8.224000000000000199e-01 0.000000000000000000e+00 5.864000000000000323e-01 0.000000000000000000e+00 
6.413842797279357688e-01 6.336957812309265137e-01 0.000000000000000000e+00 7.006429756637168049e-01 7.216000000000000192e-01 0.000000000000000000e+00 8.199999999999999512e-01 0.000000000000000000e+00 6.231999999999999762e-01 0.000000000000000000e+00 
6.352571487426758035e-01 6.275055408477783203e-01 0.000000000000000000e+00 7.133633503871681381e-01 7.348000000000000087e-01 0.000000000000000000e+00 8.104000000000000092e-01 0.000000000000000000e+00 6.592000000000000082e-01 0.000000000000000000e+00 
6.287613630294799361e-01 6.207295656204223633e-01 0.000000000000000000e+00 7.290064988938053103e-01 7.503999999999999559e-01 0.000000000000000000e+00 8.199999999999999512e-01 0.000000000000000000e+00 6.807999999999999607e-01 0.000000000000000000e+00 
6.217082977294922097e-01 6.133458018302917480e-01 0.000000000000000000e+00 7.370048050331858835e-01 7.631999999999999895e-01 0.000000000000000000e+00 8.215999999999999970e-01 0.000000000000000000e+00 7.047999999999999821e-01 0.000000000000000000e+00 
6.145402908325194868e-01 6.052524447441101074e-01 0.000000000000000000e+00 7.567763066924778625e-01 7.740000000000000213e-01 0.000000000000000000e+00 8.247999999999999776e-01 0.000000000000000000e+00 7.231999999999999540e-01 0.000000000000000000e+00 
6.068133831024169478e-01 5.964320898056030273e-01 0.000000000000000000e+00 7.656232715707964598e-01 7.887999999999999456e-01 0.000000000000000000e+00 8.256000000000000005e-01 0.000000000000000000e+00 7.520000000000000018e-01 0.000000000000000000e+00 
5.968760132789612260e-01 5.867534875869750977e-01 0.000000000000000000e+00 7.824961974557521627e-01 8.032000000000000250e-01 0.000000000000000000e+00 8.327999999999999847e-01 0.000000000000000000e+00 7.735999999999999543e-01 0.000000000000000000e+00 
5.869599580764770508e-01 5.761453509330749512e-01 0.000000000000000000e+00 7.955017629977876314e-01 8.139999999999999458e-01 0.000000000000000000e+00 8.456000000000000183e-01 0.000000000000000000e+00 7.823999999999999844e-01 0.000000000000000000e+00 
5.768404364585876243e-01 5.646933317184448242e-01 0.000000000000000000e+00 8.060348105641592653e-01 8.235999999999999988e-01 0.000000000000000000e+00 8.447999999999999954e-01 0.000000000000000000e+00 8.024000000000000021e-01 0.000000000000000000e+00 
5.645862817764282227e-01 5.521499514579772949e-01 0.000000000000000000e+00 8.244771501659291513e-01 8.344000000000000306e-01 0.000000000000000000e+00 8.519999999999999796e-01 0.000000000000000000e+00 8.167999999999999705e-01 0.000000000000000000e+00 
5.515311837196350542e-01 5.386293530464172363e-01 0.000000000000000000e+00 8.365070174225663902e-01 8.451999999999999513e-01 0.000000000000000000e+00 8.624000000000000554e-01 0.000000000000000000e+00 8.279999999999999583e-01 0.000000000000000000e+00 
5.380134344100951926e-01 5.241311192512512207e-01 0.000000000000000000e+00 8.448527378318584358e-01 8.579999999999999849e-01 0.000000000000000000e+00 8.688000000000000167e-01 0.000000000000000000e+00 8.471999999999999531e-01 0.000000000000000000e+00 
5.233439683914185014e-01 5.084274411201477051e-01 0.000000000000000000e+00 8.603455129977876092e-01 8.648000000000000131e-01 0.000000000000000000e+00 8.728000000000000203e-01 0.000000000000000000e+00 8.568000000000000060e-01 0.000000000000000000e+00 
5.073053658008574995e-01 4.914589822292327881e-01 0.000000000000000000e+00 8.700247165376107095e-01 8.736000000000000432e-01 0.000000000000000000e+00 8.895999999999999464e-01 0.000000000000000000e+00 8.576000000000000290e-01 0.000000000000000000e+00 
4.910360157489776500e-01 4.745547771453857422e-01 0.000000000000000000e+00 8.814504977876106429e-01 8.888000000000000345e-01 0.000000000000000000e+00 8.800000000000000044e-01 0.000000000000000000e+00 8.975999999999999535e-01 0.000000000000000000e+00 
4.726653695106506348e-01 4.554304182529449463e-01 0.000000000000000000e+00 8.924519496681415642e-01 8.980000000000000204e-01 0.000000000000000000e+00 9.000000000000000222e-01 0.000000000000000000e+00 8.960000000000000187e-01 0.000000000000000000e+00 
4.534235298633575439e-01 4.362540841102600098e-01 0.000000000000000000e+00 9.056597414269911273e-01 9.095999999999999641e-01 0.000000000000000000e+00 9.063999999999999835e-01 0.000000000000000000e+00 9.127999999999999448e-01 0.000000000000000000e+00 
4.343870759010314830e-01 4.157778620719909668e-01 0.000000000000000000e+00 9.098667381084070138e-01 9.167999999999999483e-01 0.000000000000000000e+00 9.175999999999999712e-01 0.000000000000000000e+00 9.160000000000000364e-01 0.000000000000000000e+00 
4.145347595214843861e-01 3.955240249633789062e-01 0.000000000000000000e+00 9.214472137721239076e-01 9.252000000000000224e-01 0.000000000000000000e+00 9.183999999999999941e-01 0.000000000000000000e+00 9.320000000000000506e-01 0.000000000000000000e+00 
3.929287552833556907e-01 3.743035197257995605e-01 0.000000000000000000e+00 9.316146985619468968e-01 9.307999999999999607e-01 0.000000000000000000e+00 9.232000000000000206e-01 0.000000000000000000e+00 9.384000000000000119e-01 0.000000000000000000e+00 
3.714236617088317871e-01 3.523978292942047119e-01 0.000000000000000000e+00 9.389968196902656050e-01 9.407999999999999696e-01 0.000000000000000000e+00 9.384000000000000119e-01 0.000000000000000000e+00 9.432000000000000384e-01 0.000000000000000000e+00 
3.502695977687835804e-01 3.318863213062286377e-01 0.000000000000000000e+00 9.440611172566372167e-01 9.464000000000000190e-01 0.000000000000000000e+00 9.367999999999999661e-01 0.000000000000000000e+00 9.559999999999999609e-01 0.000000000000000000e+00 
3.289732933044433594e-01 3.095924854278564453e-01 0.000000000000000000e+00 9.505323561946902311e-01 9.552000000000000490e-01 0.000000000000000000e+00 9.512000000000000455e-01 0.000000000000000000e+00 9.592000000000000526e-01 0.000000000000000000e+00 
3.076555132865905762e-01 2.885642945766448975e-01 0.000000000000000000e+00 9.560788855088496740e-01 9.636000000000000121e-01 0.000000000000000000e+00 9.624000000000000332e-01 0.000000000000000000e+00 9.647999999999999909e-01 0.000000000000000000e+00 
2.861235320568084606e-01 2.692392170429229736e-01 0.000000000000000000e+00 9.629139587942476819e-01 9.659999999999999698e-01 0.000000000000000000e+00 9.616000000000000103e-01 0.000000000000000000e+00 9.704000000000000403e-01 0.000000000000000000e+00 
2.662111341953277699e-01 2.494711428880691528e-01 0.000000000000000000e+00 9.684864145464601171e-01 9.704000000000000403e-01 0.000000000000000000e+00 9.671999999999999487e-01 0.000000000000000000e+00 9.736000000000000210e-01 0.000000000000000000e+00 
2.470126628875732311e-01 2.308114618062973022e-01 0.000000000000000000e+00 9.715975871128318397e-01 9.744000000000000439e-01 0.000000000000000000e+00 9.719999999999999751e-01 0.000000000000000000e+00 9.768000000000000016e-01 0.000000000000000000e+00 
2.283230692148208729e-01 2.151474505662918091e-01 0.000000000000000000e+00 9.764605226769911273e-01 9.771999999999999575e-01 0.000000000000000000e+00 9.711999999999999522e-01 0.000000000000000000e+00 9.831999999999999629e-01 0.000000000000000000e+00 
2.127743571996688898e-01 1.983953118324279785e-01 0.000000000000000000e+00 9.776384471792034514e-01 9.816000000000000281e-01 0.000000000000000000e+00 9.784000000000000474e-01 0.000000000000000000e+00 9.848000000000000087e-01 0.000000000000000000e+00 
1.965094387531280407e-01 1.841342002153396606e-01 0.000000000000000000e+00 9.804704784292035402e-01 9.828000000000000069e-01 0.000000000000000000e+00 9.791999999999999593e-01 0.000000000000000000e+00 9.864000000000000545e-01 0.000000000000000000e+00 
1.824709415435790960e-01 1.704027056694030762e-01 0.000000000000000000e+00 9.839204231194690342e-01 9.851999999999999647e-01 0.000000000000000000e+00 9.831999999999999629e-01 0.000000000000000000e+00 9.871999999999999664e-01 0.000000000000000000e+00 
1.693936198949813898e-01 1.578789949417114258e-01 0.000000000000000000e+00 9.859323147123892905e-01 9.871999999999999664e-01 0.000000000000000000e+00 9.871999999999999664e-01 0.000000000000000000e+00 9.871999999999999664e-01 0.000000000000000000e+00 
1.577667444944381714e-01 1.475545763969421387e-01 0.000000000000000000e+00 9.873254286504424826e-01 9.883999999999999453e-01 0.000000000000000000e+00 9.871999999999999664e-01 0.000000000000000000e+00 9.896000000000000352e-01 0.000000000000000000e+00 
1.470238506793975775e-01 1.392993330955505371e-01 0.000000000000000000e+00 9.888620022123892905e-01 9.899999999999999911e-01 0.000000000000000000e+00 9.871999999999999664e-01 0.000000000000000000e+00 9.928000000000000158e-01 0.000000000000000000e+00 
1.375391840934753473e-01 1.299155503511428833e-01 0.000000000000000000e+00 9.897339947455752185e-01 9.928000000000000158e-01 0.000000000000000000e+00 9.928000000000000158e-01 0.000000000000000000e+00 9.928000000000000158e-01 0.000000000000000000e+00 
1.288870543241500966e-01 1.222584843635559082e-01 0.000000000000000000e+00 9.927613384955751297e-01 9.936000000000000387e-01 0.000000000000000000e+00 9.928000000000000158e-01 0.000000000000000000e+00 9.943999999999999506e-01 0.000000000000000000e+00 
1.218292385339736911e-01 1.155929565429687500e-01 0.000000000000000000e+00 9.923707134955751519e-01 9.943999999999999506e-01 0.000000000000000000e+00 9.943999999999999506e-01 0.000000000000000000e+00 9.943999999999999506e-01 0.000000000000000000e+00 
1.153643563389778193e-01 1.095934063196182251e-01 0.000000000000000000e+00 9.937767906526548956e-01 9.951999999999999735e-01 0.000000000000000000e+00 9.943999999999999506e-01 0.000000000000000000e+00 9.959999999999999964e-01 0.000000000000000000e+00 
1.089638099074363708e-01 1.034744009375572205e-01 0.000000000000000000e+00 9.938744469026549178e-01 9.956000000000000405e-01 0.000000000000000000e+00 9.959999999999999964e-01 0.000000000000000000e+00 9.951999999999999735e-01 0.000000000000000000e+00 
1.042768299579620306e-01 9.976871311664581299e-02 0.000000000000000000e+00 9.941285259955752185e-01 9.959999999999999964e-01 0.000000000000000000e+00 9.959999999999999964e-01 0.000000000000000000e+00 9.959999999999999964e-01 0.000000000000000000e+00 
9.925091713666915616e-02 9.422292560338973999e-02 0.000000000000000000e+00 9.940956858407080654e-01 9.959999999999999964e-01 0.000000000000000000e+00 9.959999999999999964e-01 0.000000000000000000e+00 9.959999999999999964e-01 0.000000000000000000e+00 
9.445531666278839111e-02 9.108382463455200195e-02 0.000000000000000000e+00 9.954628733407080432e-01 9.963999999999999524e-01 0.000000000000000000e+00 9.959999999999999964e-01 0.000000000000000000e+00 9.968000000000000194e-01 0.000000000000000000e+00 
9.094018638134002130e-02 8.694032579660415649e-02 0.000000000000000000e+00 9.957100387168141831e-01 9.963999999999999524e-01 0.000000000000000000e+00 9.959999999999999964e-01 0.000000000000000000e+00 9.968000000000000194e-01 0.000000000000000000e+00 
8.706863373517989557e-02 8.326812833547592163e-02 0.000000000000000000e+00 9.955017629977875870e-01 9.959999999999999964e-01 0.000000000000000000e+00 9.959999999999999964e-01 0.000000000000000000e+00 9.959999999999999964e-01 0.000000000000000000e+00 
8.343104720115661344e-02 8.149220049381256104e-02 0.000000000000000000e+00 9.967125276548672863e-01 9.968000000000000194e-01 0.000000000000000000e+00 9.959999999999999964e-01 0.000000000000000000e+00 9.976000000000000423e-01 0.000000000000000000e+00 
8.065565377473830899e-02 7.719618082046508789e-02 0.000000000000000000e+00 9.961983199668141831e-01 9.968000000000000194e-01 0.000000000000000000e+00 9.968000000000000194e-01 0.000000000000000000e+00 9.968000000000000194e-01 0.000000000000000000e+00 
7.717209607362747470e-02 7.542325556278228760e-02 0.000000000000000000e+00 9.975784706858407125e-01 9.971999999999999753e-01 0.000000000000000000e+00 9.959999999999999964e-01 0.000000000000000000e+00 9.983999999999999542e-01 0.000000000000000000e+00 
7.490534931421280462e-02 7.258202880620956421e-02 0.000000000000000000e+00 9.975197040929202341e-01 9.971999999999999753e-01 0.000000000000000000e+00 9.959999999999999964e-01 0.000000000000000000e+00 9.983999999999999542e-01 0.000000000000000000e+00 
7.239252328872680664e-02 7.000190019607543945e-02 0.000000000000000000e+00 9.969666067477875870e-01 9.976000000000000423e-01 0.000000000000000000e+00 9.968000000000000194e-01 0.000000000000000000e+00 9.983999999999999542e-01 0.000000000000000000e+00 
7.044087946414948065e-02 6.775676459074020386e-02 0.000000000000000000e+00 9.969925331858406903e-01 9.976000000000000423e-01 0.000000000000000000e+00 9.968000000000000194e-01 0.000000000000000000e+00 9.983999999999999542e-01 0.000000000000000000e+00 
6.816243678331375400e-02 6.610459089279174805e-02 0.000000000000000000e+00 9.970901894358407125e-01 9.976000000000000423e-01 0.000000000000000000e+00 9.959999999999999964e-01 0.000000000000000000e+00 9.991999999999999771e-01 0.000000000000000000e+00 
6.526325345039367398e-02 6.393983960151672363e-02 0.000000000000000000e+00 9.979232923119468746e-01 9.976000000000000423e-01 0.000000000000000000e+00 9.959999999999999964e-01 0.000000000000000000e+00 9.991999999999999771e-01 0.000000000000000000e+00 
6.375548169016838351e-02 6.149352714419364929e-02 0.000000000000000000e+00 9.974808144358406903e-01 9.979999999999999982e-01 0.000000000000000000e+00 9.968000000000000194e-01 0.000000000000000000e+00 9.991999999999999771e-01 0.000000000000000000e+00 
6.123399883508682390e-02 5.963326245546340942e-02 0.000000000000000000e+00 9.979232923119468746e-01 9.979999999999999982e-01 0.000000000000000000e+00 9.968000000000000194e-01 0.000000000000000000e+00 9.991999999999999771e-01 0.000000000000000000e+00 
5.976897999644279619e-02 5.765056610107421875e-02 0.000000000000000000e+00 9.977867464048673085e-01 9.979999999999999982e-01 0.000000000000000000e+00 9.968000000000000194e-01 0.000000000000000000e+00 9.991999999999999771e-01 0.000000000000000000e+00 
5.758450925350189209e-02 5.605199933052062988e-02 0.000000000000000000e+00 9.980079853429202341e-01 9.979999999999999982e-01 0.000000000000000000e+00 9.968000000000000194e-01 0.000000000000000000e+00 9.991999999999999771e-01 0.000000000000000000e+00 
5.629202499985695024e-02 5.466311424970626831e-02 0.000000000000000000e+00 9.977020533738938379e-01 9.979999999999999982e-01 0.000000000000000000e+00 9.968000000000000194e-01 0.000000000000000000e+00 9.991999999999999771e-01 0.000000000000000000e+00 
5.477680489420890669e-02 5.321336537599563599e-02 0.000000000000000000e+00 9.981056415929202563e-01 9.979999999999999982e-01 0.000000000000000000e+00 9.968000000000000194e-01 0.000000000000000000e+00 9.991999999999999771e-01 0.000000000000000000e+00 
5.274047777056693753e-02 5.153569206595420837e-02 0.000000000000000000e+00 9.983139173119468524e-01 9.979999999999999982e-01 0.000000000000000000e+00 9.968000000000000194e-01 0.000000000000000000e+00 9.991999999999999771e-01 0.000000000000000000e+00 
5.187157839536667148e-02 5.096160620450973511e-02 0.000000000000000000e+00 9.980926783738939267e-01 9.979999999999999982e-01 0.000000000000000000e+00 9.968000000000000194e-01 0.000000000000000000e+00 9.991999999999999771e-01 0.000000000000000000e+00 
5.016085803508758822e-02 4.883784055709838867e-02 0.000000000000000000e+00 9.987045423119468301e-01 9.983999999999999542e-01 0.000000000000000000e+00 9.976000000000000423e-01 0.000000000000000000e+00 9.991999999999999771e-01 0.000000000000000000e+00 
4.889669492840766768e-02 4.810087755322456360e-02 0.000000000000000000e+00 9.986328125000000222e-01 9.979999999999999982e-01 0.000000000000000000e+00 9.968000000000000194e-01 0.000000000000000000e+00 9.991999999999999771e-01 0.000000000000000000e+00 
4.772908762097358842e-02 4.651677981019020081e-02 0.000000000000000000e+00 9.988868915929203229e-01 9.983999999999999542e-01 0.000000000000000000e+00 9.976000000000000423e-01 0.000000000000000000e+00 9.991999999999999771e-01 0.000000000000000000e+00 
4.664475843310356140e-02 4.553924873471260071e-02 0.000000000000000000e+00 9.985221930309734484e-01 9.983999999999999542e-01 0.000000000000000000e+00 9.976000000000000423e-01 0.000000000000000000e+00 9.991999999999999771e-01 0.000000000000000000e+00 
4.559743776917457581e-02 4.488513246178627014e-02 0.000000000000000000e+00 9.987762721238938601e-01 9.979999999999999982e-01 0.000000000000000000e+00 9.968000000000000194e-01 0.000000000000000000e+00 9.991999999999999771e-01 0.000000000000000000e+00 
4.466558247804641724e-02 4.327834397554397583e-02 0.000000000000000000e+00 9.986068860619468079e-01 9.983999999999999542e-01 0.000000000000000000e+00 9.976000000000000423e-01 0.000000000000000000e+00 9.991999999999999771e-01 0.000000000000000000e+00 
4.359401389956474304e-02 4.249175265431404114e-02 0.000000000000000000e+00 9.987503456858407569e-01 9.983999999999999542e-01 0.000000000000000000e+00 9.976000000000000423e-01 0.000000000000000000e+00 9.991999999999999771e-01 0.000000000000000000e+00 
4.234477877616882324e-02 4.189768433570861816e-02 0.000000000000000000e+00 9.989975110619468968e-01 9.988000000000000211e-01 0.000000000000000000e+00 9.976000000000000423e-01 0.000000000000000000e+00 1.000000000000000000e+00 0.000000000000000000e+00 
4.159044623374939104e-02 4.052867367863655090e-02 0.000000000000000000e+00 9.989845478429202341e-01 9.988000000000000211e-01 0.000000000000000000e+00 9.983999999999999542e-01 0.000000000000000000e+00 9.991999999999999771e-01 0.000000000000000000e+00 
4.072958230972290039e-02 3.987790271639823914e-02 0.000000000000000000e+00 9.990951673119468079e-01 9.988000000000000211e-01 0.000000000000000000e+00 9.976000000000000423e-01 0.000000000000000000e+00 1.000000000000000000e+00 0.000000000000000000e+00 
3.988078162074089328e-02 3.879678994417190552e-02 0.000000000000000000e+00 9.992057867809733818e-01 9.991999999999999771e-01 0.000000000000000000e+00 9.991999999999999771e-01 0.000000000000000000e+00 9.991999999999999771e-01 0.000000000000000000e+00 
3.902659565210342407e-02 3.842477500438690186e-02 0.000000000000000000e+00 9.994140624999999778e-01 9.988000000000000211e-01 0.000000000000000000e+00 9.976000000000000423e-01 0.000000000000000000e+00 1.000000000000000000e+00 0.000000000000000000e+00 
3.834492787718772611e-02 3.802078962326049805e-02 0.000000000000000000e+00 9.992187500000000444e-01 9.988000000000000211e-01 0.000000000000000000e+00 9.976000000000000423e-01 0.000000000000000000e+00 1.000000000000000000e+00 0.000000000000000000e+00 
3.788454085588455200e-02 3.654823452234268188e-02 0.000000000000000000e+00 9.992057867809733818e-01 9.996000000000000441e-01 0.000000000000000000e+00 9.991999999999999771e-01 0.000000000000000000e+00 1.000000000000000000e+00 0.000000000000000000e+00 
3.671666681766509732e-02 3.606536611914634705e-02 0.000000000000000000e+00 9.991210937500000222e-01 9.996000000000000441e-01 0.000000000000000000e+00 9.991999999999999771e-01 0.000000000000000000e+00 1.000000000000000000e+00 0.000000000000000000e+00 
3.623518720269203186e-02 3.567703813314437866e-02 0.000000000000000000e+00 9.994010992809734262e-01 9.991999999999999771e-01 0.000000000000000000e+00 9.983999999999999542e-01 0.000000000000000000e+00 1.000000000000000000e+00 0.000000000000000000e+00 
3.577210977673530440e-02 3.467706963419914246e-02 0.000000000000000000e+00 9.991928235619468301e-01 9.996000000000000441e-01 0.000000000000000000e+00 9.991999999999999771e-01 0.000000000000000000e+00 1.000000000000000000e+00 0.000000000000000000e+00 
3.538479283452033997e-02 3.431304171681404114e-02 0.000000000000000000e+00 9.991210937500000222e-01 9.996000000000000441e-01 0.000000000000000000e+00 9.991999999999999771e-01 0.000000000000000000e+00 1.000000000000000000e+00 0.000000000000000000e+00 
3.446114808320999146e-02 3.397418186068534851e-02 0.000000000000000000e+00 9.994010992809734262e-01 9.991999999999999771e-01 0.000000000000000000e+00 9.983999999999999542e-01 0.000000000000000000e+00 1.000000000000000000e+00 0.000000000000000000e+00 
3.375395983457565169e-02 3.325160592794418335e-02 0.000000000000000000e+00 9.994987555309734484e-01 9.996000000000000441e-01 0.000000000000000000e+00 9.991999999999999771e-01 0.000000000000000000e+00 1.000000000000000000e+00 0.000000000000000000e+00 
3.316871300339698653e-02 3.274538740515708923e-02 0.000000000000000000e+00 9.996940680309733818e-01 9.996000000000000441e-01 0.000000000000000000e+00 9.991999999999999771e-01 0.000000000000000000e+00 1.000000000000000000e+00 0.000000000000000000e+00 
3.283775933086872240e-02 3.200046718120574951e-02 0.000000000000000000e+00 9.989257812499999778e-01 9.996000000000000441e-01 0.000000000000000000e+00 9.991999999999999771e-01 0.000000000000000000e+00 1.000000000000000000e+00 0.000000000000000000e+00 
3.217610493302345415e-02 3.160230815410614014e-02 0.000000000000000000e+00 9.995964117809734706e-01 9.996000000000000441e-01 0.000000000000000000e+00 9.991999999999999771e-01 0.000000000000000000e+00 1.000000000000000000e+00 0.000000000000000000e+00 
3.167852908372879167e-02 3.101551346480846405e-02 0.000000000000000000e+00 9.994010992809734262e-01 9.996000000000000441e-01 0.000000000000000000e+00 9.991999999999999771e-01 0.000000000000000000e+00 1.000000000000000000e+00 0.000000000000000000e+00 
3.116912804543971877e-02 3.018840588629245758e-02 0.000000000000000000e+00 9.994987555309734484e-01 9.996000000000000441e-01 0.000000000000000000e+00 9.991999999999999771e-01 0.000000000000000000e+00 1.000000000000000000e+00 0.000000000000000000e+00 
3.063746429979801247e-02 2.999291941523551941e-02 0.000000000000000000e+00 9.997070312500000444e-01 9.996000000000000441e-01 0.000000000000000000e+00 9.991999999999999771e-01 0.000000000000000000e+00 1.000000000000000000e+00 0.000000000000000000e+00 
3.023464456200599532e-02 2.953127957880496979e-02 0.000000000000000000e+00 9.995834485619468079e-01 9.996000000000000441e-01 0.000000000000000000e+00 9.991999999999999771e-01 0.000000000000000000e+00 1.000000000000000000e+00 0.000000000000000000e+00 
2.957326769828796248e-02 2.890216559171676636e-02 0.000000000000000000e+00 9.995964117809734706e-01 9.996000000000000441e-01 0.000000000000000000e+00 9.991999999999999771e-01 0.000000000000000000e+00 1.000000000000000000e+00 0.000000000000000000e+00 
2.938096895813941886e-02 2.878489904105663300e-02 0.000000000000000000e+00 9.995117187500000000e-01 9.996000000000000441e-01 0.000000000000000000e+00 9.991999999999999771e-01 0.000000000000000000e+00 1.000000000000000000e+00 0.000000000000000000e+00 
2.902173399925232072e-02 2.857500500977039337e-02 0.000000000000000000e+00 9.994140624999999778e-01 9.996000000000000441e-01 0.000000000000000000e+00 9.991999999999999771e-01 0.000000000000000000e+00 1.000000000000000000e+00 0.000000000000000000e+00 
2.841229885816574235e-02 2.783708460628986359e-02 0.000000000000000000e+00 9.996093750000000222e-01 9.996000000000000441e-01 0.000000000000000000e+00 9.991999999999999771e-01 0.000000000000000000e+00 1.000000000000000000e+00 0.000000000000000000e+00 
2.831202112138271262e-02 2.726945094764232635e-02 0.000000000000000000e+00 9.994857923119468968e-01 9.996000000000000441e-01 0.000000000000000000e+00 9.991999999999999771e-01 0.000000000000000000e+00 1.000000000000000000e+00 0.000000000000000000e+00 
2.812113612890243530e-02 2.706945128738880157e-02 0.000000000000000000e+00 9.992775165929203007e-01 9.996000000000000441e-01 0.000000000000000000e+00 9.991999999999999771e-01 0.000000000000000000e+00 1.000000000000000000e+00 0.000000000000000000e+00 
2.725005149841308594e-02 2.687126398086547852e-02 0.000000000000000000e+00 9.996940680309733818e-01 9.996000000000000441e-01 0.000000000000000000e+00 9.991999999999999771e-01 0.000000000000000000e+00 1.000000000000000000e+00 0.000000000000000000e+00 
2.708473056554794312e-02 2.630319446325302124e-02 0.000000000000000000e+00 9.994010992809734262e-01 9.996000000000000441e-01 0.000000000000000000e+00 9.991999999999999771e-01 0.000000000000000000e+00 1.000000000000000000e+00 0.000000000000000000e+00 
2.663947194814681937e-02 2.563630603253841400e-02 0.000000000000000000e+00 9.995117187500000000e-01 1.000000000000000000e+00 0.000000000000000000e+00 1.000000000000000000e+00 0.000000000000000000e+00 1.000000000000000000e+00 0.000000000000000000e+00 
2.633879669010639329e-02 2.546025998890399933e-02 0.000000000000000000e+00 9.994010992809734262e-01 9.996000000000000441e-01 0.000000000000000000e+00 9.991999999999999771e-01 0.000000000000000000e+00 1.000000000000000000e+00 0.000000000000000000e+00 
2.573202326893806596e-02 2.541607990860939026e-02 0.000000000000000000e+00 9.997070312500000444e-01 9.996000000000000441e-01 0.000000000000000000e+00 9.991999999999999771e-01 0.000000000000000000e+00 1.000000000000000000e+00 0.000000000000000000e+00 
2.565889172255992820e-02 2.504408173263072968e-02 0.000000000000000000e+00 9.994728290929202341e-01 9.996000000000000441e-01 0.000000000000000000e+00 9.991999999999999771e-01 0.000000000000000000e+00 1.000000000000000000e+00 0.000000000000000000e+00 
2.533657141029834609e-02 2.440471388399600983e-02 0.000000000000000000e+00 9.996940680309733818e-01 1.000000000000000000e+00 0.000000000000000000e+00 1.000000000000000000e+00 0.000000000000000000e+00 1.000000000000000000e+00 0.000000000000000000e+00 
2.534025758504867415e-02 2.409307099878787994e-02 0.000000000000000000e+00 9.994140624999999778e-01 1.000000000000000000e+00 0.000000000000000000e+00 1.000000000000000000e+00 0.000000000000000000e+00 1.000000000000000000e+00 0.000000000000000000e+00 
2.434738464653491904e-02 2.375194244086742401e-02 0.000000000000000000e+00 9.999023437499999778e-01 1.000000000000000000e+00 0.000000000000000000e+00 1.000000000000000000e+00 0.000000000000000000e+00 1.000000000000000000e+00 0.000000000000000000e+00 
2.438401356339454581e-02 2.359134703874588013e-02 0.000000000000000000e+00 9.994987555309734484e-01 1.000000000000000000e+00 0.000000000000000000e+00 1.000000000000000000e+00 0.000000000000000000e+00 1.000000000000000000e+00 0.000000000000000000e+00 
2.392637282609939506e-02 2.327987737953662872e-02 0.000000000000000000e+00 9.998046874999999556e-01 1.000000000000000000e+00 0.000000000000000000e+00 1.000000000000000000e+00 0.000000000000000000e+00 1.000000000000000000e+00 0.000000000000000000e+00 
2.344387955963611603e-02 2.284622192382812500e-02 0.000000000000000000e+00 9.998046874999999556e-01 1.000000000000000000e+00 0.000000000000000000e+00 1.000000000000000000e+00 0.000000000000000000e+00 1.000000000000000000e+00 0.000000000000000000e+00 
2.355451323091983795e-02 2.263817004859447479e-02 0.000000000000000000e+00 9.995834485619468079e-01 1.000000000000000000e+00 0.000000000000000000e+00 1.000000000000000000e+00 0.000000000000000000e+00 1.000000000000000000e+00 0.000000000000000000e+00 
2.315577641129493852e-02 2.288037911057472229e-02 0.000000000000000000e+00 9.997070312500000444e-01 9.996000000000000441e-01 0.000000000000000000e+00 9.991999999999999771e-01 0.000000000000000000e+00 1.000000000000000000e+00 0.000000000000000000e+00 
2.307071909308433533e-02 2.206385321915149689e-02 0.000000000000000000e+00 9.995117187500000000e-01 1.000000000000000000e+00 0.000000000000000000e+00 1.000000000000000000e+00 0.000000000000000000e+00 1.000000000000000000e+00 0.000000000000000000e+00 
2.258210368454456260e-02 2.177573181688785553e-02 0.000000000000000000e+00 9.996093750000000222e-01 1.000000000000000000e+00 0.000000000000000000e+00 1.000000000000000000e+00 0.000000000000000000e+00 1.000000000000000000e+00 0.000000000000000000e+00 
2.222452014684677193e-02 2.159168943762779236e-02 0.000000000000000000e+00 9.997917242809734040e-01 1.000000000000000000e+00 0.000000000000000000e+00 1.000000000000000000e+00 0.000000000000000000e+00 1.000000000000000000e+00 0.000000000000000000e+00 
2.192539945244788985e-02 2.147924527525901794e-02 0.000000000000000000e+00 9.996940680309733818e-01 1.000000000000000000e+00 0.000000000000000000e+00 1.000000000000000000e+00 0.000000000000000000e+00 1.000000000000000000e+00 0.000000000000000000e+00 
2.171468585729598860e-02 2.111000381410121918e-02 0.000000000000000000e+00 9.997070312500000444e-01 1.000000000000000000e+00 0.000000000000000000e+00 1.000000000000000000e+00 0.000000000000000000e+00 1.000000000000000000e+00 0.000000000000000000e+00 
2.154979892075061659e-02 2.096321433782577515e-02 0.000000000000000000e+00 9.998046874999999556e-01 1.000000000000000000e+00 0.000000000000000000e+00 1.000000000000000000e+00 0.000000000000000000e+00 1.000000000000000000e+00 0.000000000000000000e+00 
2.128569334745407035e-02 2.073386497795581818e-02 0.000000000000000000e+00 9.996940680309733818e-01 1.000000000000000000e+00 0.000000000000000000e+00 1.000000000000000000e+00 0.000000000000000000e+00 1.000000000000000000e+00 0.000000000000000000e+00 
2.115905210375785758e-02 2.039205655455589294e-02 0.000000000000000000e+00 9.996093750000000222e-01 1.000000000000000000e+00 0.000000000000000000e+00 1.000000000000000000e+00 0.000000000000000000e+00 1.000000000000000000e+00 0.000000000000000000e+00 
2.073642686009407113e-02 2.007990702986717224e-02 0.000000000000000000e+00 9.997917242809734040e-01 1.000000000000000000e+00 0.000000000000000000e+00 1.000000000000000000e+00 0.000000000000000000e+00 1.000000000000000000e+00 0.000000000000000000e+00 
2.060697637498378615e-02 2.019039168953895569e-02 0.000000000000000000e+00 9.997070312500000444e-01 9.996000000000000441e-01 0.000000000000000000e+00 9.991999999999999771e-01 0.000000000000000000e+00 1.000000000000000000e+00 0.000000000000000000e+00 
2.060736194252967696e-02 2.015585824847221375e-02 0.000000000000000000e+00 9.995964117809734706e-01 9.996000000000000441e-01 0.000000000000000000e+00 9.991999999999999771e-01 0.000000000000000000e+00 1.000000000000000000e+00 0.000000000000000000e+00 
2.005188241600990365e-02 1.940339617431163788e-02 0.000000000000000000e+00 9.999023437499999778e-01 1.000000000000000000e+00 0.000000000000000000e+00 1.000000000000000000e+00 0.000000000000000000e+00 1.000000000000000000e+00 0.000000000000000000e+00 
1.990603022277355125e-02 1.910054497420787811e-02 0.000000000000000000e+00 9.997917242809734040e-01 1.000000000000000000e+00 0.000000000000000000e+00 1.000000000000000000e+00 0.000000000000000000e+00 1.000000000000000000e+00 0.000000000000000000e+00 
2.006961293518543313e-02 1.919851638376712799e-02 0.000000000000000000e+00 9.995704853429202563e-01 1.000000000000000000e+00 0.000000000000000000e+00 1.000000000000000000e+00 0.000000000000000000e+00 1.000000000000000000e+00 0.000000000000000000e+00 
1.961466819047927995e-02 1.945986039936542511e-02 0.000000000000000000e+00 9.996940680309733818e-01 9.996000000000000441e-01 0.000000000000000000e+00 9.991999999999999771e-01 0.000000000000000000e+00 1.000000000000000000e+00 0.000000000000000000e+00 
1.915658339858055184e-02 1.874439604580402374e-02 0.000000000000000000e+00 9.999023437499999778e-01 1.000000000000000000e+00 0.000000000000000000e+00 1.000000000000000000e+00 0.000000000000000000e+00 1.000000000000000000e+00 0.000000000000000000e+00 
1.906366460025310516e-02 1.831096224486827850e-02 0.000000000000000000e+00 9.999023437499999778e-01 1.000000000000000000e+00 0.000000000000000000e+00 1.000000000000000000e+00 0.000000000000000000e+00 1.000000000000000000e+00 0.000000000000000000e+00 
1.902310773730277876e-02 1.813175529241561890e-02 0.000000000000000000e+00 9.995964117809734706e-01 1.000000000000000000e+00 0.000000000000000000e+00 1.000000000000000000e+00 0.000000000000000000e+00 1.000000000000000000e+00 0.000000000000000000e+00 
1.868290603160858293e-02 1.811153441667556763e-02 0.000000000000000000e+00 9.997917242809734040e-01 1.000000000000000000e+00 0.000000000000000000e+00 1.000000000000000000e+00 0.000000000000000000e+00 1.000000000000000000e+00 0.000000000000000000e+00 
1.853331774473190169e-02 1.825415343046188354e-02 0.000000000000000000e+00 9.998893805309734262e-01 9.996000000000000441e-01 0.000000000000000000e+00 9.991999999999999771e-01 0.000000000000000000e+00 1.000000000000000000e+00 0.000000000000000000e+00 
1.834551319479942391e-02 1.794207282364368439e-02 0.000000000000000000e+00 9.998046874999999556e-01 1.000000000000000000e+00 0.000000000000000000e+00 1.000000000000000000e+00 0.000000000000000000e+00 1.000000000000000000e+00 0.000000000000000000e+00 
1.796757951378822465e-02 1.749530993402004242e-02 0.000000000000000000e+00 9.999023437499999778e-01 1.000000000000000000e+00 0.000000000000000000e+00 1.000000000000000000e+00 0.000000000000000000e+00 1.000000000000000000e+00 0.000000000000000000e+00 
1.790297478437423775e-02 1.719266921281814575e-02 0.000000000000000000e+00 9.997917242809734040e-01 1.000000000000000000e+00 0.000000000000000000e+00 1.000000000000000000e+00 0.000000000000000000e+00 1.000000000000000000e+00 0.000000000000000000e+00 
1.759089007973670821e-02 1.699500344693660736e-02 0.000000000000000000e+00 9.999023437499999778e-01 1.000000000000000000e+00 0.000000000000000000e+00 1.000000000000000000e+00 0.000000000000000000e+00 1.000000000000000000e+00 0.000000000000000000e+00 
1.740215718746185303e-02 1.673209108412265778e-02 0.000000000000000000e+00 9.997917242809734040e-01 1.000000000000000000e+00 0.000000000000000000e+00 1.000000000000000000e+00 0.000000000000000000e+00 1.000000000000000000e+00 0.000000000000000000e+00 
1.694786362349987030e-02 1.630672067403793335e-02 0.000000000000000000e+00 9.999023437499999778e-01 1.000000000000000000e+00 0.000000000000000000e+00 1.000000000000000000e+00 0.000000000000000000e+00 1.000000000000000000e+00 0.000000000000000000e+00 
1.675116270780563354e-02 1.600624062120914459e-02 0.000000000000000000e+00 9.998046874999999556e-01 1.000000000000000000e+00 0.000000000000000000e+00 1.000000000000000000e+00 0.000000000000000000e+00 1.000000000000000000e+00 0.000000000000000000e+00 
1.637950651347637107e-02 1.585838384926319122e-02 0.000000000000000000e+00 9.998046874999999556e-01 1.000000000000000000e+00 0.000000000000000000e+00 1.000000000000000000e+00 0.000000000000000000e+00 1.000000000000000000e+00 0.000000000000000000e+00 
1.611082591116428514e-02 1.592255756258964539e-02 0.000000000000000000e+00 9.997917242809734040e-01 1.000000000000000000e+00 0.000000000000000000e+00 1.000000000000000000e+00 0.000000000000000000e+00 1.000000000000000000e+00 0.000000000000000000e+00 
1.588539145886897971e-02 1.563090831041336060e-02 0.000000000000000000e+00 9.999023437499999778e-01 1.000000000000000000e+00 0.000000000000000000e+00 1.000000000000000000e+00 0.000000000000000000e+00 1.000000000000000000e+00 0.000000000000000000e+00 
1.562002561986446450e-02 1.518128346651792526e-02 0.000000000000000000e+00 9.999023437499999778e-01 1.000000000000000000e+00 0.000000000000000000e+00 1.000000000000000000e+00 0.000000000000000000e+00 1.000000000000000000e+00 0.000000000000000000e+00 
1.535402853041887249e-02 1.489054504781961441e-02 0.000000000000000000e+00 9.999023437499999778e-01 1.000000000000000000e+00 0.000000000000000000e+00 1.000000000000000000e+00 0.000000000000000000e+00 1.000000000000000000e+00 0.000000000000000000e+00 
1.533757746219635044e-02 1.468588784337043762e-02 0.000000000000000000e+00 9.997917242809734040e-01 1.000000000000000000e+00 0.000000000000000000e+00 1.000000000000000000e+00 0.000000000000000000e+00 1.000000000000000000e+00 0.000000000000000000e+00 
1.503058373928070103e-02 1.467104442417621613e-02 0.000000000000000000e+00 9.999023437499999778e-01 1.000000000000000000e+00 0.000000000000000000e+00 1.000000000000000000e+00 0.000000000000000000e+00 1.000000000000000000e+00 0.000000000000000000e+00 
1.476858183741569519e-02 1.445468515157699585e-02 0.000000000000000000e+00 9.999023437499999778e-01 1.000000000000000000e+00 0.000000000000000000e+00 1.000000000000000000e+00 0.000000000000000000e+00 1.000000000000000000e+00 0.000000000000000000e+00 
1.464853193610906636e-02 1.439163740724325180e-02 0.000000000000000000e+00 9.998046874999999556e-01 1.000000000000000000e+00 0.000000000000000000e+00 1.000000000000000000e+00 0.000000000000000000e+00 1.000000000000000000e+00 0.000000000000000000e+00 
1.456316802650690044e-02 1.400382071733474731e-02 0.000000000000000000e+00 9.997917242809734040e-01 1.000000000000000000e+00 0.000000000000000000e+00 1.000000000000000000e+00 0.000000000000000000e+00 1.000000000000000000e+00 0.000000000000000000e+00 
1.432171519845724071e-02 1.381208747625350952e-02 0.000000000000000000e+00 9.999023437499999778e-01 1.000000000000000000e+00 0.000000000000000000e+00 1.000000000000000000e+00 0.000000000000000000e+00 1.000000000000000000e+00 0.000000000000000000e+00 
1.434347070753574406e-02 1.371740084141492844e-02 0.000000000000000000e+00 9.998046874999999556e-01 1.000000000000000000e+00 0.000000000000000000e+00 1.000000000000000000e+00 0.000000000000000000e+00 1.000000000000000000e+00 0.000000000000000000e+00 
1.408318653702735936e-02 1.354996487498283386e-02 0.000000000000000000e+00 9.998893805309734262e-01 1.000000000000000000e+00 0.000000000000000000e+00 1.000000000000000000e+00 0.000000000000000000e+00 1.000000000000000000e+00 0.000000000000000000e+00 
1.389610022306442261e-02 1.350222155451774597e-02 0.000000000000000000e+00 9.997917242809734040e-01 1.000000000000000000e+00 0.000000000000000000e+00 1.000000000000000000e+00 0.000000000000000000e+00 1.000000000000000000e+00 0.000000000000000000e+00 
1.351696401834487880e-02 1.365568488836288452e-02 0.000000000000000000e+00 1.000000000000000000e+00 1.000000000000000000e+00 0.000000000000000000e+00 1.000000000000000000e+00 0.000000000000000000e+00 1.000000000000000000e+00 0.000000000000000000e+00 
1.366392523050308228e-02 1.339957583695650101e-02 0.000000000000000000e+00 9.997917242809734040e-01 1.000000000000000000e+00 0.000000000000000000e+00 1.000000000000000000e+00 0.000000000000000000e+00 1.000000000000000000e+00 0.000000000000000000e+00 
1.339831948280334473e-02 1.305003929883241653e-02 0.000000000000000000e+00 9.999023437499999778e-01 1.000000000000000000e+00 0.000000000000000000e+00 1.000000000000000000e+00 0.000000000000000000e+00 1.000000000000000000e+00 0.000000000000000000e+00 
1.347758900374174118e-02 1.291943807154893875e-02 0.000000000000000000e+00 9.999023437499999778e-01 1.000000000000000000e+00 0.000000000000000000e+00 1.000000000000000000e+00 0.000000000000000000e+00 1.000000000000000000e+00 0.000000000000000000e+00 
1.317924186587333610e-02 1.283348631113767624e-02 0.000000000000000000e+00 9.999023437499999778e-01 1.000000000000000000e+00 0.000000000000000000e+00 1.000000000000000000e+00 0.000000000000000000e+00 1.000000000000000000e+00 0.000000000000000000e+00 
1.332778315991163184e-02 1.276238355785608292e-02 0.000000000000000000e+00 9.999023437499999778e-01 1.000000000000000000e+00 0.000000000000000000e+00 1.000000000000000000e+00 0.000000000000000000e+00 1.000000000000000000e+00 0.000000000000000000e+00 
1.290083546191453899e-02 1.294021867215633392e-02 0.000000000000000000e+00 9.999023437499999778e-01 1.000000000000000000e+00 0.000000000000000000e+00 1.000000000000000000e+00 0.000000000000000000e+00 1.000000000000000000e+00 0.000000000000000000e+00 
1.305711437016725610e-02 1.269937679171562195e-02 0.000000000000000000e+00 9.998046874999999556e-01 1.000000000000000000e+00 0.000000000000000000e+00 1.000000000000000000e+00 0.000000000000000000e+00 1.000000000000000000e+00 0.000000000000000000e+00 
1.292092725634574890e-02 1.239793375134468079e-02 0.000000000000000000e+00 9.998046874999999556e-01 1.000000000000000000e+00 0.000000000000000000e+00 1.000000000000000000e+00 0.000000000000000000e+00 1.000000000000000000e+00 0.000000000000000000e+00 
1.251442842185497215e-02 1.229049637913703918e-02 0.000000000000000000e+00 9.999023437499999778e-01 1.000000000000000000e+00 0.000000000000000000e+00 1.000000000000000000e+00 0.000000000000000000e+00 1.000000000000000000e+00 0.000000000000000000e+00 
1.248780842870473792e-02 1.223596185445785522e-02 0.000000000000000000e+00 9.999023437499999778e-01 1.000000000000000000e+00 0.000000000000000000e+00 1.000000000000000000e+00 0.000000000000000000e+00 1.000000000000000000e+00 0.000000000000000000e+00 
1.232389789074659313e-02 1.212169043719768524e-02 0.000000000000000000e+00 9.999023437499999778e-01 1.000000000000000000e+00 0.000000000000000000e+00 1.000000000000000000e+00 0.000000000000000000e+00 1.000000000000000000e+00 0.000000000000000000e+00 
1.243805587291717599e-02 1.201907824724912643e-02 0.000000000000000000e+00 9.998893805309734262e-01 1.000000000000000000e+00 0.000000000000000000e+00 1.000000000000000000e+00 0.000000000000000000e+00 1.000000000000000000e+00 0.000000000000000000e+00 
1.230835430324077676e-02 1.191519573330879211e-02 0.000000000000000000e+00 9.997917242809734040e-01 1.000000000000000000e+00 0.000000000000000000e+00 1.000000000000000000e+00 0.000000000000000000e+00 1.000000000000000000e+00 0.000000000000000000e+00 
1.201553642749786377e-02 1.180974580347537994e-02 0.000000000000000000e+00 1.000000000000000000e+00 1.000000000000000000e+00 0.000000000000000000e+00 1.000000000000000000e+00 0.000000000000000000e+00 1.000000000000000000e+00 0.000000000000000000e+00 
1.205832101404666866e-02 1.172623690217733383e-02 0.000000000000000000e+00 9.999023437499999778e-01 1.000000000000000000e+00 0.000000000000000000e+00 1.000000000000000000e+00 0.000000000000000000e+00 1.000000000000000000e+00 0.000000000000000000e+00 
