7.686877250671386719e-01 7.568741440773010254e-01 7.505043148994445801e-01 7.882100343704223633e-01 7.455124855041503906e-01 7.025899291038513184e-01 7.170282006263732910e-01 6.973652839660644531e-01 6.917284727096557617e-01 6.617593765258789062e-01 6.686156988143920898e-01 6.622494459152221680e-01 5.818211436271667480e-01 5.506409406661987305e-01 5.538612604141235352e-01 5.081290006637573242e-01 4.158613681793212891e-01 3.747526705265045166e-01 3.389468491077423096e-01 3.131081163883209229e-01 3.363289535045623779e-01 2.882165014743804932e-01 0.000000000000000000e+00 0.000000000000000000e+00 
1.305775530636310577e-02 1.939777284860610962e-02 1.887455210089683533e-02 1.662231422960758209e-02 1.817347109317779541e-02 2.067068032920360565e-02 2.037422545254230499e-02 1.947241462767124176e-02 2.081425860524177551e-02 2.178657799959182739e-02 1.973190158605575562e-02 2.106811478734016418e-02 2.202386409044265747e-02 2.200588956475257874e-02 2.341405861079692841e-02 2.319637872278690338e-02 2.045002393424510956e-02 2.021387964487075806e-02 1.847979426383972168e-02 1.943837292492389679e-02 2.090815082192420959e-02 1.385801192373037338e-02 0.000000000000000000e+00 0.000000000000000000e+00 
4.965217709541320801e-01 4.958755373954772949e-01 4.948556423187255859e-01 4.967252314090728760e-01 4.979784488677978516e-01 4.925131201744079590e-01 4.941171407699584961e-01 5.001407861709594727e-01 4.996355473995208740e-01 4.937084019184112549e-01 4.967454671859741211e-01 4.970099627971649170e-01 4.982047379016876221e-01 5.008949637413024902e-01 5.012582540512084961e-01 5.032249689102172852e-01 4.992669820785522461e-01 5.031003952026367188e-01 5.001722574234008789e-01 4.929822683334350586e-01 5.056244134902954102e-01 5.023048520088195801e-01 0.000000000000000000e+00 0.000000000000000000e+00 
2.313246950507164001e-03 3.691127058118581772e-03 2.915219636633992195e-03 3.819297067821025848e-03 3.038178896531462669e-03 3.425990231335163116e-03 3.372007515281438828e-03 3.040741197764873505e-03 3.707471769303083420e-03 3.539445344358682632e-03 3.343301126733422279e-03 3.716493025422096252e-03 3.438324434682726860e-03 3.289231564849615097e-03 3.206458874046802521e-03 3.537894459441304207e-03 3.356377594172954559e-03 3.128780983388423920e-03 3.389650490134954453e-03 3.327685641124844551e-03 3.571446752175688744e-03 2.285627415403723717e-03 0.000000000000000000e+00 0.000000000000000000e+00 
1.551871597766876221e-01 1.898333281278610229e-01 1.716517955064773560e-01 2.076171934604644775e-01 2.119419127702713013e-01 2.021061629056930542e-01 2.363271415233612061e-01 2.531056106090545654e-01 3.033690750598907471e-01 3.229039013385772705e-01 3.621842563152313232e-01 4.054056406021118164e-01 4.571672677993774414e-01 5.503160357475280762e-01 6.538154482841491699e-01 7.272180914878845215e-01 7.802199125289916992e-01 8.349053859710693359e-01 8.808501958847045898e-01 8.997444510459899902e-01 9.348268508911132812e-01 9.373472332954406738e-01 0.000000000000000000e+00 0.000000000000000000e+00 
6.646805442869663239e-03 1.236587762832641602e-02 9.877132251858711243e-03 1.218347810208797455e-02 1.169274933636188507e-02 1.189329940825700760e-02 1.321046240627765656e-02 1.372785121202468872e-02 1.627856492996215820e-02 1.736608333885669708e-02 1.583376899361610413e-02 1.792851649224758148e-02 1.829276606440544128e-02 1.863638311624526978e-02 1.939819194376468658e-02 1.689285039901733398e-02 1.545569859445095062e-02 1.290269568562507629e-02 1.124214474111795425e-02 9.886025451123714447e-03 5.540146026760339737e-03 4.529168829321861267e-03 0.000000000000000000e+00 0.000000000000000000e+00 
2.345401979982852936e-02 3.559956699609756470e-02 2.751026488840579987e-02 4.173029586672782898e-02 4.293788969516754150e-02 4.154310375452041626e-02 5.611068755388259888e-02 6.689246743917465210e-02 1.009513512253761292e-01 1.315909475088119507e-01 1.486066728830337524e-01 2.060609459877014160e-01 2.816044390201568604e-01 4.260489046573638916e-01 6.004617214202880859e-01 7.180485725402832031e-01 8.185558915138244629e-01 8.819329738616943359e-01 9.299742579460144043e-01 9.513798356056213379e-01 9.820599555969238281e-01 9.812416434288024902e-01 0.000000000000000000e+00 0.000000000000000000e+00 
2.104522194713354111e-03 5.497155245393514633e-03 3.443902358412742615e-03 5.798735190182924271e-03 5.956625565886497498e-03 5.232864059507846832e-03 6.834853440523147583e-03 8.411463350057601929e-03 1.075852755457162857e-02 1.415585447102785110e-02 1.377763692289590836e-02 1.848407834768295288e-02 2.123206667602062225e-02 2.470656111836433411e-02 2.551099471747875214e-02 2.214512787759304047e-02 1.849875040352344513e-02 1.472488138824701309e-02 1.157747581601142883e-02 9.020406752824783325e-03 1.964775379747152328e-03 2.599577419459819794e-03 0.000000000000000000e+00 0.000000000000000000e+00 
1.289970893412828445e-02 2.076914347708225250e-02 1.536612212657928467e-02 2.486085705459117889e-02 2.634554728865623474e-02 2.468628436326980591e-02 3.547495603561401367e-02 4.418871179223060608e-02 7.125770300626754761e-02 1.017165035009384155e-01 1.145752146840095520e-01 1.731913983821868896e-01 2.529935538768768311e-01 4.109076559543609619e-01 6.034713387489318848e-01 7.331110835075378418e-01 8.423158526420593262e-01 9.024935960769653320e-01 9.455842375755310059e-01 9.645436406135559082e-01 9.900299310684204102e-01 9.888122677803039551e-01 0.000000000000000000e+00 0.000000000000000000e+00 
1.450794050469994545e-03 4.067996516823768616e-03 2.538963221013545990e-03 4.386652726680040359e-03 5.073043052107095718e-03 3.779587335884571075e-03 5.412000697106122971e-03 7.179418578743934631e-03 9.077678434550762177e-03 1.315894443541765213e-02 1.313435658812522888e-02 1.857897266745567322e-02 2.197651378810405731e-02 2.632635831832885742e-02 2.695302665233612061e-02 2.305586636066436768e-02 1.851859688758850098e-02 1.425600051879882812e-02 1.101089827716350555e-02 8.330807089805603027e-03 1.187148503959178925e-03 1.995721599087119102e-03 0.000000000000000000e+00 0.000000000000000000e+00 
8.773160167038440704e-03 1.462678611278533936e-02 1.059320569038391113e-02 1.774634234607219696e-02 1.948221586644649506e-02 1.759869977831840515e-02 2.658395282924175262e-02 3.418756276369094849e-02 5.719718709588050842e-02 8.737663179636001587e-02 9.850928187370300293e-02 1.577172577381134033e-01 2.400545477867126465e-01 4.069561362266540527e-01 6.100386381149291992e-01 7.463067173957824707e-01 8.590784072875976562e-01 9.158771038055419922e-01 9.545246958732604980e-01 9.714846611022949219e-01 9.934118390083312988e-01 9.922538399696350098e-01 0.000000000000000000e+00 0.000000000000000000e+00 
1.147460076026618481e-03 3.326319158077239990e-03 2.122104633599519730e-03 3.634299850091338158e-03 4.691801965236663818e-03 3.058282891288399696e-03 4.734909161925315857e-03 6.576845422387123108e-03 8.151303045451641083e-03 1.266166195273399353e-02 1.288843154907226562e-02 1.874673180282115936e-02 2.250431291759014130e-02 2.738397382199764252e-02 2.775580249726772308e-02 2.342423051595687866e-02 1.827011629939079285e-02 1.370830647647380829e-02 1.053158100694417953e-02 7.851974107325077057e-03 8.378282072953879833e-04 1.614605775102972984e-03 0.000000000000000000e+00 0.000000000000000000e+00 
6.300643552094697952e-03 1.069981418550014496e-02 7.669502403587102890e-03 1.309115439653396606e-02 1.501917373389005661e-02 1.293580047786235809e-02 2.037981152534484863e-02 2.707725390791893005e-02 4.615169763565063477e-02 7.528858631849288940e-02 8.492873609066009521e-02 1.433458328247070312e-01 2.261939346790313721e-01 3.985571265220642090e-01 6.096723675727844238e-01 7.514851689338684082e-01 8.682540655136108398e-01 9.233617782592773438e-01 9.596037268638610840e-01 9.752969741821289062e-01 9.951410293579101562e-01 9.941228032112121582e-01 0.000000000000000000e+00 0.000000000000000000e+00 
9.036557166837155819e-04 2.703559584915637970e-03 1.729409443214535713e-03 2.970712026581168175e-03 4.342402797192335129e-03 2.446898026391863823e-03 4.090253729373216629e-03 6.018612068146467209e-03 7.185298483818769455e-03 1.203683391213417053e-02 1.242353394627571106e-02 1.865178719162940979e-02 2.268361486494541168e-02 2.808222174644470215e-02 2.843473479151725769e-02 2.389756217598915100e-02 1.824086718261241913e-02 1.346977334469556808e-02 1.028946880251169205e-02 7.607988547533750534e-03 6.586586823686957359e-04 1.360020018182694912e-03 0.000000000000000000e+00 0.000000000000000000e+00 
4.677273333072662354e-03 7.974445819854736328e-03 5.688732955604791641e-03 9.810332208871841431e-03 1.182571146637201309e-02 9.643271565437316895e-03 1.567244902253150940e-02 2.162279002368450165e-02 3.688292950391769409e-02 6.436597555875778198e-02 7.271797209978103638e-02 1.292219609022140503e-01 2.106182873249053955e-01 3.854717314243316650e-01 6.030462980270385742e-01 7.498455643653869629e-01 8.716651797294616699e-01 9.267726540565490723e-01 9.622309803962707520e-01 9.773031473159790039e-01 9.961207509040832520e-01 9.951870441436767578e-01 0.000000000000000000e+00 0.000000000000000000e+00 
6.975295837037265301e-04 2.158748917281627655e-03 1.346355071291327477e-03 2.379769692197442055e-03 3.959739580750465393e-03 1.920934766530990601e-03 3.433454548940062523e-03 5.475624930113554001e-03 6.156081333756446838e-03 1.127906236797571182e-02 1.176612544804811478e-02 1.834013126790523529e-02 2.257355861365795135e-02 2.850566990673542023e-02 2.906690910458564758e-02 2.452362515032291412e-02 1.845603249967098236e-02 1.353512611240148544e-02 1.025437749922275543e-02 7.562375627458095551e-03 5.649670492857694626e-04 1.218186691403388977e-03 0.000000000000000000e+00 0.000000000000000000e+00 
3.855792339891195297e-03 6.684639491140842438e-03 4.732640925794839859e-03 8.285184390842914581e-03 1.037509925663471222e-02 8.143312297761440277e-03 1.374454051256179810e-02 1.948182098567485809e-02 3.356987237930297852e-02 6.135999411344528198e-02 6.962776184082031250e-02 1.267667114734649658e-01 2.108505964279174805e-01 3.917938768863677979e-01 6.145498156547546387e-01 7.632516622543334961e-01 8.835307359695434570e-01 9.352343678474426270e-01 9.669421315193176270e-01 9.805004596710205078e-01 9.970437288284301758e-01 9.963396787643432617e-01 0.000000000000000000e+00 0.000000000000000000e+00 
6.279504741542041302e-04 1.946614938788115978e-03 1.237195450812578201e-03 2.166453283280134201e-03 3.862577257677912712e-03 1.745711313560605049e-03 3.308888524770736694e-03 5.446407943964004517e-03 5.954385269433259964e-03 1.133306138217449188e-02 1.198836881667375565e-02 1.866601221263408661e-02 2.307499572634696960e-02 2.921535260975360870e-02 2.936552464962005615e-02 2.439024113118648529e-02 1.800488494336605072e-02 1.289295684546232224e-02 9.835356846451759338e-03 7.108036894351243973e-03 4.336416022852063179e-04 9.325871942564845085e-04 0.000000000000000000e+00 0.000000000000000000e+00 
2.901153638958930969e-03 4.914655350148677826e-03 3.500116989016532898e-03 6.099519785493612289e-03 8.080136962234973907e-03 5.973862484097480774e-03 1.014394778758287430e-02 1.519605703651905060e-02 2.530538290739059448e-02 5.014089867472648621e-02 5.723701417446136475e-02 1.104336157441139221e-01 1.895078122615814209e-01 3.677908480167388916e-01 5.949609279632568359e-01 7.492029070854187012e-01 8.779106140136718750e-01 9.326329231262207031e-01 9.663175940513610840e-01 9.803243875503540039e-01 9.973355531692504883e-01 9.966137409210205078e-01 0.000000000000000000e+00 0.000000000000000000e+00 
4.458537732716649771e-04 1.439096988178789616e-03 8.516910602338612080e-04 1.600993098691105843e-03 3.295605303719639778e-03 1.272251945920288563e-03 2.531083533540368080e-03 4.812104161828756332e-03 4.683129489421844482e-03 1.022756751626729965e-02 1.087281014770269394e-02 1.790300942957401276e-02 2.243517711758613586e-02 2.919089049100875854e-02 3.002721443772315979e-02 2.541326731443405151e-02 1.871787011623382568e-02 1.354268100112676620e-02 1.014239527285099030e-02 7.411275058984756470e-03 4.292090598028153181e-04 9.389254846610128880e-04 0.000000000000000000e+00 0.000000000000000000e+00 
2.541682682931423187e-03 4.365629982203245163e-03 3.092068945989012718e-03 5.459570791572332382e-03 7.506893947720527649e-03 5.367573350667953491e-03 9.446596726775169373e-03 1.439083553850650787e-02 2.424225769937038422e-02 4.964112117886543274e-02 5.687133967876434326e-02 1.110288649797439575e-01 1.928914934396743774e-01 3.764831423759460449e-01 6.072800159454345703e-01 7.621088624000549316e-01 8.879270553588867188e-01 9.395390748977661133e-01 9.698202610015869141e-01 9.825358986854553223e-01 9.978584647178649902e-01 9.972911477088928223e-01 0.000000000000000000e+00 0.000000000000000000e+00 
4.240007256157696247e-04 1.349876401945948601e-03 8.231104002334177494e-04 1.522912294603884220e-03 3.298189956694841385e-03 1.223281957209110260e-03 2.566008130088448524e-03 4.874639678746461868e-03 4.711050540208816528e-03 1.040027942508459091e-02 1.119002792984247208e-02 1.827012933790683746e-02 2.291820757091045380e-02 2.976193279027938843e-02 3.014326281845569611e-02 2.514275349676609039e-02 1.821017079055309296e-02 1.286320295184850693e-02 9.750857017934322357e-03 7.047480437904596329e-03 3.371942439116537571e-04 7.476459722965955734e-04 0.000000000000000000e+00 0.000000000000000000e+00 
2.091132337227463722e-03 3.535505384206771851e-03 2.521294634789228439e-03 4.437249619513750076e-03 6.385604385286569595e-03 4.362397827208042145e-03 7.762166205793619156e-03 1.235644053667783737e-02 2.026420831680297852e-02 4.422728344798088074e-02 5.094808712601661682e-02 1.032937392592430115e-01 1.828984469175338745e-01 3.662832081317901611e-01 6.001629829406738281e-01 7.581022977828979492e-01 8.876146078109741211e-01 9.399908781051635742e-01 9.703807234764099121e-01 9.829699993133544922e-01 9.981091022491455078e-01 9.975709319114685059e-01 0.000000000000000000e+00 0.000000000000000000e+00 
3.404121962375938892e-04 1.090316800400614738e-03 6.528040976263582706e-04 1.247212640009820461e-03 2.971146721392869949e-03 9.989333339035511017e-04 2.185917925089597702e-03 4.576560109853744507e-03 4.073663614690303802e-03 9.878014214336872101e-03 1.067542657256126404e-02 1.796574704349040985e-02 2.269559726119041443e-02 2.989120967686176300e-02 3.052899800240993500e-02 2.562375925481319427e-02 1.845856383442878723e-02 1.302852295339107513e-02 9.812789969146251678e-03 7.113098632544279099e-03 3.087521763518452644e-04 7.015254232101142406e-04 0.000000000000000000e+00 0.000000000000000000e+00 
1.797317876480519772e-03 3.018816700205206871e-03 2.164606936275959015e-03 3.810684196650981903e-03 5.706590134650468826e-03 3.750882809981703758e-03 6.799086462706327438e-03 1.118711754679679871e-02 1.809661835432052612e-02 4.146705567836761475e-02 4.801712930202484131e-02 9.970847517251968384e-02 1.789867281913757324e-01 3.640566766262054443e-01 6.006015539169311523e-01 7.603458762168884277e-01 8.907139301300048828e-01 9.423906207084655762e-01 9.717135429382324219e-01 9.838303923606872559e-01 9.983622431755065918e-01 9.978863596916198730e-01 0.000000000000000000e+00 0.000000000000000000e+00 
2.937509270850569010e-04 9.393186774104833603e-04 5.659106536768376827e-04 1.095792744308710098e-03 2.792419400066137314e-03 8.785410318523645401e-04 2.002527238801121712e-03 4.436434712260961533e-03 3.765247529372572899e-03 9.673565626144409180e-03 1.051725819706916809e-02 1.792959310114383698e-02 2.273880504071712494e-02 3.015036508440971375e-02 3.076738119125366211e-02 2.577794902026653290e-02 1.841312646865844727e-02 1.287972368299961090e-02 9.720272384583950043e-03 7.028203457593917847e-03 2.673917042557150126e-04 6.191272987052798271e-04 0.000000000000000000e+00 0.000000000000000000e+00 
1.515718176960945129e-03 2.497748937457799911e-03 1.811893656849861145e-03 3.162903245538473129e-03 4.917634651064872742e-03 3.119729692116379738e-03 5.659101065248250961e-03 9.774936363101005554e-03 1.525608077645301819e-02 3.733430057764053345e-02 4.341187700629234314e-02 9.355617314577102661e-02 1.704311519861221313e-01 3.548288047313690186e-01 5.935021638870239258e-01 7.560559511184692383e-01 8.898442387580871582e-01 9.423102140426635742e-01 9.719453454017639160e-01 9.840571284294128418e-01 9.985255002975463867e-01 9.980650544166564941e-01 0.000000000000000000e+00 0.000000000000000000e+00 
2.355610340600833297e-04 7.618588279001414776e-04 4.521118535194545984e-04 9.034670656546950340e-04 2.487993100658059120e-03 7.248835754580795765e-04 1.689010183326900005e-03 4.163908772170543671e-03 3.245283849537372589e-03 9.241006337106227875e-03 1.003221701830625534e-02 1.763588748872280121e-02 2.250291034579277039e-02 3.020361065864562988e-02 3.110155835747718811e-02 2.621600218117237091e-02 1.866359263658523560e-02 1.308000274002552032e-02 9.812223725020885468e-03 7.107262033969163895e-03 2.472962951287627220e-04 5.889491876587271690e-04 0.000000000000000000e+00 0.000000000000000000e+00 
1.317593036219477654e-03 2.144306199625134468e-03 1.570099382661283016e-03 2.726615639403462410e-03 4.383704159408807755e-03 2.700751880183815956e-03 4.935073200613260269e-03 8.860519155859947205e-03 1.343286316841840744e-02 3.478980809450149536e-02 4.062025994062423706e-02 8.994685113430023193e-02 1.657792031764984131e-01 3.507143557071685791e-01 5.913305878639221191e-01 7.557122707366943359e-01 8.910966515541076660e-01 9.434057474136352539e-01 9.726675152778625488e-01 9.845306277275085449e-01 9.986873269081115723e-01 9.982600212097167969e-01 0.000000000000000000e+00 0.000000000000000000e+00 
1.995321508729830384e-04 6.473195971921086311e-04 3.838777192868292332e-04 7.806308567523956299e-04 2.287302166223526001e-03 6.319177919067442417e-04 1.515891985036432743e-03 3.999544773250818253e-03 2.922482555732131004e-03 8.999602869153022766e-03 9.781664237380027771e-03 1.751376315951347351e-02 2.244450896978378296e-02 3.034500591456890106e-02 3.133677318692207336e-02 2.644553780555725098e-02 1.872944086790084839e-02 1.309033297002315521e-02 9.794509038329124451e-03 7.099646609276533127e-03 2.209343510912731290e-04 5.398312932811677456e-04 0.000000000000000000e+00 0.000000000000000000e+00 
1.182389562018215656e-03 1.918238122016191483e-03 1.413250458426773548e-03 2.455093199387192726e-03 4.083843436092138290e-03 2.442101715132594109e-03 4.542072769254446030e-03 8.390556089580059052e-03 1.253904215991497040e-02 3.383642435073852539e-02 3.967124223709106445e-02 8.898998051881790161e-02 1.654192805290222168e-01 3.526767194271087646e-01 5.953449606895446777e-01 7.604780197143554688e-01 8.950265645980834961e-01 9.460266232490539551e-01 9.740008115768432617e-01 9.853494167327880859e-01 9.988505244255065918e-01 9.984774589538574219e-01 0.000000000000000000e+00 0.000000000000000000e+00 
1.809978712117299438e-04 5.837329663336277008e-04 3.528716042637825012e-04 7.189479074440896511e-04 2.207531128078699112e-03 5.882570985704660416e-04 1.460631960071623325e-03 3.965323325246572495e-03 2.806188771501183510e-03 8.972518146038055420e-03 9.810651652514934540e-03 1.760573685169219971e-02 2.259967476129531860e-02 3.061763942241668701e-02 3.145753964781761169e-02 2.641362883150577545e-02 1.855887472629547119e-02 1.284358184784650803e-02 9.647014550864696503e-03 6.967597175389528275e-03 1.887795224320143461e-04 4.695218522101640701e-04 0.000000000000000000e+00 0.000000000000000000e+00 
1.052476814948022366e-03 1.688699470832943916e-03 1.255147624760866165e-03 2.170237014070153236e-03 3.721047658473253250e-03 2.166902180761098862e-03 4.040344152599573135e-03 7.787586655467748642e-03 1.131669059395790100e-02 3.210899606347084045e-02 3.780615702271461487e-02 8.661717176437377930e-02 1.624442636966705322e-01 3.505586087703704834e-01 5.948851704597473145e-01 7.613976001739501953e-01 8.966931104660034180e-01 9.472717046737670898e-01 9.747187495231628418e-01 9.858108758926391602e-01 9.989690780639648438e-01 9.986282587051391602e-01 0.000000000000000000e+00 0.000000000000000000e+00 
1.581640099175274372e-04 5.082853604108095169e-04 3.091284015681594610e-04 6.381826824508607388e-04 2.061548177152872086e-03 5.265553481876850128e-04 1.321124727837741375e-03 3.857953706756234169e-03 2.585882088169455528e-03 8.816458284854888916e-03 9.655900299549102783e-03 1.755084469914436340e-02 2.259660698473453522e-02 3.076856210827827454e-02 3.163584321737289429e-02 2.655159868299961090e-02 1.856070756912231445e-02 1.278989948332309723e-02 9.605631232261657715e-03 6.931281648576259613e-03 1.680728310020640492e-04 4.258927656337618828e-04 0.000000000000000000e+00 0.000000000000000000e+00 
9.252558811567723751e-04 1.457060105167329311e-03 1.095618237741291523e-03 1.868386287242174149e-03 3.285803133621811867e-03 1.876562018878757954e-03 3.452564589679241180e-03 7.018470671027898788e-03 9.773228317499160767e-03 2.953832969069480896e-02 3.489603102207183838e-02 8.265329897403717041e-02 1.563842445611953735e-01 3.435703814029693604e-01 5.891548395156860352e-01 7.577753067016601562e-01 8.957482576370239258e-01 9.469830393791198730e-01 9.747971892356872559e-01 9.859061837196350098e-01 9.990522861480712891e-01 9.987200498580932617e-01 0.000000000000000000e+00 0.000000000000000000e+00 
1.311809319304302335e-04 4.234258667565882206e-04 2.554728707764297724e-04 5.360763170756399632e-04 1.841399702243506908e-03 4.487932310439646244e-04 1.116040162742137909e-03 3.640498965978622437e-03 2.257332205772399902e-03 8.516175672411918640e-03 9.279351681470870972e-03 1.732377707958221436e-02 2.240473031997680664e-02 3.077006153762340546e-02 3.188718855381011963e-02 2.689585834741592407e-02 1.877410151064395905e-02 1.297384873032569885e-02 9.681097231805324554e-03 7.002994418144226074e-03 1.569690793985500932e-04 4.090827424079179764e-04 0.000000000000000000e+00 0.000000000000000000e+00 
8.522326825186610222e-04 1.340180984698235989e-03 1.012766268104314804e-03 1.725440961308777332e-03 3.143589012324810028e-03 1.747078844346106052e-03 3.269980661571025848e-03 6.833164952695369720e-03 9.403188712894916534e-03 2.933954633772373199e-02 3.481057286262512207e-02 8.285345882177352905e-02 1.576745510101318359e-01 3.474874198436737061e-01 5.947904586791992188e-01 7.635799050331115723e-01 8.998887538909912109e-01 9.496278166770935059e-01 9.760268926620483398e-01 9.866483807563781738e-01 9.991595745086669922e-01 9.988759160041809082e-01 0.000000000000000000e+00 0.000000000000000000e+00 
1.232282957062125206e-04 3.926264471374452114e-04 2.430455497233197093e-04 5.043473211117088795e-04 1.815270166844129562e-03 4.319967993069440126e-04 1.102844951674342155e-03 3.668487304821610451e-03 2.231608610600233078e-03 8.568234741687774658e-03 9.407107718288898468e-03 1.747892983257770538e-02 2.261315844953060150e-02 3.105135448276996613e-02 3.194262087345123291e-02 2.677560783922672272e-02 1.854210346937179565e-02 1.265678927302360535e-02 9.512661956250667572e-03 6.855712737888097763e-03 1.336947752861306071e-04 3.506779030431061983e-04 0.000000000000000000e+00 0.000000000000000000e+00 
7.545395637862384319e-04 1.159854233264923096e-03 8.868282893672585487e-04 1.483137137256562710e-03 2.754219342023134232e-03 1.513578812591731548e-03 2.769059035927057266e-03 6.142718717455863953e-03 8.023589849472045898e-03 2.692751027643680573e-02 3.201191872358322144e-02 7.890211045742034912e-02 1.513410657644271851e-01 3.399122953414916992e-01 5.881030559539794922e-01 7.591080069541931152e-01 8.985705375671386719e-01 9.490184187889099121e-01 9.759263396263122559e-01 9.866700768470764160e-01 9.992202520370483398e-01 9.989475607872009277e-01 0.000000000000000000e+00 0.000000000000000000e+00 
1.017493559629656374e-04 3.238648932892829180e-04 1.973535836441442370e-04 4.152597684878855944e-04 1.591527601704001427e-03 3.636006731539964676e-04 9.053394314832985401e-04 3.434195416048169136e-03 1.910376595333218575e-03 8.287383243441581726e-03 9.026226587593555450e-03 1.721927151083946228e-02 2.239017747342586517e-02 3.102023154497146606e-02 3.221617639064788818e-02 2.716775797307491302e-02 1.879308186471462250e-02 1.288598682731389999e-02 9.626757353544235229e-03 6.955436430871486664e-03 1.270744978683069348e-04 3.337778034619987011e-04 0.000000000000000000e+00 0.000000000000000000e+00 
6.951470859348773956e-04 1.063560484908521175e-03 8.178674033842980862e-04 1.362438430078327656e-03 2.605806104838848114e-03 1.401082146912813187e-03 2.582679502665996552e-03 5.923882592469453812e-03 7.591593544930219650e-03 2.638787403702735901e-02 3.152731433510780334e-02 7.842092216014862061e-02 1.511703133583068848e-01 3.412966132164001465e-01 5.909942388534545898e-01 7.624113559722900391e-01 9.011294245719909668e-01 9.507188796997070312e-01 9.767234921455383301e-01 9.871578812599182129e-01 9.992941617965698242e-01 9.990515112876892090e-01 0.000000000000000000e+00 0.000000000000000000e+00 
9.362422861158847809e-05 2.958332479465752840e-04 1.832944690249860287e-04 3.833541122730821371e-04 1.537016592919826508e-03 3.434363752603530884e-04 8.646714850328862667e-04 3.412738908082246780e-03 1.846401486545801163e-03 8.263674564659595490e-03 9.044755250215530396e-03 1.728233136236667633e-02 2.249211817979812622e-02 3.120301105082035065e-02 3.229148685932159424e-02 2.714296430349349976e-02 1.866938732564449310e-02 1.269792020320892334e-02 9.526738896965980530e-03 6.865929812192916870e-03 1.115495397243648767e-04 2.969846827909350395e-04 0.000000000000000000e+00 0.000000000000000000e+00 
6.456343689933419228e-04 9.853055234998464584e-04 7.614991045556962490e-04 1.265456434339284897e-03 2.497548237442970276e-03 1.312327105551958084e-03 2.449404681101441383e-03 5.789568182080984116e-03 7.306045386940240860e-03 2.616184577345848083e-02 3.141501918435096741e-02 7.850650697946548462e-02 1.520202904939651489e-01 3.441811203956604004e-01 5.953902006149291992e-01 7.669212818145751953e-01 9.042773246765136719e-01 9.527449011802673340e-01 9.776259064674377441e-01 9.876933693885803223e-01 9.993628263473510742e-01 9.991511702537536621e-01 0.000000000000000000e+00 0.000000000000000000e+00 
8.781407086644321680e-05 2.745740930549800396e-04 1.738612918416038156e-04 3.599735500756651163e-04 1.506297499872744083e-03 3.305263817310333252e-04 8.459844975732266903e-04 3.429568139836192131e-03 1.819177414290606976e-03 8.285408839583396912e-03 9.131220169365406036e-03 1.739845797419548035e-02 2.264766395092010498e-02 3.142119199037551880e-02 3.233477100729942322e-02 2.705003321170806885e-02 1.848659850656986237e-02 1.243756618350744247e-02 9.394032880663871765e-03 6.751835811883211136e-03 9.658708586357533932e-05 2.595809346530586481e-04 0.000000000000000000e+00 0.000000000000000000e+00 
5.842743557877838612e-04 8.767862454988062382e-04 6.842289585620164871e-04 1.119932159781455994e-03 2.239315072074532509e-03 1.170363859273493290e-03 2.147674793377518654e-03 5.328268744051456451e-03 6.439465563744306564e-03 2.447750791907310486e-02 2.946533262729644775e-02 7.583040744066238403e-02 1.475394815206527710e-01 3.387126326560974121e-01 5.907996892929077148e-01 7.639858126640319824e-01 9.034736752510070801e-01 9.524282813072204590e-01 9.776290655136108398e-01 9.877056479454040527e-01 9.994056820869445801e-01 9.991982579231262207e-01 0.000000000000000000e+00 0.000000000000000000e+00 
7.495575118809938431e-05 2.345556858927011490e-04 1.474656892241910100e-04 3.072439285460859537e-04 1.348820864222943783e-03 2.891486801672726870e-04 7.253274670802056789e-04 3.247128333896398544e-03 1.610066858120262623e-03 8.069139905273914337e-03 8.832966908812522888e-03 1.722585968673229218e-02 2.248864434659481049e-02 3.140418976545333862e-02 3.253037109971046448e-02 2.732200734317302704e-02 1.865294389426708221e-02 1.258911378681659698e-02 9.456328116357326508e-03 6.816776935011148453e-03 9.045907063409686089e-05 2.512037463020533323e-04 0.000000000000000000e+00 0.000000000000000000e+00 
5.332676810212433338e-04 7.888161926530301571e-04 6.211656727828085423e-04 1.005347701720893383e-03 2.029366558417677879e-03 1.055840635672211647e-03 1.910138176754117012e-03 4.952818155288696289e-03 5.752877332270145416e-03 2.316250838339328766e-02 2.794474735856056213e-02 7.374899089336395264e-02 1.440891921520233154e-01 3.347738981246948242e-01 5.876844525337219238e-01 7.622407674789428711e-01 9.032332301139831543e-01 9.524565339088439941e-01 9.777505397796630859e-01 9.877907037734985352e-01 9.994469881057739258e-01 9.992494583129882812e-01 0.000000000000000000e+00 0.000000000000000000e+00 
6.514617416542023420e-05 2.033814380411058664e-04 1.277797564398497343e-04 2.690104593057185411e-04 1.221643877215683460e-03 2.572688390500843525e-04 6.335799116641283035e-04 3.093642881140112877e-03 1.443937420845031738e-03 7.907109335064888000e-03 8.609944954514503479e-03 1.710116490721702576e-02 2.238193154335021973e-02 3.141830861568450928e-02 3.269654512405395508e-02 2.752993442118167877e-02 1.876694522798061371e-02 1.267501339316368103e-02 9.489906951785087585e-03 6.853146012872457504e-03 8.398653153562918305e-05 2.373661263845860958e-04 0.000000000000000000e+00 0.000000000000000000e+00 
5.040069227106869221e-04 7.465022499673068523e-04 5.898686940781772137e-04 9.578424505889415741e-04 1.993725774809718132e-03 1.012866501696407795e-03 1.866745646111667156e-03 4.972744733095169067e-03 5.716474261134862900e-03 2.350895106792449951e-02 2.850336953997612000e-02 7.479210197925567627e-02 1.466453820466995239e-01 3.402387797832489014e-01 5.946623682975769043e-01 7.687681317329406738e-01 9.072537422180175781e-01 9.549674987792968750e-01 9.787946939468383789e-01 9.883845448493957520e-01 9.994999766349792480e-01 9.993360638618469238e-01 0.000000000000000000e+00 0.000000000000000000e+00 
6.333935016300529242e-05 1.948165590874850750e-04 1.261459110537543893e-04 2.636795106809586287e-04 1.229550805874168873e-03 2.567034098319709301e-04 6.468638894148170948e-04 3.179007442668080330e-03 1.473418204113841057e-03 8.010787889361381531e-03 8.821984753012657166e-03 1.730212941765785217e-02 2.262123487889766693e-02 3.169453516602516174e-02 3.268166631460189819e-02 2.732038311660289764e-02 1.848605647683143616e-02 1.229755766689777374e-02 9.306006133556365967e-03 6.695756688714027405e-03 7.155476487241685390e-05 1.997851068153977394e-04 0.000000000000000000e+00 0.000000000000000000e+00 
4.633078642655164003e-04 6.768622552044689655e-04 5.393745377659797668e-04 8.674483397044241428e-04 1.815960626117885113e-03 9.204848320223391056e-04 1.672469428740441799e-03 4.650494083762168884e-03 5.136856809258460999e-03 2.236207388341426849e-02 2.717068232595920563e-02 7.295223325490951538e-02 1.435671299695968628e-01 3.367269933223724365e-01 5.918889045715332031e-01 7.672459483146667480e-01 9.070996046066284180e-01 9.550071358680725098e-01 9.789013862609863281e-01 9.884580969810485840e-01 9.995330572128295898e-01 9.993774294853210449e-01 0.000000000000000000e+00 0.000000000000000000e+00 
5.550032801693305373e-05 1.702089648460969329e-04 1.101578309317119420e-04 2.333510929020121694e-04 1.117230043746531010e-03 2.299226325703784823e-04 5.690370453521609306e-04 3.036978188902139664e-03 1.327771693468093872e-03 7.869471795856952667e-03 8.624835871160030365e-03 1.718981005251407623e-02 2.252826839685440063e-02 3.171119093894958496e-02 3.283651918172836304e-02 2.751010470092296600e-02 1.858496852219104767e-02 1.237075962126255035e-02 9.335539303719997406e-03 6.729913409799337387e-03 6.645451503572985530e-05 1.884521043393760920e-04 0.000000000000000000e+00 0.000000000000000000e+00 
4.298803396522998810e-04 6.217462359927594662e-04 4.990579327568411827e-04 7.975752232596278191e-04 1.684084301814436913e-03 8.491493645124137402e-04 1.531139714643359184e-03 4.423190373927354813e-03 4.727773834019899368e-03 2.160502038896083832e-02 2.631091140210628510e-02 7.181756943464279175e-02 1.418061852455139160e-01 3.351917266845703125e-01 5.911793112754821777e-01 7.673823833465576172e-01 9.077517986297607422e-01 9.555125832557678223e-01 9.791697263717651367e-01 9.886243939399719238e-01 9.995655417442321777e-01 9.994217157363891602e-01 0.000000000000000000e+00 0.000000000000000000e+00 
4.984073530067689717e-05 1.521540398243814707e-04 9.912213135976344347e-05 2.117484546033665538e-04 1.038030954077839851e-03 2.112690999638289213e-04 5.175290862098336220e-04 2.944574691355228424e-03 1.230176887474954128e-03 7.787428796291351318e-03 8.519333787262439728e-03 1.714532263576984406e-02 2.250704169273376465e-02 3.177622333168983459e-02 3.294996172189712524e-02 2.761077694594860077e-02 1.860441267490386963e-02 1.235145609825849533e-02 9.325479157269001007e-03 6.724189966917037964e-03 6.076735007809475064e-05 1.738397404551506042e-04 0.000000000000000000e+00 0.000000000000000000e+00 
4.004001966677606106e-04 5.732366116717457771e-04 4.633645003195852041e-04 7.360125309787690639e-04 1.565019949339330196e-03 7.862158236093819141e-04 1.407929579727351665e-03 4.222310613840818405e-03 4.366632550954818726e-03 2.092673443257808685e-02 2.554402314126491547e-02 7.081627100706100464e-02 1.402762085199356079e-01 3.339517712593078613e-01 5.907038450241088867e-01 7.677201628684997559e-01 9.084967374801635742e-01 9.560499787330627441e-01 9.794406294822692871e-01 9.887853860855102539e-01 9.995952248573303223e-01 9.994626045227050781e-01 0.000000000000000000e+00 0.000000000000000000e+00 
4.508860729401931167e-05 1.365279167657718062e-04 8.958447870099917054e-05 1.928714336827397346e-04 9.656681795604526997e-04 1.949322177097201347e-04 4.733449604827910662e-04 2.862233901396393776e-03 1.143119065091013908e-03 7.716012187302112579e-03 8.427689783275127411e-03 1.711022108793258667e-02 2.249555662274360657e-02 3.184583783149719238e-02 3.305549174547195435e-02 2.769776992499828339e-02 1.861257664859294891e-02 1.232208777219057083e-02 9.311163797974586487e-03 6.717421580106019974e-03 5.548727858695201576e-05 1.600241957930848002e-04 0.000000000000000000e+00 0.000000000000000000e+00 
3.734990896191447973e-04 5.289515829645097256e-04 4.306303744670003653e-04 6.791575578972697258e-04 1.450501964427530766e-03 7.277568220160901546e-04 1.291623688302934170e-03 4.022535867989063263e-03 4.021245520561933517e-03 2.023544907569885254e-02 2.476189099252223969e-02 6.977608054876327515e-02 1.386295706033706665e-01 3.324696123600006104e-01 5.899201631546020508e-01 7.677917480468750000e-01 9.090793132781982422e-01 9.564921259880065918e-01 9.796698093414306641e-01 9.889252781867980957e-01 9.996219277381896973e-01 9.994993209838867188e-01 0.000000000000000000e+00 0.000000000000000000e+00 
4.078911661054007709e-05 1.223161525558680296e-04 8.079943654593080282e-05 1.751260715536773205e-04 8.940506959334015846e-04 1.792946422938257456e-04 4.300725122448056936e-04 2.771968720480799675e-03 1.057511544786393642e-03 7.637726143002510071e-03 8.326248265802860260e-03 1.706591993570327759e-02 2.247384376823902130e-02 3.190393000841140747e-02 3.316444903612136841e-02 2.779543772339820862e-02 1.863291114568710327e-02 1.230770256370306015e-02 9.304516948759555817e-03 6.715035531669855118e-03 5.087510726298205554e-05 1.476832258049398661e-04 0.000000000000000000e+00 0.000000000000000000e+00 
3.489184891805052757e-04 4.888616385869681835e-04 4.007591924164444208e-04 6.271799211390316486e-04 1.341698458418250084e-03 6.739150267094373703e-04 1.182571402750909328e-03 3.820406971499323845e-03 3.694670740514993668e-03 1.953151263296604156e-02 2.395330369472503662e-02 6.868328154087066650e-02 1.368406265974044800e-01 3.306716084480285645e-01 5.887485146522521973e-01 7.675030231475830078e-01 9.094352722167968750e-01 9.567970633506774902e-01 9.798464775085449219e-01 9.890375137329101562e-01 9.996456503868103027e-01 9.995314478874206543e-01 0.000000000000000000e+00 0.000000000000000000e+00 
3.680059307953342795e-05 1.095369079848751426e-04 7.270458445418626070e-05 1.586941070854663849e-04 8.243788033723831177e-04 1.644992589717730880e-04 3.880030417349189520e-04 2.670965623110532761e-03 9.745515417307615280e-04 7.552668452262878418e-03 8.210070431232452393e-03 1.701031811535358429e-02 2.243839576840400696e-02 3.194672986865043640e-02 3.327709808945655823e-02 2.790697477757930756e-02 1.867119967937469482e-02 1.231616362929344177e-02 9.306948632001876831e-03 6.718815304338932037e-03 4.692010043072514236e-05 1.371708494843915105e-04 0.000000000000000000e+00 0.000000000000000000e+00 
3.291933389846235514e-04 4.580169043038040400e-04 3.774904762394726276e-04 5.887859733775258064e-04 1.273471396416425705e-03 6.354250363074243069e-04 1.112661208026111126e-03 3.724912879988551140e-03 3.508612047880887985e-03 1.923911459743976593e-02 2.368885464966297150e-02 6.841918826103210449e-02 1.366866827011108398e-01 3.315187990665435791e-01 5.904307365417480469e-01 7.695037722587585449e-01 9.109280109405517578e-01 9.577792286872863770e-01 9.802490472793579102e-01 9.892709255218505859e-01 9.996697902679443359e-01 9.995679855346679688e-01 0.000000000000000000e+00 0.000000000000000000e+00 
3.440686487010680139e-05 1.009271218208596110e-04 6.788714381400495768e-05 1.486372202634811401e-04 7.868960965424776077e-04 1.563630066812038422e-04 3.668431600090116262e-04 2.644510706886649132e-03 9.354341891594231129e-04 7.533124648034572601e-03 8.216969668865203857e-03 1.704519614577293396e-02 2.249776199460029602e-02 3.206465765833854675e-02 3.333369269967079163e-02 2.789921499788761139e-02 1.859677210450172424e-02 1.218710746616125107e-02 9.250356815755367279e-03 6.668607238680124283e-03 4.224056829116307199e-05 1.229759218404069543e-04 0.000000000000000000e+00 0.000000000000000000e+00 
3.082591865677386522e-04 4.243814328219741583e-04 3.515548887662589550e-04 5.431654863059520721e-04 1.169663271866738796e-03 5.882394034415483475e-04 1.013718545436859131e-03 3.520309459418058395e-03 3.202075371518731117e-03 1.849845051765441895e-02 2.280809544026851654e-02 6.720320880413055420e-02 1.345994472503662109e-01 3.291213810443878174e-01 5.885374546051025391e-01 7.686196565628051758e-01 9.109792709350585938e-01 9.578883051872253418e-01 9.803435206413269043e-01 9.893225431442260742e-01 9.996889829635620117e-01 9.995931982994079590e-01 0.000000000000000000e+00 0.000000000000000000e+00 
3.111550176981836557e-05 9.072320972336456180e-05 6.061889507691375911e-05 1.336216082563623786e-04 7.170742610469460487e-04 1.426287635695189238e-04 3.268641594331711531e-04 2.529683290049433708e-03 8.526524179615080357e-04 7.438757456839084625e-03 8.074495010077953339e-03 1.696799509227275848e-02 2.243935130536556244e-02 3.208551928400993347e-02 3.345574811100959778e-02 2.803678810596466064e-02 1.866067014634609222e-02 1.222668588161468506e-02 9.268555790185928345e-03 6.692239083349704742e-03 3.924599513993598521e-05 1.153000484919175506e-04 0.000000000000000000e+00 0.000000000000000000e+00 
2.932453062385320663e-04 4.026039096061140299e-04 3.343762364238500595e-04 5.162396701052784920e-04 1.130706281401216984e-03 5.623640608973801136e-04 9.744683047756552696e-04 3.502524457871913910e-03 3.114000428467988968e-03 1.849374361336231232e-02 2.292876131832599640e-02 6.751625984907150269e-02 1.355926990509033203e-01 3.317902386188507080e-01 5.921841263771057129e-01 7.721787095069885254e-01 9.132078289985656738e-01 9.592985510826110840e-01 9.808845520019531250e-01 9.896218776702880859e-01 9.997106790542602539e-01 9.996275305747985840e-01 0.000000000000000000e+00 0.000000000000000000e+00 
2.986433901241980493e-05 8.603047172073274851e-05 5.816539487568661571e-05 1.280473079532384872e-04 7.010179688222706318e-04 1.391182886436581612e-04 3.207029076293110847e-04 2.555998740717768669e-03 8.424967527389526367e-04 7.463055662810802460e-03 8.168332278728485107e-03 1.706436462700366974e-02 2.256321161985397339e-02 3.225316852331161499e-02 3.346852958202362061e-02 2.794137969613075256e-02 1.850677095353603363e-02 1.200321689248085022e-02 9.168137796223163605e-03 6.607799790799617767e-03 3.471642048680223525e-05 1.008962062769569457e-04 0.000000000000000000e+00 0.000000000000000000e+00 
2.733509172685444355e-04 3.701703099068254232e-04 3.091389953624457121e-04 4.699506680481135845e-04 1.008322346024215221e-03 5.126171163283288479e-04 8.617809507995843887e-04 3.201331943273544312e-03 2.740534488111734390e-03 1.740768924355506897e-02 2.152326703071594238e-02 6.546843051910400391e-02 1.317183077335357666e-01 3.262900710105895996e-01 5.868259668350219727e-01 7.684234976768493652e-01 9.117810130119323730e-01 9.585171937942504883e-01 9.806720018386840820e-01 9.895072579383850098e-01 9.997239708900451660e-01 9.996415972709655762e-01 0.000000000000000000e+00 0.000000000000000000e+00 
2.614052027638535947e-05 7.548194116679951549e-05 4.991498644812963903e-05 1.108575306716375053e-04 6.114933057688176632e-04 1.219736295752227306e-04 2.683144994080066681e-04 2.350852824747562408e-03 7.316944538615643978e-04 7.309272419661283493e-03 7.884568534791469574e-03 1.688072085380554199e-02 2.239175699651241302e-02 3.217187151312828064e-02 3.365242108702659607e-02 2.822030149400234222e-02 1.871169917285442352e-02 1.221692282706499100e-02 9.262898005545139313e-03 6.695309653878211975e-03 3.344528158777393401e-05 9.919703734340146184e-05 0.000000000000000000e+00 0.000000000000000000e+00 
2.587696362752467394e-04 3.480950254015624523e-04 2.917510573752224445e-04 4.407099622767418623e-04 9.472956880927085876e-04 4.826579825021326542e-04 8.058521198108792305e-04 3.094441723078489304e-03 2.572783734649419785e-03 1.706083118915557861e-02 2.112997137010097504e-02 6.498470157384872437e-02 1.310307085514068604e-01 3.261059820652008057e-01 5.872648954391479492e-01 7.693551778793334961e-01 9.126879572868347168e-01 9.591191411018371582e-01 9.809274673461914062e-01 9.896437525749206543e-01 9.997401833534240723e-01 9.996652007102966309e-01 0.000000000000000000e+00 0.000000000000000000e+00 
2.433652662148233503e-05 6.971736729610711336e-05 4.607862865668721497e-05 1.024759112624451518e-04 5.733812577091157436e-04 1.145569622167386115e-04 2.491075138095766306e-04 2.298210281878709793e-03 6.900008884258568287e-04 7.277915719896554947e-03 7.845481857657432556e-03 1.687812805175781250e-02 2.241044305264949799e-02 3.224876523017883301e-02 3.372289612889289856e-02 2.825503423810005188e-02 1.868369616568088531e-02 1.214993372559547424e-02 9.232987649738788605e-03 6.674767937511205673e-03 3.054703483940102160e-05 9.059911826625466347e-05 0.000000000000000000e+00 0.000000000000000000e+00 
2.442922268528491259e-04 3.258247743360698223e-04 2.743909717537462711e-04 4.104062099941074848e-04 8.764056838117539883e-04 4.507874546106904745e-04 7.422662456519901752e-04 2.936545992270112038e-03 2.370516071096062660e-03 1.653467863798141479e-02 2.046777866780757904e-02 6.407349556684494019e-02 1.294345408678054810e-01 3.243294656276702881e-01 5.859329700469970703e-01 7.688261270523071289e-01 9.128382802009582520e-01 9.592645168304443359e-01 9.810286164283752441e-01 9.897000193595886230e-01 9.997540712356567383e-01 9.996838569641113281e-01 0.000000000000000000e+00 0.000000000000000000e+00 
2.226131437055300921e-05 6.347121961880475283e-05 4.181356416665948927e-05 9.290462912758812308e-05 5.255306023173034191e-04 1.054132517310790718e-04 2.240031317342072725e-04 2.199037233367562294e-03 6.349500617943704128e-04 7.215600460767745972e-03 7.733439560979604721e-03 1.682162284851074219e-02 2.237187884747982025e-02 3.227297589182853699e-02 3.382482752203941345e-02 2.836148813366889954e-02 1.872920431196689606e-02 1.217323634773492813e-02 9.242311120033264160e-03 6.685718894004821777e-03 2.844357186404522508e-05 8.476458606310188770e-05 0.000000000000000000e+00 0.000000000000000000e+00 
2.328973205294460058e-04 3.093662671744823456e-04 2.616171550471335649e-04 3.896057314705103636e-04 8.397098281420767307e-04 4.299529828131198883e-04 7.091677398420870304e-04 2.897629514336585999e-03 2.284034155309200287e-03 1.644671149551868439e-02 2.043595351278781891e-02 6.413291394710540771e-02 1.298223882913589478e-01 3.259457945823669434e-01 5.883010029792785645e-01 7.712869644165039062e-01 9.144257903099060059e-01 9.602725505828857422e-01 9.814220070838928223e-01 9.899215698242187500e-01 9.997687935829162598e-01 9.997067451477050781e-01 0.000000000000000000e+00 0.000000000000000000e+00 
2.118997326761018485e-05 5.977001637802459300e-05 4.000077751697972417e-05 8.808145503280684352e-05 5.061674746684730053e-04 1.015739690046757460e-04 2.165337064070627093e-04 2.195686334744095802e-03 6.195698515512049198e-04 7.222225423902273178e-03 7.780277635902166367e-03 1.687902957201004028e-02 2.245127037167549133e-02 3.239862248301506042e-02 3.385301679372787476e-02 2.830937691032886505e-02 1.862738654017448425e-02 1.201756484806537628e-02 9.170459583401679993e-03 6.621380802243947983e-03 2.559754648245871067e-05 7.553752220701426268e-05 0.000000000000000000e+00 0.000000000000000000e+00 
2.201280731242150068e-04 2.898040402214974165e-04 2.465720463078469038e-04 3.627880651038140059e-04 7.736408733762800694e-04 4.012871650047600269e-04 6.533887935802340508e-04 2.730836626142263412e-03 2.099053701385855675e-03 1.589777879416942596e-02 1.972182840108871460e-02 6.312584131956100464e-02 1.279754638671875000e-01 3.236559331417083740e-01 5.863436460494995117e-01 7.702366709709167480e-01 9.142696857452392578e-01 9.602349996566772461e-01 9.814590215682983398e-01 9.899446368217468262e-01 9.997802972793579102e-01 9.997216463088989258e-01 0.000000000000000000e+00 0.000000000000000000e+00 
1.928620986291207373e-05 5.422373578767292202e-05 3.638978887465782464e-05 7.941660442156717181e-05 4.603757988661527634e-04 9.294153278460726142e-05 1.949697762029245496e-04 2.081208629533648491e-03 5.681404727511107922e-04 7.153232116252183914e-03 7.645583245903253555e-03 1.680583879351615906e-02 2.239384874701499939e-02 3.240180388092994690e-02 3.396454080939292908e-02 2.843831107020378113e-02 1.870135776698589325e-02 1.207459997385740280e-02 9.194055572152137756e-03 6.642305292189121246e-03 2.401672463747672737e-05 7.127989374566823244e-05 0.000000000000000000e+00 0.000000000000000000e+00 
2.105547755490988493e-04 2.762200310826301575e-04 2.359397622058168054e-04 3.458955034147948027e-04 7.456092862412333488e-04 3.845283354166895151e-04 6.293043843470513821e-04 2.705143066123127937e-03 2.038608305156230927e-03 1.588296331465244293e-02 1.979587413370609283e-02 6.334821879863739014e-02 1.286749243736267090e-01 3.257578015327453613e-01 5.892231464385986328e-01 7.730585336685180664e-01 9.160023927688598633e-01 9.613317847251892090e-01 9.818723797798156738e-01 9.901733398437500000e-01 9.997932314872741699e-01 9.997417926788330078e-01 0.000000000000000000e+00 0.000000000000000000e+00 
1.849801992648281157e-05 5.135742685524746776e-05 3.508825466269627213e-05 7.581660611322149634e-05 4.467149556148797274e-04 9.025791223393753171e-05 1.914580934680998325e-04 2.083551138639450073e-03 5.596103146672248840e-04 7.169572636485099792e-03 7.717213593423366547e-03 1.687893643975257874e-02 2.248964831233024597e-02 3.253771737217903137e-02 3.397742658853530884e-02 2.836159616708755493e-02 1.857897825539112091e-02 1.189388521015644073e-02 9.112099185585975647e-03 6.570187862962484360e-03 2.153763853129930794e-05 6.309548916760832071e-05 0.000000000000000000e+00 0.000000000000000000e+00 
1.980194501811638474e-04 2.564875758253037930e-04 2.207441284554079175e-04 3.176619648002088070e-04 6.644625682383775711e-04 3.531287366058677435e-04 5.638877046294510365e-04 2.449999330565333366e-03 1.799634424969553947e-03 1.500956062227487564e-02 1.856064237654209137e-02 6.152664124965667725e-02 1.250921785831451416e-01 3.203179836273193359e-01 5.837324857711791992e-01 7.691509723663330078e-01 9.144576787948608398e-01 9.604368805885314941e-01 9.816270470619201660e-01 9.900205731391906738e-01 9.998014569282531738e-01 9.997500181198120117e-01 0.000000000000000000e+00 0.000000000000000000e+00 
1.625844197405967861e-05 4.519206049735657871e-05 3.066697536269202828e-05 6.549344834638759494e-05 3.859730204567313194e-04 7.908749103080481291e-05 1.626791199669241905e-04 1.886904705315828323e-03 4.854724684264510870e-04 7.047672756016254425e-03 7.432331331074237823e-03 1.670210435986518860e-02 2.232406288385391235e-02 3.243742510676383972e-02 3.415613994002342224e-02 2.863657847046852112e-02 1.879491284489631653e-02 1.212538778781890869e-02 9.207949973642826080e-03 6.668027024716138840e-03 2.092143222398590297e-05 6.254888285184279084e-05 0.000000000000000000e+00 0.000000000000000000e+00 
1.888935657916590571e-04 2.432887558825314045e-04 2.103488077409565449e-04 3.005271428264677525e-04 6.280092638917267323e-04 3.357579698786139488e-04 5.328391562215983868e-04 2.370096975937485695e-03 1.709708361886441708e-03 1.478832494467496872e-02 1.831655576825141907e-02 6.123410165309906006e-02 1.246876865625381470e-01 3.204594552516937256e-01 5.844084620475769043e-01 7.701861262321472168e-01 9.152720570564270020e-01 9.609904289245605469e-01 9.818555116653442383e-01 9.901471138000488281e-01 9.998115897178649902e-01 9.997650384902954102e-01 0.000000000000000000e+00 0.000000000000000000e+00 
1.525461084384005517e-05 4.204241122351959348e-05 2.884987225115764886e-05 6.102487168391235173e-05 3.634532622527331114e-04 7.539270154666155577e-05 1.532047754153609276e-04 1.837897929362952709e-03 4.647880268748849630e-04 7.027978543192148209e-03 7.412660866975784302e-03 1.670941151678562164e-02 2.234956063330173492e-02 3.250924125313758850e-02 3.421021625399589539e-02 2.865003235638141632e-02 1.876472868025302887e-02 1.205414254218339920e-02 9.173195809125900269e-03 6.637602578848600388e-03 1.919727401400450617e-05 5.702895577996969223e-05 0.000000000000000000e+00 0.000000000000000000e+00 
1.802086917450651526e-04 2.306508249603211880e-04 2.003735280595719814e-04 2.839557710103690624e-04 5.910827312618494034e-04 3.187666297890245914e-04 5.016997456550598145e-04 2.284022746607661247e-03 1.615911955013871193e-03 1.453522220253944397e-02 1.801701076328754425e-02 6.084716692566871643e-02 1.240944862365722656e-01 3.202503025531768799e-01 5.846537351608276367e-01 7.708818316459655762e-01 9.159187674522399902e-01 9.614457488059997559e-01 9.820445179939270020e-01 9.902484416961669922e-01 9.998210072517395020e-01 9.997784495353698730e-01 0.000000000000000000e+00 0.000000000000000000e+00 
1.427737333870027214e-05 3.896774069289676845e-05 2.700604636629577726e-05 5.652810068568214774e-05 3.398638800717890263e-04 7.150565215852111578e-05 1.429762342013418674e-04 1.781778410077095032e-03 4.417808086145669222e-04 7.003461010754108429e-03 7.376342546194791794e-03 1.670373231172561646e-02 2.236163988709449768e-02 3.256801143288612366e-02 3.427128866314888000e-02 2.867939881980419159e-02 1.874982006847858429e-02 1.200052816420793533e-02 9.148533456027507782e-03 6.617279723286628723e-03 1.771324423316400498e-05 5.225546192377805710e-05 0.000000000000000000e+00 0.000000000000000000e+00 
1.718203857308253646e-04 2.184251789003610611e-04 1.907146797748282552e-04 2.678126620594412088e-04 5.533568910323083401e-04 3.020592557732015848e-04 4.706995969172567129e-04 2.183716744184494019e-03 1.517373020760715008e-03 1.425072364509105682e-02 1.763744838535785675e-02 6.033681705594062805e-02 1.232275366783142090e-01 3.195264339447021484e-01 5.843153595924377441e-01 7.710787057876586914e-01 9.163154959678649902e-01 9.617397785186767578e-01 9.821857810020446777e-01 9.903181195259094238e-01 9.998295903205871582e-01 9.997903108596801758e-01 0.000000000000000000e+00 0.000000000000000000e+00 
1.326897836406715214e-05 3.591763743315823376e-05 2.512178070901427418e-05 5.199387669563293457e-05 3.150432021357119083e-04 6.746357394149526954e-05 1.324631157331168652e-04 1.710972050204873085e-03 4.161117540206760168e-04 6.974476389586925507e-03 7.315169554203748703e-03 1.668142527341842651e-02 2.235570736229419708e-02 3.260799497365951538e-02 3.434310853481292725e-02 2.873392403125762939e-02 1.876038126647472382e-02 1.197988167405128479e-02 9.134877473115921021e-03 6.610154639929533005e-03 1.642528150114230812e-05 4.831650585401803255e-05 0.000000000000000000e+00 0.000000000000000000e+00 
1.636251836316660047e-04 2.063874126179143786e-04 1.811996189644560218e-04 2.516546810511499643e-04 5.123515729792416096e-04 2.848122967407107353e-04 4.379242018330842257e-04 2.052064985036849976e-03 1.405445858836174011e-03 1.386711653321981430e-02 1.709082722663879395e-02 5.954455584287643433e-02 1.217403635382652283e-01 3.176427185535430908e-01 5.826531648635864258e-01 7.701629996299743652e-01 9.161729216575622559e-01 9.616920351982116699e-01 9.822198152542114258e-01 9.903249740600585938e-01 9.998370409011840820e-01 9.997999668121337891e-01 0.000000000000000000e+00 0.000000000000000000e+00 
1.217425233335234225e-05 3.276918869232758880e-05 2.306966052856296301e-05 4.716042531072162092e-05 2.867477596737444401e-04 6.269046571105718613e-05 1.204695508931763470e-04 1.609905739314854145e-03 3.843851736746728420e-04 6.929532624781131744e-03 7.199267391115427017e-03 1.662256754934787750e-02 2.230959385633468628e-02 3.260595723986625671e-02 3.443962335586547852e-02 2.884430810809135437e-02 1.882662996649742126e-02 1.203002315014600754e-02 9.148745797574520111e-03 6.629019510000944138e-03 1.543919643154367805e-05 4.567075302475132048e-05 0.000000000000000000e+00 0.000000000000000000e+00 
1.567897124914452434e-04 1.967539283214136958e-04 1.734509423840790987e-04 2.393587346887215972e-04 4.868474497925490141e-04 2.722849894780665636e-04 4.161433025728911161e-04 1.994587248191237450e-03 1.342513132840394974e-03 1.374296005815267563e-02 1.696894131600856781e-02 5.938886851072311401e-02 1.215978041291236877e-01 3.182106614112854004e-01 5.837048292160034180e-01 7.714262604713439941e-01 9.170428514480590820e-01 9.622773528099060059e-01 9.824496507644653320e-01 9.904503226280212402e-01 9.998448491096496582e-01 9.998114109039306641e-01 0.000000000000000000e+00 0.000000000000000000e+00 
1.151116703113075346e-05 3.064210977754555643e-05 2.183559445256832987e-05 4.419449032866396010e-05 2.715124574024230242e-04 6.022330489940941334e-05 1.141464963438920677e-04 1.573956687934696674e-03 3.700238303281366825e-04 6.923661101609468460e-03 7.204834371805191040e-03 1.664018258452415466e-02 2.234508283436298370e-02 3.268248215317726135e-02 3.447924926877021790e-02 2.883822470903396606e-02 1.878309994935989380e-02 1.194459199905395508e-02 9.108028374612331390e-03 6.592572201043367386e-03 1.417299426975660026e-05 4.149459346081130207e-05 0.000000000000000000e+00 0.000000000000000000e+00 
1.509562425781041384e-04 1.888239057734608650e-04 1.670932397246360779e-04 2.298346516909077764e-04 4.725912876892834902e-04 2.633755502756685019e-04 4.036618920508772135e-04 1.994280377402901649e-03 1.316593377850949764e-03 1.381597481667995453e-02 1.716640777885913849e-02 5.975810810923576355e-02 1.225695759057998657e-01 3.207651376724243164e-01 5.869815945625305176e-01 7.744444608688354492e-01 9.187432527542114258e-01 9.633883237838745117e-01 9.828448295593261719e-01 9.906617999076843262e-01 9.998527169227600098e-01 9.998235702514648438e-01 0.000000000000000000e+00 0.000000000000000000e+00 
1.114263250201474875e-05 2.917698657256551087e-05 2.125833634636364877e-05 4.251045174896717072e-05 2.656991418916732073e-04 5.953895379207096994e-05 1.131063036154955626e-04 1.588376937434077263e-03 3.688376746140420437e-04 6.947204470634460449e-03 7.304984144866466522e-03 1.672084629535675049e-02 2.244655601680278778e-02 3.281890228390693665e-02 3.446942940354347229e-02 2.873466163873672485e-02 1.864569261670112610e-02 1.174376625567674637e-02 9.016905911266803741e-03 6.516358815133571625e-03 1.274642363569000736e-05 3.668644785648211837e-05 0.000000000000000000e+00 0.000000000000000000e+00 
1.440108026145026088e-04 1.787379878805950284e-04 1.589437888469547033e-04 2.162267628591507673e-04 4.362209874670952559e-04 2.482744166627526283e-04 3.742090775631368160e-04 1.862183795310556889e-03 1.214264775626361370e-03 1.343499682843685150e-02 1.660286076366901398e-02 5.890483781695365906e-02 1.209262460470199585e-01 3.185447752475738525e-01 5.849199295043945312e-01 7.731890678405761719e-01 9.183946251869201660e-01 9.632298350334167480e-01 9.828291535377502441e-01 9.906573295593261719e-01 9.998585581779479980e-01 9.998309612274169922e-01 0.000000000000000000e+00 0.000000000000000000e+00 
1.020269792206818238e-05 2.657850745890755206e-05 1.941167101904284209e-05 3.841564830509014428e-05 2.400750381639227271e-04 5.502758722286671400e-05 1.014570370898582041e-04 1.482791383750736713e-03 3.385082527529448271e-04 6.900029722601175308e-03 7.175404578447341919e-03 1.664978638291358948e-02 2.238766290247440338e-02 3.280368074774742126e-02 3.456965833902359009e-02 2.885957062244415283e-02 1.872930862009525299e-02 1.181009225547313690e-02 9.043667465448379517e-03 6.536238826811313629e-03 1.206858541991095990e-05 3.484510307316668332e-05 0.000000000000000000e+00 0.000000000000000000e+00 
1.310814550379291177e-04 1.581818942213431001e-04 1.425908412784337997e-04 1.892206491902470589e-04 3.666624252218753099e-04 2.149402716895565391e-04 3.121574118267744780e-04 1.671038335189223289e-03 9.945601923391222954e-04 1.283160503953695297e-02 1.605232618749141693e-02 5.816920474171638489e-02 1.194208338856697083e-01 3.184766769409179688e-01 5.858613252639770508e-01 7.751895785331726074e-01 9.200639128684997559e-01 9.643450975418090820e-01 9.832127690315246582e-01 9.908756613731384277e-01 9.999031424522399902e-01 9.998855590820312500e-01 0.000000000000000000e+00 0.000000000000000000e+00 
8.230089406424667686e-06 2.075466181850060821e-05 1.474112650612369180e-05 3.001999175467062742e-05 1.917507324833422899e-04 4.303185050957836211e-05 7.741572335362434387e-05 1.351828686892986298e-03 2.745833771768957376e-04 6.869351491332054138e-03 7.242589257657527924e-03 1.674438826739788055e-02 2.250848524272441864e-02 3.310857713222503662e-02 3.488874435424804688e-02 2.905751019716262817e-02 1.880333572626113892e-02 1.176851615309715271e-02 9.063364937901496887e-03 6.525258999317884445e-03 8.626947419543284923e-06 2.249572025903034955e-05 0.000000000000000000e+00 0.000000000000000000e+00 
1.145118440035730600e-04 1.310216903220862150e-04 1.212868519360199571e-04 1.486758555984124541e-04 2.249407698400318623e-04 1.615927467355504632e-04 2.036669757217168808e-04 6.841807626187801361e-04 4.942607483826577663e-04 9.279912337660789490e-03 8.877824060618877411e-03 4.709816724061965942e-02 9.632295370101928711e-02 2.692345380783081055e-01 5.331263542175292969e-01 7.308089137077331543e-01 8.991627097129821777e-01 9.512317180633544922e-01 9.791087508201599121e-01 9.886265397071838379e-01 9.999160766601562500e-01 9.998810887336730957e-01 0.000000000000000000e+00 0.000000000000000000e+00 
4.294131940696388483e-06 1.135098227678099647e-05 6.884024514874909073e-06 1.394611990690464154e-05 7.992059545358642936e-05 1.943753159139305353e-05 2.727710671024397016e-05 4.625648434739559889e-04 9.967742516892030835e-05 6.429095752537250519e-03 4.546721931546926498e-03 1.533230114728212357e-02 2.106967568397521973e-02 3.152206912636756897e-02 3.598536550998687744e-02 3.148967400193214417e-02 2.122490294277667999e-02 1.461959630250930786e-02 1.027780305594205856e-02 7.662922609597444534e-03 1.238257573277223855e-05 4.039216582896187901e-05 0.000000000000000000e+00 0.000000000000000000e+00 
1.057585104717873037e-04 1.177505982923321426e-04 1.108169744838960469e-04 1.303095777984708548e-04 1.722951565170660615e-04 1.387676456943154335e-04 1.648246980039402843e-04 3.705041308421641588e-04 3.294956113677471876e-04 7.742905523627996445e-03 4.505171440541744232e-03 3.915933892130851746e-02 8.117910474538803101e-02 2.306046634912490845e-01 4.907881021499633789e-01 6.917608976364135742e-01 8.781190514564514160e-01 9.399389624595642090e-01 9.750505089759826660e-01 9.869999289512634277e-01 9.999107718467712402e-01 9.998335242271423340e-01 0.000000000000000000e+00 0.000000000000000000e+00 
2.850656528607942164e-06 7.658610229555051774e-06 4.359686499810777605e-06 8.540268936485517770e-06 4.280198845663107932e-05 1.171442909253528342e-05 1.455368237657239661e-05 1.896178728202357888e-04 5.002193211112171412e-05 6.202659104019403458e-03 2.286884235218167305e-03 1.390320900827646255e-02 1.953526772558689117e-02 2.986955270171165466e-02 3.630540147423744202e-02 3.314355388283729553e-02 2.312808483839035034e-02 1.679495535790920258e-02 1.122840214520692825e-02 8.376672863960266113e-03 1.958312350325286388e-05 8.415540651185438037e-05 0.000000000000000000e+00 0.000000000000000000e+00 
9.999558096751570702e-05 1.098295470001176000e-04 1.042459189193323255e-04 1.201657723868265748e-04 1.495335163781419396e-04 1.268892665393650532e-04 1.470548741053789854e-04 2.774705062620341778e-04 2.668792731128633022e-04 7.062776014208793640e-03 2.864604583010077477e-03 3.472897782921791077e-02 7.272457331418991089e-02 2.093001157045364380e-01 4.668972194194793701e-01 6.682844161987304688e-01 8.643857240676879883e-01 9.334106445312500000e-01 9.724721908569335938e-01 9.861060976982116699e-01 9.999051094055175781e-01 9.997807145118713379e-01 0.000000000000000000e+00 0.000000000000000000e+00 
2.255844037790666334e-06 6.042144832463236526e-06 3.369309979461831972e-06 6.467882030847249553e-06 2.935508200607728213e-05 8.818743481242563576e-06 1.050852733897045255e-05 1.165154462796635926e-04 3.416782783460803330e-05 5.986913107335567474e-03 1.406248193234205246e-03 1.294251531362533569e-02 1.851436123251914978e-02 2.874343097209930420e-02 3.635226935148239136e-02 3.396640717983245850e-02 2.435375191271305084e-02 1.785154640674591064e-02 1.180710550397634506e-02 8.649257943034172058e-03 2.589197538327425718e-05 1.322504249401390553e-04 0.000000000000000000e+00 0.000000000000000000e+00 
9.570518886903300881e-05 1.043754018610343337e-04 9.953308472177013755e-05 1.135414859163574874e-04 1.377544831484556198e-04 1.195031800307333469e-04 1.368418161291629076e-04 2.393780741840600967e-04 2.370198344578966498e-04 6.704235915094614029e-03 2.235517837107181549e-03 3.247851505875587463e-02 6.853723526000976562e-02 1.988068819046020508e-01 4.551382660865783691e-01 6.564967036247253418e-01 8.574869036674499512e-01 9.301753640174865723e-01 9.712072610855102539e-01 9.856544137001037598e-01 9.999026656150817871e-01 9.997472763061523438e-01 0.000000000000000000e+00 0.000000000000000000e+00 
1.968785454664612189e-06 5.222102117841131985e-06 2.915949835369247012e-06 5.494168817676836625e-06 2.386557025602087379e-05 7.520128292526351288e-06 8.777800758252851665e-06 8.996155520435422659e-05 2.768770900729577988e-05 5.817724857479333878e-03 1.072063227184116840e-03 1.240474730730056763e-02 1.800225488841533661e-02 2.815876342356204987e-02 3.633572533726692200e-02 3.435713797807693481e-02 2.498239278793334961e-02 1.832533068954944611e-02 1.207990385591983795e-02 8.760107681155204773e-03 2.927830610133241862e-05 1.637395762372761965e-04 0.000000000000000000e+00 0.000000000000000000e+00 
9.209053678205236793e-05 9.997237793868407607e-05 9.563774074194952846e-05 1.083585957530885935e-04 1.297504350077360868e-04 1.138966181315481663e-04 1.294200192205607891e-04 2.179355215048417449e-04 2.182196767535060644e-04 6.485343910753726959e-03 1.919810427352786064e-03 3.120326437056064606e-02 6.626717001199722290e-02 1.931769400835037231e-01 4.488350749015808105e-01 6.502151489257812500e-01 8.538746833801269531e-01 9.284623265266418457e-01 9.705477952957153320e-01 9.854305982589721680e-01 9.999026060104370117e-01 9.997299313545227051e-01 0.000000000000000000e+00 0.000000000000000000e+00 
1.789746875147102401e-06 4.688408353104023263e-06 2.641812898218631744e-06 4.891071057500084862e-06 2.085088090097997338e-05 6.756775746907806024e-06 7.757153980492148548e-06 7.681123679503798485e-05 2.410378147033043206e-05 5.699691362679004669e-03 9.071721578948199749e-04 1.209129672497510910e-02 1.773202046751976013e-02 2.785226143896579742e-02 3.632392734289169312e-02 3.457425907254219055e-02 2.532112225890159607e-02 1.857330091297626495e-02 1.222475897520780563e-02 8.815559558570384979e-03 3.072430263273417950e-05 1.811254187487065792e-04 0.000000000000000000e+00 0.000000000000000000e+00 
8.880445238901302218e-05 9.604189108358696103e-05 9.212473378283903003e-05 1.038000555126927793e-04 1.232187205459922552e-04 1.090363366529345512e-04 1.231097412528470159e-04 2.018169761868193746e-04 2.033292403211817145e-04 6.309865508228540421e-03 1.696164370514452457e-03 3.022804670035839081e-02 6.460227817296981812e-02 1.889862865209579468e-01 4.441773295402526855e-01 6.455790996551513672e-01 8.512277603149414062e-01 9.272042512893676758e-01 9.700651764869689941e-01 9.852709770202636719e-01 9.999031424522399902e-01 9.997180104255676270e-01 0.000000000000000000e+00 0.000000000000000000e+00 
1.650629087635024916e-06 4.262734819349134341e-06 2.430298309263889678e-06 4.422216534294420853e-06 1.873482142400462180e-05 6.188169209053739905e-06 6.985754225752316415e-06 6.770819891244173050e-05 2.147249324480071664e-05 5.597445648163557053e-03 7.910931017249822617e-04 1.184427272528409958e-02 1.753372885286808014e-02 2.762742713093757629e-02 3.631301596760749817e-02 3.473727032542228699e-02 2.557392604649066925e-02 1.875506341457366943e-02 1.233200449496507645e-02 8.854693733155727386e-03 3.156131424475461245e-05 1.935753243742510676e-04 0.000000000000000000e+00 0.000000000000000000e+00 
8.589502976974472404e-05 9.265568951377645135e-05 8.905288996174931526e-05 9.995594155043363571e-05 1.182756241178140044e-04 1.050328137353062630e-04 1.180947583634406328e-04 1.918560155900195241e-04 1.928823767229914665e-04 6.229958962649106979e-03 1.585599151439964771e-03 2.983442321419715881e-02 6.396239995956420898e-02 1.874923855066299438e-01 4.426174759864807129e-01 6.441046595573425293e-01 8.505285978317260742e-01 9.268851876258850098e-01 9.699550271034240723e-01 9.852554202079772949e-01 9.999055266380310059e-01 9.997207522392272949e-01 0.000000000000000000e+00 0.000000000000000000e+00 
1.557114160277706105e-06 3.959366949857212603e-06 2.292027829753351398e-06 4.101196282135788351e-06 1.753703327267430723e-05 5.834447620145510882e-06 6.498202765214955434e-06 6.325775029836222529e-05 1.988835538213606924e-05 5.557707045227289200e-03 7.360148010775446892e-04 1.175466272979974747e-02 1.747226342558860779e-02 2.756639197468757629e-02 3.633193299174308777e-02 3.481188043951988220e-02 2.566054090857505798e-02 1.882237195968627930e-02 1.236843690276145935e-02 8.867709897458553314e-03 3.092170300078578293e-05 1.931327715283259749e-04 0.000000000000000000e+00 0.000000000000000000e+00 
8.312018326250836253e-05 8.943123975768685341e-05 8.612155215814709663e-05 9.628676343709230423e-05 1.135383718064986169e-04 1.012044958770275116e-04 1.133277692133560777e-04 1.819914323277771473e-04 1.828456297516822815e-04 6.136491429060697556e-03 1.476663979701697826e-03 2.937671542167663574e-02 6.323579698801040649e-02 1.857188642024993896e-01 4.407022297382354736e-01 6.422379612922668457e-01 8.496248126029968262e-01 9.264560341835021973e-01 9.698034524917602539e-01 9.852259755134582520e-01 9.999074935913085938e-01 9.997211098670959473e-01 0.000000000000000000e+00 0.000000000000000000e+00 
1.466914000047836453e-06 3.673523451652727090e-06 2.158853249056846835e-06 3.793293217313475907e-06 1.637631976336706430e-05 5.490473540703533217e-06 6.039942036295542493e-06 5.863867409061640501e-05 1.834814611356705427e-05 5.505021195858716965e-03 6.822017021477222443e-04 1.164288446307182312e-02 1.739716529846191406e-02 2.748572453856468201e-02 3.634093701839447021e-02 3.489627316594123840e-02 2.576298266649246216e-02 1.890113204717636108e-02 1.241218298673629761e-02 8.883326314389705658e-03 3.039507646462880075e-05 1.947137498063966632e-04 0.000000000000000000e+00 0.000000000000000000e+00 
8.062003325903788209e-05 8.660112507641315460e-05 8.351094584213569760e-05 9.309255256084725261e-05 1.099373985198326409e-04 9.798785322345793247e-05 1.095025800168514252e-04 1.760713639669120312e-04 1.758046564646065235e-04 6.129350513219833374e-03 1.467603491619229317e-03 2.942568250000476837e-02 6.347899138927459717e-02 1.864054650068283081e-01 4.415851533412933350e-01 6.432511806488037109e-01 8.506820797920227051e-01 9.268715977668762207e-01 9.700049161911010742e-01 9.853268861770629883e-01 9.999111890792846680e-01 9.997349977493286133e-01 0.000000000000000000e+00 0.000000000000000000e+00 
1.405550619892892428e-06 3.466883072178461589e-06 2.077641738651436754e-06 3.561264293239219114e-06 1.588265695318114012e-05 5.300626526150153950e-06 5.782086191175039858e-06 5.688131204806268215e-05 1.747684109432157129e-05 5.516938865184783936e-03 6.861823494546115398e-04 1.167036220431327820e-02 1.745817810297012329e-02 2.755470946431159973e-02 3.638021275401115417e-02 3.490737453103065491e-02 2.569910883903503418e-02 1.888185553252696991e-02 1.238874252885580063e-02 8.879944682121276855e-03 2.862290239136200398e-05 1.843676000135019422e-04 0.000000000000000000e+00 0.000000000000000000e+00 
7.939064380479976535e-05 8.604883623775094748e-05 8.264884672826156020e-05 9.254850738216191530e-05 1.154096607933752239e-04 9.837944526225328445e-05 1.121388340834528208e-04 1.930402795551344752e-04 1.920828945003449917e-04 6.713248323649168015e-03 2.341724932193756104e-03 3.290716931223869324e-02 7.205879688262939453e-02 2.090227454900741577e-01 4.661250412464141846e-01 6.690207123756408691e-01 8.676214814186096191e-01 9.354009628295898438e-01 9.727624654769897461e-01 9.864590167999267578e-01 9.999278187751770020e-01 9.998649358749389648e-01 0.000000000000000000e+00 0.000000000000000000e+00 
1.514470909569354262e-06 3.885531441483180970e-06 2.537314230721676722e-06 3.833225491689518094e-06 2.152951492462307215e-05 6.074466455174842849e-06 7.292282134585548192e-06 7.113636092981323600e-05 2.304411282239016145e-05 5.913051310926675797e-03 1.191470073536038399e-03 1.263777352869510651e-02 1.859793998301029205e-02 2.904316969215869904e-02 3.657092154026031494e-02 3.436779975891113281e-02 2.432069368660449982e-02 1.775876991450786591e-02 1.182277128100395203e-02 8.688387461006641388e-03 1.614814391359686852e-05 6.979390309425070882e-05 0.000000000000000000e+00 0.000000000000000000e+00 
