6.988934874534606934e-01 6.974350214004516602e-01 0.000000000000000000e+00 5.000000000000000000e-01 4.967948717948718063e-01 0.000000000000000000e+00 4.983922829581993730e-01 0.000000000000000000e+00 0.000000000000000000e+00 0.000000000000000000e+00 
6.944594383239746094e-01 6.941407322883605957e-01 0.000000000000000000e+00 4.687500000000000000e-01 4.663461538461538547e-01 0.000000000000000000e+00 4.800759013282732690e-01 0.000000000000000000e+00 3.917525773195876249e-01 0.000000000000000000e+00 
6.938918828964233398e-01 6.934322714805603027e-01 0.000000000000000000e+00 4.583333333333333148e-01 4.807692307692307820e-01 0.000000000000000000e+00 4.552238805970149071e-01 0.000000000000000000e+00 4.877551020408163462e-01 0.000000000000000000e+00 
6.919118762016296387e-01 6.930274367332458496e-01 0.000000000000000000e+00 6.354166666666666297e-01 5.144230769230768718e-01 0.000000000000000000e+00 5.133531157270029288e-01 0.000000000000000000e+00 5.156794425087107836e-01 0.000000000000000000e+00 
6.896432638168334961e-01 6.924029588699340820e-01 0.000000000000000000e+00 6.354166666666666297e-01 5.304487179487179516e-01 0.000000000000000000e+00 5.263157894736841813e-01 0.000000000000000000e+00 5.361216730038023126e-01 0.000000000000000000e+00 
6.858818531036376953e-01 6.897006630897521973e-01 0.000000000000000000e+00 6.041666666666666297e-01 5.849358974358974672e-01 0.000000000000000000e+00 5.805471124620060763e-01 0.000000000000000000e+00 5.898305084745762983e-01 0.000000000000000000e+00 
6.665506958961486816e-01 6.792531013488769531e-01 0.000000000000000000e+00 7.395833333333333703e-01 6.442307692307692735e-01 0.000000000000000000e+00 6.490066225165562752e-01 0.000000000000000000e+00 6.397515527950310421e-01 0.000000000000000000e+00 
6.190992593765258789e-01 6.468396186828613281e-01 0.000000000000000000e+00 8.333333333333333703e-01 7.339743589743589203e-01 0.000000000000000000e+00 7.644927536231883591e-01 0.000000000000000000e+00 7.097701149425287293e-01 0.000000000000000000e+00 
5.242452025413513184e-01 5.908488035202026367e-01 0.000000000000000000e+00 9.062500000000000000e-01 7.996794871794872250e-01 0.000000000000000000e+00 8.475836431226765333e-01 0.000000000000000000e+00 7.633802816901408272e-01 0.000000000000000000e+00 
4.268006682395935059e-01 5.143368244171142578e-01 0.000000000000000000e+00 9.479166666666666297e-01 8.477564102564102422e-01 0.000000000000000000e+00 8.728522336769759526e-01 0.000000000000000000e+00 8.258258258258258655e-01 0.000000000000000000e+00 
3.118268251419067383e-01 4.278524518013000488e-01 0.000000000000000000e+00 9.687500000000000000e-01 8.717948717948718063e-01 0.000000000000000000e+00 8.766233766233766378e-01 0.000000000000000000e+00 8.670886075949366667e-01 0.000000000000000000e+00 
2.083303034305572510e-01 3.461527228355407715e-01 0.000000000000000000e+00 1.000000000000000000e+00 9.086538461538461453e-01 0.000000000000000000e+00 9.099678456591639986e-01 0.000000000000000000e+00 9.073482428115016152e-01 0.000000000000000000e+00 
1.559022963047027588e-01 2.807768285274505615e-01 0.000000000000000000e+00 9.895833333333333703e-01 9.294871794871795156e-01 0.000000000000000000e+00 9.240506329113924444e-01 0.000000000000000000e+00 9.350649350649350433e-01 0.000000000000000000e+00 
1.137690842151641846e-01 2.310399115085601807e-01 0.000000000000000000e+00 1.000000000000000000e+00 9.391025641025640969e-01 0.000000000000000000e+00 9.335443037974683334e-01 0.000000000000000000e+00 9.448051948051947591e-01 0.000000000000000000e+00 
8.573859930038452148e-02 1.996223777532577515e-01 0.000000000000000000e+00 1.000000000000000000e+00 9.487179487179486781e-01 0.000000000000000000e+00 9.402515723270440384e-01 0.000000000000000000e+00 9.575163398692810857e-01 0.000000000000000000e+00 
7.522107660770416260e-02 1.783154755830764771e-01 0.000000000000000000e+00 1.000000000000000000e+00 9.519230769230768718e-01 0.000000000000000000e+00 9.490445859872611578e-01 0.000000000000000000e+00 9.548387096774193505e-01 0.000000000000000000e+00 
7.009503245353698730e-02 1.642254889011383057e-01 0.000000000000000000e+00 1.000000000000000000e+00 9.551282051282051766e-01 0.000000000000000000e+00 9.409937888198758316e-01 0.000000000000000000e+00 9.701986754966887005e-01 0.000000000000000000e+00 
5.576475709676742554e-02 1.561490744352340698e-01 0.000000000000000000e+00 1.000000000000000000e+00 9.551282051282051766e-01 0.000000000000000000e+00 9.493670886075948889e-01 0.000000000000000000e+00 9.610389610389610260e-01 0.000000000000000000e+00 
4.802927374839782715e-02 1.498666256666183472e-01 0.000000000000000000e+00 1.000000000000000000e+00 9.599358974358974672e-01 0.000000000000000000e+00 9.470404984423675954e-01 0.000000000000000000e+00 9.735973597359736109e-01 0.000000000000000000e+00 
4.177513718605041504e-02 1.472003757953643799e-01 0.000000000000000000e+00 1.000000000000000000e+00 9.551282051282051766e-01 0.000000000000000000e+00 9.382716049382715529e-01 0.000000000000000000e+00 9.733333333333333837e-01 0.000000000000000000e+00 
3.734304010868072510e-02 1.448131352663040161e-01 0.000000000000000000e+00 1.000000000000000000e+00 9.487179487179486781e-01 0.000000000000000000e+00 9.487179487179486781e-01 0.000000000000000000e+00 9.487179487179486781e-01 0.000000000000000000e+00 
3.475033119320869446e-02 1.414904445409774780e-01 0.000000000000000000e+00 1.000000000000000000e+00 9.567307692307692735e-01 0.000000000000000000e+00 9.411764705882352811e-01 0.000000000000000000e+00 9.734219269102990513e-01 0.000000000000000000e+00 
3.058401308953762054e-02 1.397270709276199341e-01 0.000000000000000000e+00 1.000000000000000000e+00 9.551282051282051766e-01 0.000000000000000000e+00 9.465408805031446660e-01 0.000000000000000000e+00 9.640522875816993631e-01 0.000000000000000000e+00 
2.784086763858795166e-02 1.427053362131118774e-01 0.000000000000000000e+00 1.000000000000000000e+00 9.567307692307692735e-01 0.000000000000000000e+00 9.305135951661631655e-01 0.000000000000000000e+00 9.863481228668942169e-01 0.000000000000000000e+00 
2.495512366294860840e-02 1.367895454168319702e-01 0.000000000000000000e+00 1.000000000000000000e+00 9.567307692307692735e-01 0.000000000000000000e+00 9.357798165137615198e-01 0.000000000000000000e+00 9.797979797979797789e-01 0.000000000000000000e+00 
2.318709716200828552e-02 1.343825012445449829e-01 0.000000000000000000e+00 1.000000000000000000e+00 9.519230769230768718e-01 0.000000000000000000e+00 9.462025316455696666e-01 0.000000000000000000e+00 9.577922077922077504e-01 0.000000000000000000e+00 
2.095598541200160980e-02 1.330213993787765503e-01 0.000000000000000000e+00 1.000000000000000000e+00 9.535256410256410797e-01 0.000000000000000000e+00 9.463722397476340698e-01 0.000000000000000000e+00 9.609120521172638263e-01 0.000000000000000000e+00 
1.991976797580718994e-02 1.328953206539154053e-01 0.000000000000000000e+00 1.000000000000000000e+00 9.519230769230768718e-01 0.000000000000000000e+00 9.433962264150943522e-01 0.000000000000000000e+00 9.607843137254902244e-01 0.000000000000000000e+00 
1.851495169103145599e-02 1.318254172801971436e-01 0.000000000000000000e+00 1.000000000000000000e+00 9.535256410256410797e-01 0.000000000000000000e+00 9.353846153846153699e-01 0.000000000000000000e+00 9.732441471571906533e-01 0.000000000000000000e+00 
1.735471934080123901e-02 1.291202902793884277e-01 0.000000000000000000e+00 1.000000000000000000e+00 9.551282051282051766e-01 0.000000000000000000e+00 9.409937888198758316e-01 0.000000000000000000e+00 9.701986754966887005e-01 0.000000000000000000e+00 
1.639948971569538116e-02 1.314491927623748779e-01 0.000000000000000000e+00 1.000000000000000000e+00 9.535256410256410797e-01 0.000000000000000000e+00 9.492063492063491648e-01 0.000000000000000000e+00 9.579288025889967084e-01 0.000000000000000000e+00 
1.566318236291408539e-02 1.273798346519470215e-01 0.000000000000000000e+00 1.000000000000000000e+00 9.535256410256410797e-01 0.000000000000000000e+00 9.380804953560371029e-01 0.000000000000000000e+00 9.700996677740864049e-01 0.000000000000000000e+00 
1.506645046174526215e-02 1.262820810079574585e-01 0.000000000000000000e+00 1.000000000000000000e+00 9.535256410256410797e-01 0.000000000000000000e+00 9.380804953560371029e-01 0.000000000000000000e+00 9.700996677740864049e-01 0.000000000000000000e+00 
1.575379073619842529e-02 1.255057454109191895e-01 0.000000000000000000e+00 1.000000000000000000e+00 9.535256410256410797e-01 0.000000000000000000e+00 9.380804953560371029e-01 0.000000000000000000e+00 9.700996677740864049e-01 0.000000000000000000e+00 
1.379838399589061737e-02 1.265641599893569946e-01 0.000000000000000000e+00 1.000000000000000000e+00 9.583333333333333703e-01 0.000000000000000000e+00 9.359756097560976151e-01 0.000000000000000000e+00 9.831081081081081141e-01 0.000000000000000000e+00 
1.350704859942197800e-02 1.245663091540336609e-01 0.000000000000000000e+00 1.000000000000000000e+00 9.583333333333333703e-01 0.000000000000000000e+00 9.386503067484662788e-01 0.000000000000000000e+00 9.798657718120805660e-01 0.000000000000000000e+00 
1.297020446509122849e-02 1.343743503093719482e-01 0.000000000000000000e+00 1.000000000000000000e+00 9.599358974358974672e-01 0.000000000000000000e+00 9.309309309309309333e-01 0.000000000000000000e+00 9.931271477663230485e-01 0.000000000000000000e+00 
1.229896955192089081e-02 1.240749508142471313e-01 0.000000000000000000e+00 1.000000000000000000e+00 9.567307692307692735e-01 0.000000000000000000e+00 9.384615384615384581e-01 0.000000000000000000e+00 9.765886287625418216e-01 0.000000000000000000e+00 
1.213152147829532623e-02 1.227061003446578979e-01 0.000000000000000000e+00 1.000000000000000000e+00 9.567307692307692735e-01 0.000000000000000000e+00 9.384615384615384581e-01 0.000000000000000000e+00 9.765886287625418216e-01 0.000000000000000000e+00 
1.166799943894147873e-02 1.227843984961509705e-01 0.000000000000000000e+00 1.000000000000000000e+00 9.567307692307692735e-01 0.000000000000000000e+00 9.384615384615384581e-01 0.000000000000000000e+00 9.765886287625418216e-01 0.000000000000000000e+00 
1.109850034117698669e-02 1.224452406167984009e-01 0.000000000000000000e+00 1.000000000000000000e+00 9.567307692307692735e-01 0.000000000000000000e+00 9.384615384615384581e-01 0.000000000000000000e+00 9.765886287625418216e-01 0.000000000000000000e+00 
1.077389251440763474e-02 1.232148185372352600e-01 0.000000000000000000e+00 1.000000000000000000e+00 9.567307692307692735e-01 0.000000000000000000e+00 9.384615384615384581e-01 0.000000000000000000e+00 9.765886287625418216e-01 0.000000000000000000e+00 
1.092247199267148972e-02 1.229463368654251099e-01 0.000000000000000000e+00 1.000000000000000000e+00 9.567307692307692735e-01 0.000000000000000000e+00 9.384615384615384581e-01 0.000000000000000000e+00 9.765886287625418216e-01 0.000000000000000000e+00 
1.162870507687330246e-02 1.465213149785995483e-01 0.000000000000000000e+00 1.000000000000000000e+00 9.519230769230768718e-01 0.000000000000000000e+00 9.731543624161074213e-01 0.000000000000000000e+00 9.325153374233128289e-01 0.000000000000000000e+00 
1.024049147963523865e-02 1.511743813753128052e-01 0.000000000000000000e+00 1.000000000000000000e+00 9.567307692307692735e-01 0.000000000000000000e+00 9.228486646884273004e-01 0.000000000000000000e+00 9.965156794425087394e-01 0.000000000000000000e+00 
9.902555495500564575e-03 1.283983141183853149e-01 0.000000000000000000e+00 1.000000000000000000e+00 9.599358974358974672e-01 0.000000000000000000e+00 9.335347432024169168e-01 0.000000000000000000e+00 9.897610921501706072e-01 0.000000000000000000e+00 
9.568847715854644775e-03 1.140645742416381836e-01 0.000000000000000000e+00 1.000000000000000000e+00 9.583333333333333703e-01 0.000000000000000000e+00 9.386503067484662788e-01 0.000000000000000000e+00 9.798657718120805660e-01 0.000000000000000000e+00 
9.260555729269981384e-03 1.123068258166313171e-01 0.000000000000000000e+00 1.000000000000000000e+00 9.583333333333333703e-01 0.000000000000000000e+00 9.413580246913579863e-01 0.000000000000000000e+00 9.766666666666666829e-01 0.000000000000000000e+00 
9.129153564572334290e-03 1.125165745615959167e-01 0.000000000000000000e+00 1.000000000000000000e+00 9.583333333333333703e-01 0.000000000000000000e+00 9.386503067484662788e-01 0.000000000000000000e+00 9.798657718120805660e-01 0.000000000000000000e+00 
8.772431872785091400e-03 1.151115968823432922e-01 0.000000000000000000e+00 1.000000000000000000e+00 9.599358974358974672e-01 0.000000000000000000e+00 9.388379204892965957e-01 0.000000000000000000e+00 9.831649831649831306e-01 0.000000000000000000e+00 
8.629553020000457764e-03 1.160560250282287598e-01 0.000000000000000000e+00 1.000000000000000000e+00 9.599358974358974672e-01 0.000000000000000000e+00 9.388379204892965957e-01 0.000000000000000000e+00 9.831649831649831306e-01 0.000000000000000000e+00 
8.421852253377437592e-03 1.156538724899291992e-01 0.000000000000000000e+00 1.000000000000000000e+00 9.615384615384615641e-01 0.000000000000000000e+00 9.390243902439023849e-01 0.000000000000000000e+00 9.864864864864865135e-01 0.000000000000000000e+00 
8.249906823039054871e-03 1.153854951262474060e-01 0.000000000000000000e+00 1.000000000000000000e+00 9.615384615384615641e-01 0.000000000000000000e+00 9.390243902439023849e-01 0.000000000000000000e+00 9.864864864864865135e-01 0.000000000000000000e+00 
8.012024685740470886e-03 1.107542812824249268e-01 0.000000000000000000e+00 1.000000000000000000e+00 9.583333333333333703e-01 0.000000000000000000e+00 9.386503067484662788e-01 0.000000000000000000e+00 9.798657718120805660e-01 0.000000000000000000e+00 
7.897775620222091675e-03 1.099655702710151672e-01 0.000000000000000000e+00 1.000000000000000000e+00 9.583333333333333703e-01 0.000000000000000000e+00 9.386503067484662788e-01 0.000000000000000000e+00 9.798657718120805660e-01 0.000000000000000000e+00 
7.997390814125537872e-03 1.571589708328247070e-01 0.000000000000000000e+00 1.000000000000000000e+00 9.583333333333333703e-01 0.000000000000000000e+00 9.230769230769231282e-01 0.000000000000000000e+00 1.000000000000000000e+00 0.000000000000000000e+00 
7.755952887237071991e-03 1.497713476419448853e-01 0.000000000000000000e+00 1.000000000000000000e+00 9.583333333333333703e-01 0.000000000000000000e+00 9.255952380952381375e-01 0.000000000000000000e+00 9.965277777777777901e-01 0.000000000000000000e+00 
7.394641637802124023e-03 1.260223239660263062e-01 0.000000000000000000e+00 1.000000000000000000e+00 9.599358974358974672e-01 0.000000000000000000e+00 9.335347432024169168e-01 0.000000000000000000e+00 9.897610921501706072e-01 0.000000000000000000e+00 
7.216620258986949921e-03 1.176369786262512207e-01 0.000000000000000000e+00 1.000000000000000000e+00 9.615384615384615641e-01 0.000000000000000000e+00 9.363636363636363980e-01 0.000000000000000000e+00 9.897959183673469274e-01 0.000000000000000000e+00 
7.015080656856298447e-03 1.167214512825012207e-01 0.000000000000000000e+00 1.000000000000000000e+00 9.615384615384615641e-01 0.000000000000000000e+00 9.363636363636363980e-01 0.000000000000000000e+00 9.897959183673469274e-01 0.000000000000000000e+00 
6.904091686010360718e-03 1.246969550848007202e-01 0.000000000000000000e+00 1.000000000000000000e+00 9.599358974358974672e-01 0.000000000000000000e+00 9.335347432024169168e-01 0.000000000000000000e+00 9.897610921501706072e-01 0.000000000000000000e+00 
6.863170303404331207e-03 1.304984688758850098e-01 0.000000000000000000e+00 1.000000000000000000e+00 9.583333333333333703e-01 0.000000000000000000e+00 9.307228915662650870e-01 0.000000000000000000e+00 9.897260273972602329e-01 0.000000000000000000e+00 
6.647321395576000214e-03 1.227279081940650940e-01 0.000000000000000000e+00 1.000000000000000000e+00 9.599358974358974672e-01 0.000000000000000000e+00 9.335347432024169168e-01 0.000000000000000000e+00 9.897610921501706072e-01 0.000000000000000000e+00 
6.600548513233661652e-03 1.173667684197425842e-01 0.000000000000000000e+00 1.000000000000000000e+00 9.615384615384615641e-01 0.000000000000000000e+00 9.363636363636363980e-01 0.000000000000000000e+00 9.897959183673469274e-01 0.000000000000000000e+00 
6.443945690989494324e-03 1.175888851284980774e-01 0.000000000000000000e+00 1.000000000000000000e+00 9.615384615384615641e-01 0.000000000000000000e+00 9.363636363636363980e-01 0.000000000000000000e+00 9.897959183673469274e-01 0.000000000000000000e+00 
6.332311779260635376e-03 1.177743300795555115e-01 0.000000000000000000e+00 1.000000000000000000e+00 9.615384615384615641e-01 0.000000000000000000e+00 9.363636363636363980e-01 0.000000000000000000e+00 9.897959183673469274e-01 0.000000000000000000e+00 
6.148925982415676117e-03 1.171093732118606567e-01 0.000000000000000000e+00 1.000000000000000000e+00 9.615384615384615641e-01 0.000000000000000000e+00 9.363636363636363980e-01 0.000000000000000000e+00 9.897959183673469274e-01 0.000000000000000000e+00 
6.087037734687328339e-03 1.170333474874496460e-01 0.000000000000000000e+00 1.000000000000000000e+00 9.615384615384615641e-01 0.000000000000000000e+00 9.363636363636363980e-01 0.000000000000000000e+00 9.897959183673469274e-01 0.000000000000000000e+00 
5.882302299141883850e-03 1.188965961337089539e-01 0.000000000000000000e+00 1.000000000000000000e+00 9.615384615384615641e-01 0.000000000000000000e+00 9.363636363636363980e-01 0.000000000000000000e+00 9.897959183673469274e-01 0.000000000000000000e+00 
5.843080114573240280e-03 1.185181364417076111e-01 0.000000000000000000e+00 1.000000000000000000e+00 9.615384615384615641e-01 0.000000000000000000e+00 9.363636363636363980e-01 0.000000000000000000e+00 9.897959183673469274e-01 0.000000000000000000e+00 
5.697887390851974487e-03 1.167175844311714172e-01 0.000000000000000000e+00 1.000000000000000000e+00 9.615384615384615641e-01 0.000000000000000000e+00 9.363636363636363980e-01 0.000000000000000000e+00 9.897959183673469274e-01 0.000000000000000000e+00 
5.648150108754634857e-03 1.155663430690765381e-01 0.000000000000000000e+00 1.000000000000000000e+00 9.615384615384615641e-01 0.000000000000000000e+00 9.363636363636363980e-01 0.000000000000000000e+00 9.897959183673469274e-01 0.000000000000000000e+00 
5.468361079692840576e-03 1.136794462800025940e-01 0.000000000000000000e+00 1.000000000000000000e+00 9.615384615384615641e-01 0.000000000000000000e+00 9.363636363636363980e-01 0.000000000000000000e+00 9.897959183673469274e-01 0.000000000000000000e+00 
5.492392927408218384e-03 1.125593557953834534e-01 0.000000000000000000e+00 1.000000000000000000e+00 9.615384615384615641e-01 0.000000000000000000e+00 9.363636363636363980e-01 0.000000000000000000e+00 9.897959183673469274e-01 0.000000000000000000e+00 
5.308156367391347885e-03 1.122845187783241272e-01 0.000000000000000000e+00 1.000000000000000000e+00 9.615384615384615641e-01 0.000000000000000000e+00 9.363636363636363980e-01 0.000000000000000000e+00 9.897959183673469274e-01 0.000000000000000000e+00 
5.241570994257926941e-03 1.143438145518302917e-01 0.000000000000000000e+00 1.000000000000000000e+00 9.615384615384615641e-01 0.000000000000000000e+00 9.363636363636363980e-01 0.000000000000000000e+00 9.897959183673469274e-01 0.000000000000000000e+00 
5.271879956126213074e-03 1.193012818694114685e-01 0.000000000000000000e+00 1.000000000000000000e+00 9.615384615384615641e-01 0.000000000000000000e+00 9.363636363636363980e-01 0.000000000000000000e+00 9.897959183673469274e-01 0.000000000000000000e+00 
5.033468827605247498e-03 1.189560294151306152e-01 0.000000000000000000e+00 1.000000000000000000e+00 9.615384615384615641e-01 0.000000000000000000e+00 9.363636363636363980e-01 0.000000000000000000e+00 9.897959183673469274e-01 0.000000000000000000e+00 
5.000864155590534210e-03 1.165440306067466736e-01 0.000000000000000000e+00 1.000000000000000000e+00 9.615384615384615641e-01 0.000000000000000000e+00 9.363636363636363980e-01 0.000000000000000000e+00 9.897959183673469274e-01 0.000000000000000000e+00 
4.955518059432506561e-03 1.147263646125793457e-01 0.000000000000000000e+00 1.000000000000000000e+00 9.615384615384615641e-01 0.000000000000000000e+00 9.363636363636363980e-01 0.000000000000000000e+00 9.897959183673469274e-01 0.000000000000000000e+00 
4.803719464689493179e-03 1.142365261912345886e-01 0.000000000000000000e+00 1.000000000000000000e+00 9.615384615384615641e-01 0.000000000000000000e+00 9.363636363636363980e-01 0.000000000000000000e+00 9.897959183673469274e-01 0.000000000000000000e+00 
4.764059558510780334e-03 1.147294640541076660e-01 0.000000000000000000e+00 1.000000000000000000e+00 9.615384615384615641e-01 0.000000000000000000e+00 9.363636363636363980e-01 0.000000000000000000e+00 9.897959183673469274e-01 0.000000000000000000e+00 
4.657593555748462677e-03 1.090121269226074219e-01 0.000000000000000000e+00 1.000000000000000000e+00 9.647435897435897578e-01 0.000000000000000000e+00 9.420731707317072656e-01 0.000000000000000000e+00 9.898648648648649129e-01 0.000000000000000000e+00 
4.589589312672615051e-03 1.102149412035942078e-01 0.000000000000000000e+00 1.000000000000000000e+00 9.615384615384615641e-01 0.000000000000000000e+00 9.363636363636363980e-01 0.000000000000000000e+00 9.897959183673469274e-01 0.000000000000000000e+00 
4.503520205616950989e-03 1.163655593991279602e-01 0.000000000000000000e+00 1.000000000000000000e+00 9.631410256410256610e-01 0.000000000000000000e+00 9.365558912386706680e-01 0.000000000000000000e+00 9.931740614334471084e-01 0.000000000000000000e+00 
4.414837807416915894e-03 1.148137301206588745e-01 0.000000000000000000e+00 1.000000000000000000e+00 9.631410256410256610e-01 0.000000000000000000e+00 9.365558912386706680e-01 0.000000000000000000e+00 9.931740614334471084e-01 0.000000000000000000e+00 
4.368861205875873566e-03 1.103882417082786560e-01 0.000000000000000000e+00 1.000000000000000000e+00 9.615384615384615641e-01 0.000000000000000000e+00 9.363636363636363980e-01 0.000000000000000000e+00 9.897959183673469274e-01 0.000000000000000000e+00 
4.370888695120811462e-03 1.075257286429405212e-01 0.000000000000000000e+00 1.000000000000000000e+00 9.631410256410256610e-01 0.000000000000000000e+00 9.392097264437689885e-01 0.000000000000000000e+00 9.898305084745763205e-01 0.000000000000000000e+00 
4.290245007723569870e-03 1.061604321002960205e-01 0.000000000000000000e+00 1.000000000000000000e+00 9.631410256410256610e-01 0.000000000000000000e+00 9.392097264437689885e-01 0.000000000000000000e+00 9.898305084745763205e-01 0.000000000000000000e+00 
4.175529815256595612e-03 1.078447699546813965e-01 0.000000000000000000e+00 1.000000000000000000e+00 9.631410256410256610e-01 0.000000000000000000e+00 9.392097264437689885e-01 0.000000000000000000e+00 9.898305084745763205e-01 0.000000000000000000e+00 
4.138082731515169144e-03 1.075123623013496399e-01 0.000000000000000000e+00 1.000000000000000000e+00 9.631410256410256610e-01 0.000000000000000000e+00 9.392097264437689885e-01 0.000000000000000000e+00 9.898305084745763205e-01 0.000000000000000000e+00 
4.032885655760765076e-03 1.091830953955650330e-01 0.000000000000000000e+00 1.000000000000000000e+00 9.631410256410256610e-01 0.000000000000000000e+00 9.365558912386706680e-01 0.000000000000000000e+00 9.931740614334471084e-01 0.000000000000000000e+00 
3.954469691962003708e-03 1.097939461469650269e-01 0.000000000000000000e+00 1.000000000000000000e+00 9.647435897435897578e-01 0.000000000000000000e+00 9.367469879518072196e-01 0.000000000000000000e+00 9.965753424657534110e-01 0.000000000000000000e+00 
3.956734668463468552e-03 1.097582653164863586e-01 0.000000000000000000e+00 1.000000000000000000e+00 9.647435897435897578e-01 0.000000000000000000e+00 9.367469879518072196e-01 0.000000000000000000e+00 9.965753424657534110e-01 0.000000000000000000e+00 
3.847512882202863693e-03 1.073326244950294495e-01 0.000000000000000000e+00 1.000000000000000000e+00 9.663461538461538547e-01 0.000000000000000000e+00 9.395770392749244193e-01 0.000000000000000000e+00 9.965870307167234987e-01 0.000000000000000000e+00 
3.872698871418833733e-03 1.043386831879615784e-01 0.000000000000000000e+00 1.000000000000000000e+00 9.647435897435897578e-01 0.000000000000000000e+00 9.393939393939394478e-01 0.000000000000000000e+00 9.931972789115646183e-01 0.000000000000000000e+00 
3.795799333602190018e-03 1.066200658679008484e-01 0.000000000000000000e+00 1.000000000000000000e+00 9.663461538461538547e-01 0.000000000000000000e+00 9.395770392749244193e-01 0.000000000000000000e+00 9.965870307167234987e-01 0.000000000000000000e+00 
3.814012277871370316e-03 1.009176373481750488e-01 0.000000000000000000e+00 1.000000000000000000e+00 9.663461538461538547e-01 0.000000000000000000e+00 9.395770392749244193e-01 0.000000000000000000e+00 9.965870307167234987e-01 0.000000000000000000e+00 
3.716884879395365715e-03 9.958936274051666260e-02 0.000000000000000000e+00 1.000000000000000000e+00 9.679487179487179516e-01 0.000000000000000000e+00 9.424242424242423866e-01 0.000000000000000000e+00 9.965986394557823091e-01 0.000000000000000000e+00 
3.638923866674304008e-03 1.048305258154869080e-01 0.000000000000000000e+00 1.000000000000000000e+00 9.663461538461538547e-01 0.000000000000000000e+00 9.395770392749244193e-01 0.000000000000000000e+00 9.965870307167234987e-01 0.000000000000000000e+00 
3.602490527555346489e-03 1.091639921069145203e-01 0.000000000000000000e+00 1.000000000000000000e+00 9.647435897435897578e-01 0.000000000000000000e+00 9.367469879518072196e-01 0.000000000000000000e+00 9.965753424657534110e-01 0.000000000000000000e+00 
3.570426953956484795e-03 1.099678948521614075e-01 0.000000000000000000e+00 1.000000000000000000e+00 9.663461538461538547e-01 0.000000000000000000e+00 9.369369369369369149e-01 0.000000000000000000e+00 1.000000000000000000e+00 0.000000000000000000e+00 
3.503543790429830551e-03 1.103664562106132507e-01 0.000000000000000000e+00 1.000000000000000000e+00 9.663461538461538547e-01 0.000000000000000000e+00 9.369369369369369149e-01 0.000000000000000000e+00 1.000000000000000000e+00 0.000000000000000000e+00 
3.415168961510062218e-03 1.045126542448997498e-01 0.000000000000000000e+00 1.000000000000000000e+00 9.663461538461538547e-01 0.000000000000000000e+00 9.395770392749244193e-01 0.000000000000000000e+00 9.965870307167234987e-01 0.000000000000000000e+00 
3.367989789694547653e-03 1.038459390401840210e-01 0.000000000000000000e+00 1.000000000000000000e+00 9.663461538461538547e-01 0.000000000000000000e+00 9.395770392749244193e-01 0.000000000000000000e+00 9.965870307167234987e-01 0.000000000000000000e+00 
3.369171172380447388e-03 1.033379286527633667e-01 0.000000000000000000e+00 1.000000000000000000e+00 9.663461538461538547e-01 0.000000000000000000e+00 9.395770392749244193e-01 0.000000000000000000e+00 9.965870307167234987e-01 0.000000000000000000e+00 
3.265346400439739227e-03 1.040113419294357300e-01 0.000000000000000000e+00 1.000000000000000000e+00 9.663461538461538547e-01 0.000000000000000000e+00 9.395770392749244193e-01 0.000000000000000000e+00 9.965870307167234987e-01 0.000000000000000000e+00 
3.326263278722763062e-03 1.044983491301536560e-01 0.000000000000000000e+00 1.000000000000000000e+00 9.679487179487179516e-01 0.000000000000000000e+00 9.397590361445783413e-01 0.000000000000000000e+00 1.000000000000000000e+00 0.000000000000000000e+00 
3.221035003662109375e-03 1.033841446042060852e-01 0.000000000000000000e+00 1.000000000000000000e+00 9.663461538461538547e-01 0.000000000000000000e+00 9.395770392749244193e-01 0.000000000000000000e+00 9.965870307167234987e-01 0.000000000000000000e+00 
3.165841102600097656e-03 1.030565649271011353e-01 0.000000000000000000e+00 1.000000000000000000e+00 9.679487179487179516e-01 0.000000000000000000e+00 9.397590361445783413e-01 0.000000000000000000e+00 1.000000000000000000e+00 0.000000000000000000e+00 
3.116839332506060600e-03 1.029411852359771729e-01 0.000000000000000000e+00 1.000000000000000000e+00 9.679487179487179516e-01 0.000000000000000000e+00 9.397590361445783413e-01 0.000000000000000000e+00 1.000000000000000000e+00 0.000000000000000000e+00 
3.088109893724322319e-03 1.031503230333328247e-01 0.000000000000000000e+00 1.000000000000000000e+00 9.679487179487179516e-01 0.000000000000000000e+00 9.397590361445783413e-01 0.000000000000000000e+00 1.000000000000000000e+00 0.000000000000000000e+00 
3.037993563339114189e-03 1.029686555266380310e-01 0.000000000000000000e+00 1.000000000000000000e+00 9.679487179487179516e-01 0.000000000000000000e+00 9.397590361445783413e-01 0.000000000000000000e+00 1.000000000000000000e+00 0.000000000000000000e+00 
3.004244994372129440e-03 1.034613177180290222e-01 0.000000000000000000e+00 1.000000000000000000e+00 9.679487179487179516e-01 0.000000000000000000e+00 9.397590361445783413e-01 0.000000000000000000e+00 1.000000000000000000e+00 0.000000000000000000e+00 
2.960006240755319595e-03 1.053185388445854187e-01 0.000000000000000000e+00 1.000000000000000000e+00 9.679487179487179516e-01 0.000000000000000000e+00 9.397590361445783413e-01 0.000000000000000000e+00 1.000000000000000000e+00 0.000000000000000000e+00 
2.961607649922370911e-03 1.049099192023277283e-01 0.000000000000000000e+00 1.000000000000000000e+00 9.679487179487179516e-01 0.000000000000000000e+00 9.397590361445783413e-01 0.000000000000000000e+00 1.000000000000000000e+00 0.000000000000000000e+00 
2.858876716345548630e-03 1.031707003712654114e-01 0.000000000000000000e+00 1.000000000000000000e+00 9.679487179487179516e-01 0.000000000000000000e+00 9.397590361445783413e-01 0.000000000000000000e+00 1.000000000000000000e+00 0.000000000000000000e+00 
2.862714696675539017e-03 1.048255562782287598e-01 0.000000000000000000e+00 1.000000000000000000e+00 9.679487179487179516e-01 0.000000000000000000e+00 9.397590361445783413e-01 0.000000000000000000e+00 1.000000000000000000e+00 0.000000000000000000e+00 
2.826147247105836868e-03 1.085680723190307617e-01 0.000000000000000000e+00 1.000000000000000000e+00 9.679487179487179516e-01 0.000000000000000000e+00 9.397590361445783413e-01 0.000000000000000000e+00 1.000000000000000000e+00 0.000000000000000000e+00 
2.769747516140341759e-03 1.076775193214416504e-01 0.000000000000000000e+00 1.000000000000000000e+00 9.679487179487179516e-01 0.000000000000000000e+00 9.397590361445783413e-01 0.000000000000000000e+00 1.000000000000000000e+00 0.000000000000000000e+00 
2.814625157043337822e-03 1.058708578348159790e-01 0.000000000000000000e+00 1.000000000000000000e+00 9.679487179487179516e-01 0.000000000000000000e+00 9.397590361445783413e-01 0.000000000000000000e+00 1.000000000000000000e+00 0.000000000000000000e+00 
2.748154103755950928e-03 1.038407310843467712e-01 0.000000000000000000e+00 1.000000000000000000e+00 9.679487179487179516e-01 0.000000000000000000e+00 9.397590361445783413e-01 0.000000000000000000e+00 1.000000000000000000e+00 0.000000000000000000e+00 
2.689516637474298477e-03 1.040136143565177917e-01 0.000000000000000000e+00 1.000000000000000000e+00 9.679487179487179516e-01 0.000000000000000000e+00 9.397590361445783413e-01 0.000000000000000000e+00 1.000000000000000000e+00 0.000000000000000000e+00 
2.688746899366378784e-03 1.066227182745933533e-01 0.000000000000000000e+00 1.000000000000000000e+00 9.679487179487179516e-01 0.000000000000000000e+00 9.397590361445783413e-01 0.000000000000000000e+00 1.000000000000000000e+00 0.000000000000000000e+00 
2.661313395947217941e-03 1.073021441698074341e-01 0.000000000000000000e+00 1.000000000000000000e+00 9.679487179487179516e-01 0.000000000000000000e+00 9.397590361445783413e-01 0.000000000000000000e+00 1.000000000000000000e+00 0.000000000000000000e+00 
2.594401827082037926e-03 1.056485325098037720e-01 0.000000000000000000e+00 1.000000000000000000e+00 9.679487179487179516e-01 0.000000000000000000e+00 9.397590361445783413e-01 0.000000000000000000e+00 1.000000000000000000e+00 0.000000000000000000e+00 
2.591278403997421265e-03 1.057663187384605408e-01 0.000000000000000000e+00 1.000000000000000000e+00 9.679487179487179516e-01 0.000000000000000000e+00 9.397590361445783413e-01 0.000000000000000000e+00 1.000000000000000000e+00 0.000000000000000000e+00 
2.522455528378486633e-03 1.060239821672439575e-01 0.000000000000000000e+00 1.000000000000000000e+00 9.679487179487179516e-01 0.000000000000000000e+00 9.397590361445783413e-01 0.000000000000000000e+00 1.000000000000000000e+00 0.000000000000000000e+00 
2.495914697647094727e-03 1.046568080782890320e-01 0.000000000000000000e+00 1.000000000000000000e+00 9.679487179487179516e-01 0.000000000000000000e+00 9.397590361445783413e-01 0.000000000000000000e+00 1.000000000000000000e+00 0.000000000000000000e+00 
2.462955890223383904e-03 1.038932576775550842e-01 0.000000000000000000e+00 1.000000000000000000e+00 9.695512820512820484e-01 0.000000000000000000e+00 9.425981873111782816e-01 0.000000000000000000e+00 1.000000000000000000e+00 0.000000000000000000e+00 
2.457550494000315666e-03 1.048634126782417297e-01 0.000000000000000000e+00 1.000000000000000000e+00 9.695512820512820484e-01 0.000000000000000000e+00 9.425981873111782816e-01 0.000000000000000000e+00 1.000000000000000000e+00 0.000000000000000000e+00 
2.432778943330049515e-03 1.050573736429214478e-01 0.000000000000000000e+00 1.000000000000000000e+00 9.695512820512820484e-01 0.000000000000000000e+00 9.425981873111782816e-01 0.000000000000000000e+00 1.000000000000000000e+00 0.000000000000000000e+00 
2.379409037530422211e-03 1.067151278257369995e-01 0.000000000000000000e+00 1.000000000000000000e+00 9.679487179487179516e-01 0.000000000000000000e+00 9.397590361445783413e-01 0.000000000000000000e+00 1.000000000000000000e+00 0.000000000000000000e+00 
2.374232513830065727e-03 1.069707423448562622e-01 0.000000000000000000e+00 1.000000000000000000e+00 9.679487179487179516e-01 0.000000000000000000e+00 9.397590361445783413e-01 0.000000000000000000e+00 1.000000000000000000e+00 0.000000000000000000e+00 
2.355057513341307640e-03 1.064742505550384521e-01 0.000000000000000000e+00 1.000000000000000000e+00 9.679487179487179516e-01 0.000000000000000000e+00 9.397590361445783413e-01 0.000000000000000000e+00 1.000000000000000000e+00 0.000000000000000000e+00 
2.306690206751227379e-03 1.045782417058944702e-01 0.000000000000000000e+00 1.000000000000000000e+00 9.679487179487179516e-01 0.000000000000000000e+00 9.397590361445783413e-01 0.000000000000000000e+00 1.000000000000000000e+00 0.000000000000000000e+00 
2.274753060191869736e-03 1.030516251921653748e-01 0.000000000000000000e+00 1.000000000000000000e+00 9.679487179487179516e-01 0.000000000000000000e+00 9.397590361445783413e-01 0.000000000000000000e+00 1.000000000000000000e+00 0.000000000000000000e+00 
2.253995044156908989e-03 1.048280075192451477e-01 0.000000000000000000e+00 1.000000000000000000e+00 9.679487179487179516e-01 0.000000000000000000e+00 9.397590361445783413e-01 0.000000000000000000e+00 1.000000000000000000e+00 0.000000000000000000e+00 
2.283403417095541954e-03 1.041507273912429810e-01 0.000000000000000000e+00 1.000000000000000000e+00 9.679487179487179516e-01 0.000000000000000000e+00 9.397590361445783413e-01 0.000000000000000000e+00 1.000000000000000000e+00 0.000000000000000000e+00 
2.202570438385009766e-03 1.039595752954483032e-01 0.000000000000000000e+00 1.000000000000000000e+00 9.679487179487179516e-01 0.000000000000000000e+00 9.397590361445783413e-01 0.000000000000000000e+00 1.000000000000000000e+00 0.000000000000000000e+00 
2.297487808391451836e-03 1.050731837749481201e-01 0.000000000000000000e+00 1.000000000000000000e+00 9.679487179487179516e-01 0.000000000000000000e+00 9.397590361445783413e-01 0.000000000000000000e+00 1.000000000000000000e+00 0.000000000000000000e+00 
2.155237831175327301e-03 1.088722422719001770e-01 0.000000000000000000e+00 1.000000000000000000e+00 9.679487179487179516e-01 0.000000000000000000e+00 9.397590361445783413e-01 0.000000000000000000e+00 1.000000000000000000e+00 0.000000000000000000e+00 
2.135253511369228363e-03 1.071144044399261475e-01 0.000000000000000000e+00 1.000000000000000000e+00 9.679487179487179516e-01 0.000000000000000000e+00 9.397590361445783413e-01 0.000000000000000000e+00 1.000000000000000000e+00 0.000000000000000000e+00 
2.101732417941093445e-03 1.051755845546722412e-01 0.000000000000000000e+00 1.000000000000000000e+00 9.679487179487179516e-01 0.000000000000000000e+00 9.397590361445783413e-01 0.000000000000000000e+00 1.000000000000000000e+00 0.000000000000000000e+00 
2.076745731756091118e-03 1.049029082059860229e-01 0.000000000000000000e+00 1.000000000000000000e+00 9.695512820512820484e-01 0.000000000000000000e+00 9.425981873111782816e-01 0.000000000000000000e+00 1.000000000000000000e+00 0.000000000000000000e+00 
2.074337331578135490e-03 1.048708558082580566e-01 0.000000000000000000e+00 1.000000000000000000e+00 9.695512820512820484e-01 0.000000000000000000e+00 9.425981873111782816e-01 0.000000000000000000e+00 1.000000000000000000e+00 0.000000000000000000e+00 
2.023280598223209381e-03 1.030765175819396973e-01 0.000000000000000000e+00 1.000000000000000000e+00 9.695512820512820484e-01 0.000000000000000000e+00 9.425981873111782816e-01 0.000000000000000000e+00 1.000000000000000000e+00 0.000000000000000000e+00 
2.010687487199902534e-03 1.024997532367706299e-01 0.000000000000000000e+00 1.000000000000000000e+00 9.695512820512820484e-01 0.000000000000000000e+00 9.425981873111782816e-01 0.000000000000000000e+00 1.000000000000000000e+00 0.000000000000000000e+00 
1.984530128538608551e-03 1.026733964681625366e-01 0.000000000000000000e+00 1.000000000000000000e+00 9.695512820512820484e-01 0.000000000000000000e+00 9.425981873111782816e-01 0.000000000000000000e+00 1.000000000000000000e+00 0.000000000000000000e+00 
1.978468382731080055e-03 1.020053327083587646e-01 0.000000000000000000e+00 1.000000000000000000e+00 9.695512820512820484e-01 0.000000000000000000e+00 9.425981873111782816e-01 0.000000000000000000e+00 1.000000000000000000e+00 0.000000000000000000e+00 
1.932293991558253765e-03 1.021867692470550537e-01 0.000000000000000000e+00 1.000000000000000000e+00 9.695512820512820484e-01 0.000000000000000000e+00 9.425981873111782816e-01 0.000000000000000000e+00 1.000000000000000000e+00 0.000000000000000000e+00 
1.926655881106853485e-03 1.015493124723434448e-01 0.000000000000000000e+00 1.000000000000000000e+00 9.695512820512820484e-01 0.000000000000000000e+00 9.425981873111782816e-01 0.000000000000000000e+00 1.000000000000000000e+00 0.000000000000000000e+00 
1.901703188195824623e-03 1.021125167608261108e-01 0.000000000000000000e+00 1.000000000000000000e+00 9.695512820512820484e-01 0.000000000000000000e+00 9.425981873111782816e-01 0.000000000000000000e+00 1.000000000000000000e+00 0.000000000000000000e+00 
1.892920583486557007e-03 1.001541614532470703e-01 0.000000000000000000e+00 1.000000000000000000e+00 9.711538461538461453e-01 0.000000000000000000e+00 9.454545454545454364e-01 0.000000000000000000e+00 1.000000000000000000e+00 0.000000000000000000e+00 
1.893662847578525543e-03 1.004900932312011719e-01 0.000000000000000000e+00 1.000000000000000000e+00 9.711538461538461453e-01 0.000000000000000000e+00 9.454545454545454364e-01 0.000000000000000000e+00 1.000000000000000000e+00 0.000000000000000000e+00 
1.845507416874170303e-03 1.017831489443778992e-01 0.000000000000000000e+00 1.000000000000000000e+00 9.711538461538461453e-01 0.000000000000000000e+00 9.454545454545454364e-01 0.000000000000000000e+00 1.000000000000000000e+00 0.000000000000000000e+00 
1.818489981815218925e-03 1.028926447033882141e-01 0.000000000000000000e+00 1.000000000000000000e+00 9.711538461538461453e-01 0.000000000000000000e+00 9.454545454545454364e-01 0.000000000000000000e+00 1.000000000000000000e+00 0.000000000000000000e+00 
1.802019076421856880e-03 1.038440093398094177e-01 0.000000000000000000e+00 1.000000000000000000e+00 9.711538461538461453e-01 0.000000000000000000e+00 9.454545454545454364e-01 0.000000000000000000e+00 1.000000000000000000e+00 0.000000000000000000e+00 
1.755173550918698311e-03 1.026861593127250671e-01 0.000000000000000000e+00 1.000000000000000000e+00 9.711538461538461453e-01 0.000000000000000000e+00 9.454545454545454364e-01 0.000000000000000000e+00 1.000000000000000000e+00 0.000000000000000000e+00 
1.832898939028382301e-03 1.025244146585464478e-01 0.000000000000000000e+00 1.000000000000000000e+00 9.711538461538461453e-01 0.000000000000000000e+00 9.454545454545454364e-01 0.000000000000000000e+00 1.000000000000000000e+00 0.000000000000000000e+00 
1.754801138304173946e-03 1.045541539788246155e-01 0.000000000000000000e+00 1.000000000000000000e+00 9.695512820512820484e-01 0.000000000000000000e+00 9.425981873111782816e-01 0.000000000000000000e+00 1.000000000000000000e+00 0.000000000000000000e+00 
1.748981769196689129e-03 1.034202128648757935e-01 0.000000000000000000e+00 1.000000000000000000e+00 9.711538461538461453e-01 0.000000000000000000e+00 9.454545454545454364e-01 0.000000000000000000e+00 1.000000000000000000e+00 0.000000000000000000e+00 
1.707776216790080070e-03 1.027387008070945740e-01 0.000000000000000000e+00 1.000000000000000000e+00 9.711538461538461453e-01 0.000000000000000000e+00 9.454545454545454364e-01 0.000000000000000000e+00 1.000000000000000000e+00 0.000000000000000000e+00 
1.704028807580471039e-03 1.023550257086753845e-01 0.000000000000000000e+00 1.000000000000000000e+00 9.711538461538461453e-01 0.000000000000000000e+00 9.454545454545454364e-01 0.000000000000000000e+00 1.000000000000000000e+00 0.000000000000000000e+00 
1.674034632742404938e-03 1.025081947445869446e-01 0.000000000000000000e+00 1.000000000000000000e+00 9.711538461538461453e-01 0.000000000000000000e+00 9.454545454545454364e-01 0.000000000000000000e+00 1.000000000000000000e+00 0.000000000000000000e+00 
1.638474641367793083e-03 1.028467863798141479e-01 0.000000000000000000e+00 1.000000000000000000e+00 9.711538461538461453e-01 0.000000000000000000e+00 9.454545454545454364e-01 0.000000000000000000e+00 1.000000000000000000e+00 0.000000000000000000e+00 
1.642429037019610405e-03 1.036531776189804077e-01 0.000000000000000000e+00 1.000000000000000000e+00 9.711538461538461453e-01 0.000000000000000000e+00 9.454545454545454364e-01 0.000000000000000000e+00 1.000000000000000000e+00 0.000000000000000000e+00 
1.617920934222638607e-03 1.040050238370895386e-01 0.000000000000000000e+00 1.000000000000000000e+00 9.711538461538461453e-01 0.000000000000000000e+00 9.454545454545454364e-01 0.000000000000000000e+00 1.000000000000000000e+00 0.000000000000000000e+00 
1.613328699022531509e-03 1.034529507160186768e-01 0.000000000000000000e+00 1.000000000000000000e+00 9.711538461538461453e-01 0.000000000000000000e+00 9.454545454545454364e-01 0.000000000000000000e+00 1.000000000000000000e+00 0.000000000000000000e+00 
1.588430255651473999e-03 1.043920740485191345e-01 0.000000000000000000e+00 1.000000000000000000e+00 9.711538461538461453e-01 0.000000000000000000e+00 9.454545454545454364e-01 0.000000000000000000e+00 1.000000000000000000e+00 0.000000000000000000e+00 
1.568509032949805260e-03 1.067246049642562866e-01 0.000000000000000000e+00 1.000000000000000000e+00 9.711538461538461453e-01 0.000000000000000000e+00 9.454545454545454364e-01 0.000000000000000000e+00 1.000000000000000000e+00 0.000000000000000000e+00 
1.553512178361415863e-03 1.073738411068916321e-01 0.000000000000000000e+00 1.000000000000000000e+00 9.711538461538461453e-01 0.000000000000000000e+00 9.454545454545454364e-01 0.000000000000000000e+00 1.000000000000000000e+00 0.000000000000000000e+00 
1.548156375065445900e-03 1.061753779649734497e-01 0.000000000000000000e+00 1.000000000000000000e+00 9.711538461538461453e-01 0.000000000000000000e+00 9.454545454545454364e-01 0.000000000000000000e+00 1.000000000000000000e+00 0.000000000000000000e+00 
1.527108484879136086e-03 1.067299768328666687e-01 0.000000000000000000e+00 1.000000000000000000e+00 9.711538461538461453e-01 0.000000000000000000e+00 9.454545454545454364e-01 0.000000000000000000e+00 1.000000000000000000e+00 0.000000000000000000e+00 
1.503308652900159359e-03 1.073595434427261353e-01 0.000000000000000000e+00 1.000000000000000000e+00 9.711538461538461453e-01 0.000000000000000000e+00 9.454545454545454364e-01 0.000000000000000000e+00 1.000000000000000000e+00 0.000000000000000000e+00 
1.480262260884046555e-03 1.065243110060691833e-01 0.000000000000000000e+00 1.000000000000000000e+00 9.711538461538461453e-01 0.000000000000000000e+00 9.454545454545454364e-01 0.000000000000000000e+00 1.000000000000000000e+00 0.000000000000000000e+00 
1.473665237426757812e-03 1.067111715674400330e-01 0.000000000000000000e+00 1.000000000000000000e+00 9.711538461538461453e-01 0.000000000000000000e+00 9.454545454545454364e-01 0.000000000000000000e+00 1.000000000000000000e+00 0.000000000000000000e+00 
1.458122394979000092e-03 1.060383915901184082e-01 0.000000000000000000e+00 1.000000000000000000e+00 9.711538461538461453e-01 0.000000000000000000e+00 9.454545454545454364e-01 0.000000000000000000e+00 1.000000000000000000e+00 0.000000000000000000e+00 
1.443532761186361313e-03 1.047859117388725281e-01 0.000000000000000000e+00 1.000000000000000000e+00 9.711538461538461453e-01 0.000000000000000000e+00 9.454545454545454364e-01 0.000000000000000000e+00 1.000000000000000000e+00 0.000000000000000000e+00 
1.430386677384376526e-03 1.045996099710464478e-01 0.000000000000000000e+00 1.000000000000000000e+00 9.711538461538461453e-01 0.000000000000000000e+00 9.454545454545454364e-01 0.000000000000000000e+00 1.000000000000000000e+00 0.000000000000000000e+00 
1.409925287589430809e-03 1.043994501233100891e-01 0.000000000000000000e+00 1.000000000000000000e+00 9.711538461538461453e-01 0.000000000000000000e+00 9.454545454545454364e-01 0.000000000000000000e+00 1.000000000000000000e+00 0.000000000000000000e+00 
1.400840817950665951e-03 1.047403886914253235e-01 0.000000000000000000e+00 1.000000000000000000e+00 9.711538461538461453e-01 0.000000000000000000e+00 9.454545454545454364e-01 0.000000000000000000e+00 1.000000000000000000e+00 0.000000000000000000e+00 
1.386270625516772270e-03 1.047506481409072876e-01 0.000000000000000000e+00 1.000000000000000000e+00 9.711538461538461453e-01 0.000000000000000000e+00 9.454545454545454364e-01 0.000000000000000000e+00 1.000000000000000000e+00 0.000000000000000000e+00 
1.381744397804141045e-03 1.054160073399543762e-01 0.000000000000000000e+00 1.000000000000000000e+00 9.711538461538461453e-01 0.000000000000000000e+00 9.454545454545454364e-01 0.000000000000000000e+00 1.000000000000000000e+00 0.000000000000000000e+00 
1.355475513264536858e-03 1.058256551623344421e-01 0.000000000000000000e+00 1.000000000000000000e+00 9.711538461538461453e-01 0.000000000000000000e+00 9.454545454545454364e-01 0.000000000000000000e+00 1.000000000000000000e+00 0.000000000000000000e+00 
1.341897761449217796e-03 1.052805930376052856e-01 0.000000000000000000e+00 1.000000000000000000e+00 9.711538461538461453e-01 0.000000000000000000e+00 9.454545454545454364e-01 0.000000000000000000e+00 1.000000000000000000e+00 0.000000000000000000e+00 
1.330267055891454220e-03 1.054379865527153015e-01 0.000000000000000000e+00 1.000000000000000000e+00 9.711538461538461453e-01 0.000000000000000000e+00 9.454545454545454364e-01 0.000000000000000000e+00 1.000000000000000000e+00 0.000000000000000000e+00 
1.316584995947778225e-03 1.057459786534309387e-01 0.000000000000000000e+00 1.000000000000000000e+00 9.711538461538461453e-01 0.000000000000000000e+00 9.454545454545454364e-01 0.000000000000000000e+00 1.000000000000000000e+00 0.000000000000000000e+00 
1.301922253333032131e-03 1.042983084917068481e-01 0.000000000000000000e+00 1.000000000000000000e+00 9.711538461538461453e-01 0.000000000000000000e+00 9.454545454545454364e-01 0.000000000000000000e+00 1.000000000000000000e+00 0.000000000000000000e+00 
1.288778148591518402e-03 1.022105440497398376e-01 0.000000000000000000e+00 1.000000000000000000e+00 9.727564102564102422e-01 0.000000000000000000e+00 9.483282674772036680e-01 0.000000000000000000e+00 1.000000000000000000e+00 0.000000000000000000e+00 
1.278328127227723598e-03 9.990970790386199951e-02 0.000000000000000000e+00 1.000000000000000000e+00 9.727564102564102422e-01 0.000000000000000000e+00 9.483282674772036680e-01 0.000000000000000000e+00 1.000000000000000000e+00 0.000000000000000000e+00 
1.273311441764235497e-03 1.008988693356513977e-01 0.000000000000000000e+00 1.000000000000000000e+00 9.727564102564102422e-01 0.000000000000000000e+00 9.483282674772036680e-01 0.000000000000000000e+00 1.000000000000000000e+00 0.000000000000000000e+00 
1.258245436474680901e-03 1.021518558263778687e-01 0.000000000000000000e+00 1.000000000000000000e+00 9.727564102564102422e-01 0.000000000000000000e+00 9.483282674772036680e-01 0.000000000000000000e+00 1.000000000000000000e+00 0.000000000000000000e+00 
1.237841672264039516e-03 1.032130643725395203e-01 0.000000000000000000e+00 1.000000000000000000e+00 9.727564102564102422e-01 0.000000000000000000e+00 9.483282674772036680e-01 0.000000000000000000e+00 1.000000000000000000e+00 0.000000000000000000e+00 
1.220154343172907829e-03 1.039363890886306763e-01 0.000000000000000000e+00 1.000000000000000000e+00 9.727564102564102422e-01 0.000000000000000000e+00 9.483282674772036680e-01 0.000000000000000000e+00 1.000000000000000000e+00 0.000000000000000000e+00 
1.215650932863354683e-03 1.043607071042060852e-01 0.000000000000000000e+00 1.000000000000000000e+00 9.727564102564102422e-01 0.000000000000000000e+00 9.483282674772036680e-01 0.000000000000000000e+00 1.000000000000000000e+00 0.000000000000000000e+00 
1.217071665450930595e-03 1.029761657118797302e-01 0.000000000000000000e+00 1.000000000000000000e+00 9.727564102564102422e-01 0.000000000000000000e+00 9.483282674772036680e-01 0.000000000000000000e+00 1.000000000000000000e+00 0.000000000000000000e+00 
1.187616144306957722e-03 1.027580574154853821e-01 0.000000000000000000e+00 1.000000000000000000e+00 9.743589743589743390e-01 0.000000000000000000e+00 9.512195121951219079e-01 0.000000000000000000e+00 1.000000000000000000e+00 0.000000000000000000e+00 
1.191168557852506638e-03 1.031216457486152649e-01 0.000000000000000000e+00 1.000000000000000000e+00 9.743589743589743390e-01 0.000000000000000000e+00 9.512195121951219079e-01 0.000000000000000000e+00 1.000000000000000000e+00 0.000000000000000000e+00 
1.179946120828390121e-03 1.033908650279045105e-01 0.000000000000000000e+00 1.000000000000000000e+00 9.743589743589743390e-01 0.000000000000000000e+00 9.512195121951219079e-01 0.000000000000000000e+00 1.000000000000000000e+00 0.000000000000000000e+00 
1.158114173449575901e-03 1.029217839241027832e-01 0.000000000000000000e+00 1.000000000000000000e+00 9.743589743589743390e-01 0.000000000000000000e+00 9.512195121951219079e-01 0.000000000000000000e+00 1.000000000000000000e+00 0.000000000000000000e+00 
