9.685178995132446289e-01 9.680285453796386719e-01 0.000000000000000000e+00 5.000000000000000000e-01 5.000000000000000000e-01 0.000000000000000000e+00 5.000000000000000000e-01 0.000000000000000000e+00 0.000000000000000000e+00 0.000000000000000000e+00 
9.452483057975769043e-01 9.449869990348815918e-01 0.000000000000000000e+00 5.000000000000000000e-01 5.000000000000000000e-01 0.000000000000000000e+00 5.000000000000000000e-01 0.000000000000000000e+00 0.000000000000000000e+00 0.000000000000000000e+00 
9.228588938713073730e-01 9.226739406585693359e-01 0.000000000000000000e+00 5.000000000000000000e-01 5.000000000000000000e-01 0.000000000000000000e+00 5.000000000000000000e-01 0.000000000000000000e+00 0.000000000000000000e+00 0.000000000000000000e+00 
8.991727828979492188e-01 8.987016081809997559e-01 0.000000000000000000e+00 5.000000000000000000e-01 5.000000000000000000e-01 0.000000000000000000e+00 5.000000000000000000e-01 0.000000000000000000e+00 0.000000000000000000e+00 0.000000000000000000e+00 
8.759406805038452148e-01 8.756817579269409180e-01 0.000000000000000000e+00 5.000000000000000000e-01 5.000000000000000000e-01 0.000000000000000000e+00 5.000000000000000000e-01 0.000000000000000000e+00 0.000000000000000000e+00 0.000000000000000000e+00 
8.543621301651000977e-01 8.544360399246215820e-01 0.000000000000000000e+00 5.000000000000000000e-01 5.000000000000000000e-01 0.000000000000000000e+00 5.000000000000000000e-01 0.000000000000000000e+00 0.000000000000000000e+00 0.000000000000000000e+00 
8.348633646965026855e-01 8.348930478096008301e-01 0.000000000000000000e+00 5.000000000000000000e-01 5.000000000000000000e-01 0.000000000000000000e+00 5.000000000000000000e-01 0.000000000000000000e+00 0.000000000000000000e+00 0.000000000000000000e+00 
8.167518973350524902e-01 8.170780539512634277e-01 0.000000000000000000e+00 5.000000000000000000e-01 5.000000000000000000e-01 0.000000000000000000e+00 5.000000000000000000e-01 0.000000000000000000e+00 0.000000000000000000e+00 0.000000000000000000e+00 
8.011476397514343262e-01 8.010241389274597168e-01 0.000000000000000000e+00 5.000000000000000000e-01 5.000000000000000000e-01 0.000000000000000000e+00 5.000000000000000000e-01 0.000000000000000000e+00 0.000000000000000000e+00 0.000000000000000000e+00 
7.863512039184570312e-01 7.868055105209350586e-01 0.000000000000000000e+00 5.000000000000000000e-01 5.000000000000000000e-01 0.000000000000000000e+00 5.000000000000000000e-01 0.000000000000000000e+00 0.000000000000000000e+00 0.000000000000000000e+00 
7.735268473625183105e-01 7.744196057319641113e-01 0.000000000000000000e+00 5.000000000000000000e-01 5.000000000000000000e-01 0.000000000000000000e+00 5.000000000000000000e-01 0.000000000000000000e+00 0.000000000000000000e+00 0.000000000000000000e+00 
7.632622718811035156e-01 7.637240886688232422e-01 0.000000000000000000e+00 5.000000000000000000e-01 5.000000000000000000e-01 0.000000000000000000e+00 5.000000000000000000e-01 0.000000000000000000e+00 0.000000000000000000e+00 0.000000000000000000e+00 
7.534332275390625000e-01 7.545229792594909668e-01 0.000000000000000000e+00 5.000000000000000000e-01 5.000000000000000000e-01 0.000000000000000000e+00 5.000000000000000000e-01 0.000000000000000000e+00 0.000000000000000000e+00 0.000000000000000000e+00 
7.454880475997924805e-01 7.465492486953735352e-01 0.000000000000000000e+00 5.000000000000000000e-01 5.000000000000000000e-01 0.000000000000000000e+00 5.000000000000000000e-01 0.000000000000000000e+00 0.000000000000000000e+00 0.000000000000000000e+00 
7.381815314292907715e-01 7.395809888839721680e-01 0.000000000000000000e+00 5.000000000000000000e-01 5.000000000000000000e-01 0.000000000000000000e+00 5.000000000000000000e-01 0.000000000000000000e+00 0.000000000000000000e+00 0.000000000000000000e+00 
7.321699857711791992e-01 7.334411144256591797e-01 0.000000000000000000e+00 5.000000000000000000e-01 5.000000000000000000e-01 0.000000000000000000e+00 5.000000000000000000e-01 0.000000000000000000e+00 0.000000000000000000e+00 0.000000000000000000e+00 
7.261022925376892090e-01 7.279909849166870117e-01 0.000000000000000000e+00 5.000000000000000000e-01 5.000000000000000000e-01 0.000000000000000000e+00 5.000000000000000000e-01 0.000000000000000000e+00 0.000000000000000000e+00 0.000000000000000000e+00 
7.213834524154663086e-01 7.231226563453674316e-01 0.000000000000000000e+00 5.000000000000000000e-01 5.000000000000000000e-01 0.000000000000000000e+00 5.000000000000000000e-01 0.000000000000000000e+00 0.000000000000000000e+00 0.000000000000000000e+00 
7.164196372032165527e-01 7.187156081199645996e-01 0.000000000000000000e+00 5.000000000000000000e-01 5.000000000000000000e-01 0.000000000000000000e+00 5.000000000000000000e-01 0.000000000000000000e+00 0.000000000000000000e+00 0.000000000000000000e+00 
7.116844058036804199e-01 7.146065831184387207e-01 0.000000000000000000e+00 5.000000000000000000e-01 5.000000000000000000e-01 0.000000000000000000e+00 5.000000000000000000e-01 0.000000000000000000e+00 0.000000000000000000e+00 0.000000000000000000e+00 
7.060312032699584961e-01 7.106141448020935059e-01 0.000000000000000000e+00 5.000000000000000000e-01 5.000000000000000000e-01 0.000000000000000000e+00 5.000000000000000000e-01 0.000000000000000000e+00 0.000000000000000000e+00 0.000000000000000000e+00 
7.004358172416687012e-01 7.066943645477294922e-01 0.000000000000000000e+00 5.000000000000000000e-01 5.000000000000000000e-01 0.000000000000000000e+00 5.000000000000000000e-01 0.000000000000000000e+00 0.000000000000000000e+00 0.000000000000000000e+00 
6.945357322692871094e-01 7.029300928115844727e-01 0.000000000000000000e+00 5.000000000000000000e-01 5.000000000000000000e-01 0.000000000000000000e+00 5.000000000000000000e-01 0.000000000000000000e+00 0.000000000000000000e+00 0.000000000000000000e+00 
6.903839111328125000e-01 6.994311213493347168e-01 0.000000000000000000e+00 5.000000000000000000e-01 5.000000000000000000e-01 0.000000000000000000e+00 5.000000000000000000e-01 0.000000000000000000e+00 0.000000000000000000e+00 0.000000000000000000e+00 
6.838470697402954102e-01 6.961932182312011719e-01 0.000000000000000000e+00 5.000000000000000000e-01 5.000000000000000000e-01 0.000000000000000000e+00 5.000000000000000000e-01 0.000000000000000000e+00 0.000000000000000000e+00 0.000000000000000000e+00 
6.800329089164733887e-01 6.931323409080505371e-01 0.000000000000000000e+00 5.000000000000000000e-01 5.000000000000000000e-01 0.000000000000000000e+00 5.000000000000000000e-01 0.000000000000000000e+00 0.000000000000000000e+00 0.000000000000000000e+00 
6.749290227890014648e-01 6.902136802673339844e-01 0.000000000000000000e+00 5.000000000000000000e-01 5.000000000000000000e-01 0.000000000000000000e+00 5.000000000000000000e-01 0.000000000000000000e+00 0.000000000000000000e+00 0.000000000000000000e+00 
6.698999404907226562e-01 6.873718500137329102e-01 0.000000000000000000e+00 5.000000000000000000e-01 5.000000000000000000e-01 0.000000000000000000e+00 5.000000000000000000e-01 0.000000000000000000e+00 0.000000000000000000e+00 0.000000000000000000e+00 
6.644477248191833496e-01 6.845787167549133301e-01 0.000000000000000000e+00 5.000000000000000000e-01 5.000000000000000000e-01 0.000000000000000000e+00 5.000000000000000000e-01 0.000000000000000000e+00 0.000000000000000000e+00 0.000000000000000000e+00 
6.599357128143310547e-01 6.817625164985656738e-01 0.000000000000000000e+00 5.000000000000000000e-01 5.000000000000000000e-01 0.000000000000000000e+00 5.000000000000000000e-01 0.000000000000000000e+00 0.000000000000000000e+00 0.000000000000000000e+00 
6.550567150115966797e-01 6.788737177848815918e-01 0.000000000000000000e+00 5.000000000000000000e-01 5.000000000000000000e-01 0.000000000000000000e+00 5.000000000000000000e-01 0.000000000000000000e+00 0.000000000000000000e+00 0.000000000000000000e+00 
6.482321619987487793e-01 6.760755777359008789e-01 0.000000000000000000e+00 5.000000000000000000e-01 5.000000000000000000e-01 0.000000000000000000e+00 5.000000000000000000e-01 0.000000000000000000e+00 0.000000000000000000e+00 0.000000000000000000e+00 
6.415482163429260254e-01 6.731855273246765137e-01 0.000000000000000000e+00 5.000000000000000000e-01 5.000000000000000000e-01 0.000000000000000000e+00 5.000000000000000000e-01 0.000000000000000000e+00 0.000000000000000000e+00 0.000000000000000000e+00 
6.354144811630249023e-01 6.702396869659423828e-01 0.000000000000000000e+00 5.000000000000000000e-01 5.000000000000000000e-01 0.000000000000000000e+00 5.000000000000000000e-01 0.000000000000000000e+00 0.000000000000000000e+00 0.000000000000000000e+00 
6.277031898498535156e-01 6.669744253158569336e-01 0.000000000000000000e+00 5.416666666666666297e-01 5.016025641025640969e-01 0.000000000000000000e+00 5.008025682182986049e-01 0.000000000000000000e+00 1.000000000000000000e+00 0.000000000000000000e+00 
6.207610368728637695e-01 6.636570692062377930e-01 0.000000000000000000e+00 6.666666666666666297e-01 5.128205128205127750e-01 0.000000000000000000e+00 5.065146579804560290e-01 0.000000000000000000e+00 9.000000000000000222e-01 0.000000000000000000e+00 
6.141076683998107910e-01 6.603856682777404785e-01 0.000000000000000000e+00 7.916666666666666297e-01 5.304487179487179516e-01 0.000000000000000000e+00 5.157545605306799175e-01 0.000000000000000000e+00 9.523809523809523281e-01 0.000000000000000000e+00 
6.056735515594482422e-01 6.569076180458068848e-01 0.000000000000000000e+00 8.333333333333333703e-01 5.608974358974359031e-01 0.000000000000000000e+00 5.327586206896551824e-01 0.000000000000000000e+00 9.318181818181817677e-01 0.000000000000000000e+00 
5.974039435386657715e-01 6.533938646316528320e-01 0.000000000000000000e+00 9.583333333333333703e-01 6.073717948717948234e-01 0.000000000000000000e+00 5.616942909760589409e-01 0.000000000000000000e+00 9.135802469135801962e-01 0.000000000000000000e+00 
5.899260044097900391e-01 6.481925249099731445e-01 0.000000000000000000e+00 1.000000000000000000e+00 6.858974358974359031e-01 0.000000000000000000e+00 6.178861788617886486e-01 0.000000000000000000e+00 9.393939393939394478e-01 0.000000000000000000e+00 
5.744677186012268066e-01 6.366651654243469238e-01 0.000000000000000000e+00 1.000000000000000000e+00 8.413461538461538547e-01 0.000000000000000000e+00 7.766233766233766600e-01 0.000000000000000000e+00 9.456066945606694807e-01 0.000000000000000000e+00 
5.653036236763000488e-01 6.306431889533996582e-01 0.000000000000000000e+00 1.000000000000000000e+00 8.557692307692307265e-01 0.000000000000000000e+00 8.049450549450549719e-01 0.000000000000000000e+00 9.269230769230769607e-01 0.000000000000000000e+00 
5.522553324699401855e-01 6.241375803947448730e-01 0.000000000000000000e+00 1.000000000000000000e+00 8.685897435897436125e-01 0.000000000000000000e+00 8.362573099415204769e-01 0.000000000000000000e+00 9.078014184397162900e-01 0.000000000000000000e+00 
5.370334982872009277e-01 6.171834468841552734e-01 0.000000000000000000e+00 1.000000000000000000e+00 8.750000000000000000e-01 0.000000000000000000e+00 8.482142857142856984e-01 0.000000000000000000e+00 9.062500000000000000e-01 0.000000000000000000e+00 
5.277423858642578125e-01 6.102001667022705078e-01 0.000000000000000000e+00 1.000000000000000000e+00 8.782051282051281937e-01 0.000000000000000000e+00 8.554216867469879304e-01 0.000000000000000000e+00 9.041095890410958402e-01 0.000000000000000000e+00 
5.144714713096618652e-01 6.030147075653076172e-01 0.000000000000000000e+00 1.000000000000000000e+00 8.782051282051281937e-01 0.000000000000000000e+00 8.641975308641974829e-01 0.000000000000000000e+00 8.933333333333333126e-01 0.000000000000000000e+00 
4.988236129283905029e-01 5.950742959976196289e-01 0.000000000000000000e+00 1.000000000000000000e+00 8.782051282051281937e-01 0.000000000000000000e+00 8.664596273291925721e-01 0.000000000000000000e+00 8.907284768211920500e-01 0.000000000000000000e+00 
4.856120347976684570e-01 5.872685909271240234e-01 0.000000000000000000e+00 1.000000000000000000e+00 8.862179487179486781e-01 0.000000000000000000e+00 8.777429467084639780e-01 0.000000000000000000e+00 8.950819672131147264e-01 0.000000000000000000e+00 
4.770967960357666016e-01 5.787379145622253418e-01 0.000000000000000000e+00 1.000000000000000000e+00 8.910256410256410797e-01 0.000000000000000000e+00 8.860759493670885556e-01 0.000000000000000000e+00 8.961038961038960693e-01 0.000000000000000000e+00 
4.590547084808349609e-01 5.702998638153076172e-01 0.000000000000000000e+00 1.000000000000000000e+00 8.910256410256410797e-01 0.000000000000000000e+00 8.836477987421383906e-01 0.000000000000000000e+00 8.986928104575163667e-01 0.000000000000000000e+00 
4.399424195289611816e-01 5.609440803527832031e-01 0.000000000000000000e+00 1.000000000000000000e+00 8.926282051282051766e-01 0.000000000000000000e+00 8.864353312302839516e-01 0.000000000000000000e+00 8.990228013029315512e-01 0.000000000000000000e+00 
4.284708499908447266e-01 5.523309111595153809e-01 0.000000000000000000e+00 1.000000000000000000e+00 8.942307692307692735e-01 0.000000000000000000e+00 8.867924528301887044e-01 0.000000000000000000e+00 9.019607843137255054e-01 0.000000000000000000e+00 
4.140304327011108398e-01 5.427015423774719238e-01 0.000000000000000000e+00 1.000000000000000000e+00 9.022435897435897578e-01 0.000000000000000000e+00 8.934169278996865193e-01 0.000000000000000000e+00 9.114754098360655643e-01 0.000000000000000000e+00 
3.988096117973327637e-01 5.328079462051391602e-01 0.000000000000000000e+00 1.000000000000000000e+00 9.054487179487179516e-01 0.000000000000000000e+00 8.965517241379310498e-01 0.000000000000000000e+00 9.147540983606556875e-01 0.000000000000000000e+00 
3.813205957412719727e-01 5.228313803672790527e-01 0.000000000000000000e+00 1.000000000000000000e+00 9.038461538461538547e-01 0.000000000000000000e+00 8.962264150943396457e-01 0.000000000000000000e+00 9.117647058823529216e-01 0.000000000000000000e+00 
3.690819144248962402e-01 5.130640864372253418e-01 0.000000000000000000e+00 1.000000000000000000e+00 9.022435897435897578e-01 0.000000000000000000e+00 8.958990536277602335e-01 0.000000000000000000e+00 9.087947882736155947e-01 0.000000000000000000e+00 
3.542672097682952881e-01 5.029416084289550781e-01 0.000000000000000000e+00 1.000000000000000000e+00 9.038461538461538547e-01 0.000000000000000000e+00 8.987341772151898889e-01 0.000000000000000000e+00 9.090909090909090606e-01 0.000000000000000000e+00 
3.361798226833343506e-01 4.919491410255432129e-01 0.000000000000000000e+00 1.000000000000000000e+00 9.022435897435897578e-01 0.000000000000000000e+00 8.984126984126984405e-01 0.000000000000000000e+00 9.061488673139158623e-01 0.000000000000000000e+00 
3.239000439643859863e-01 4.818532466888427734e-01 0.000000000000000000e+00 1.000000000000000000e+00 9.022435897435897578e-01 0.000000000000000000e+00 8.958990536277602335e-01 0.000000000000000000e+00 9.087947882736155947e-01 0.000000000000000000e+00 
3.087311983108520508e-01 4.713791012763977051e-01 0.000000000000000000e+00 1.000000000000000000e+00 9.038461538461538547e-01 0.000000000000000000e+00 8.937500000000000444e-01 0.000000000000000000e+00 9.144736842105263275e-01 0.000000000000000000e+00 
2.907285392284393311e-01 4.596453011035919189e-01 0.000000000000000000e+00 1.000000000000000000e+00 9.070512820512820484e-01 0.000000000000000000e+00 8.993710691823899595e-01 0.000000000000000000e+00 9.150326797385620603e-01 0.000000000000000000e+00 
2.771711051464080811e-01 4.508754014968872070e-01 0.000000000000000000e+00 1.000000000000000000e+00 9.022435897435897578e-01 0.000000000000000000e+00 8.934169278996865193e-01 0.000000000000000000e+00 9.114754098360655643e-01 0.000000000000000000e+00 
2.611218094825744629e-01 4.413142204284667969e-01 0.000000000000000000e+00 1.000000000000000000e+00 9.038461538461538547e-01 0.000000000000000000e+00 8.937500000000000444e-01 0.000000000000000000e+00 9.144736842105263275e-01 0.000000000000000000e+00 
2.462545931339263916e-01 4.299104213714599609e-01 0.000000000000000000e+00 1.000000000000000000e+00 9.038461538461538547e-01 0.000000000000000000e+00 8.987341772151898889e-01 0.000000000000000000e+00 9.090909090909090606e-01 0.000000000000000000e+00 
2.347268313169479370e-01 4.194795787334442139e-01 0.000000000000000000e+00 1.000000000000000000e+00 9.038461538461538547e-01 0.000000000000000000e+00 8.962264150943396457e-01 0.000000000000000000e+00 9.117647058823529216e-01 0.000000000000000000e+00 
2.195071578025817871e-01 4.078816175460815430e-01 0.000000000000000000e+00 1.000000000000000000e+00 9.054487179487179516e-01 0.000000000000000000e+00 8.965517241379310498e-01 0.000000000000000000e+00 9.147540983606556875e-01 0.000000000000000000e+00 
2.083765268325805664e-01 3.991703093051910400e-01 0.000000000000000000e+00 1.000000000000000000e+00 9.054487179487179516e-01 0.000000000000000000e+00 8.940809968847351907e-01 0.000000000000000000e+00 9.174917491749174925e-01 0.000000000000000000e+00 
1.956786960363388062e-01 3.891692757606506348e-01 0.000000000000000000e+00 1.000000000000000000e+00 9.070512820512820484e-01 0.000000000000000000e+00 8.944099378881987805e-01 0.000000000000000000e+00 9.205298013245033495e-01 0.000000000000000000e+00 
1.817513406276702881e-01 3.794153332710266113e-01 0.000000000000000000e+00 1.000000000000000000e+00 9.070512820512820484e-01 0.000000000000000000e+00 8.944099378881987805e-01 0.000000000000000000e+00 9.205298013245033495e-01 0.000000000000000000e+00 
1.719113588333129883e-01 3.708383738994598389e-01 0.000000000000000000e+00 1.000000000000000000e+00 9.054487179487179516e-01 0.000000000000000000e+00 8.916408668730649856e-01 0.000000000000000000e+00 9.202657807308970428e-01 0.000000000000000000e+00 
1.640253067016601562e-01 3.629750907421112061e-01 0.000000000000000000e+00 1.000000000000000000e+00 8.974358974358974672e-01 0.000000000000000000e+00 8.803680981595092270e-01 0.000000000000000000e+00 9.161073825503355250e-01 0.000000000000000000e+00 
1.527612805366516113e-01 3.558709323406219482e-01 0.000000000000000000e+00 1.000000000000000000e+00 8.926282051282051766e-01 0.000000000000000000e+00 8.700906344410875848e-01 0.000000000000000000e+00 9.180887372013651904e-01 0.000000000000000000e+00 
1.415401548147201538e-01 3.479026854038238525e-01 0.000000000000000000e+00 1.000000000000000000e+00 8.926282051282051766e-01 0.000000000000000000e+00 8.700906344410875848e-01 0.000000000000000000e+00 9.180887372013651904e-01 0.000000000000000000e+00 
1.364876627922058105e-01 3.415327072143554688e-01 0.000000000000000000e+00 1.000000000000000000e+00 8.894230769230768718e-01 0.000000000000000000e+00 8.648648648648649129e-01 0.000000000000000000e+00 9.175257731958762486e-01 0.000000000000000000e+00 
1.317367255687713623e-01 3.340837955474853516e-01 0.000000000000000000e+00 1.000000000000000000e+00 8.894230769230768718e-01 0.000000000000000000e+00 8.648648648648649129e-01 0.000000000000000000e+00 9.175257731958762486e-01 0.000000000000000000e+00 
1.204729229211807251e-01 3.291918337345123291e-01 0.000000000000000000e+00 1.000000000000000000e+00 8.910256410256410797e-01 0.000000000000000000e+00 8.674698795180723065e-01 0.000000000000000000e+00 9.178082191780821963e-01 0.000000000000000000e+00 
1.119954809546470642e-01 3.238606452941894531e-01 0.000000000000000000e+00 1.000000000000000000e+00 8.878205128205127750e-01 0.000000000000000000e+00 8.622754491017964318e-01 0.000000000000000000e+00 9.172413793103447732e-01 0.000000000000000000e+00 
1.058173775672912598e-01 3.162214457988739014e-01 0.000000000000000000e+00 1.000000000000000000e+00 8.894230769230768718e-01 0.000000000000000000e+00 8.626865671641791300e-01 0.000000000000000000e+00 9.204152249134948116e-01 0.000000000000000000e+00 
1.009765565395355225e-01 3.108278810977935791e-01 0.000000000000000000e+00 1.000000000000000000e+00 8.910256410256410797e-01 0.000000000000000000e+00 8.630952380952381375e-01 0.000000000000000000e+00 9.236111111111111605e-01 0.000000000000000000e+00 
9.635426849126815796e-02 3.060851991176605225e-01 0.000000000000000000e+00 1.000000000000000000e+00 8.926282051282051766e-01 0.000000000000000000e+00 8.656716417910447214e-01 0.000000000000000000e+00 9.238754325259516120e-01 0.000000000000000000e+00 
9.232322871685028076e-02 3.025775849819183350e-01 0.000000000000000000e+00 1.000000000000000000e+00 8.942307692307692735e-01 0.000000000000000000e+00 8.639053254437869533e-01 0.000000000000000000e+00 9.300699300699301064e-01 0.000000000000000000e+00 
8.810064196586608887e-02 2.991528809070587158e-01 0.000000000000000000e+00 1.000000000000000000e+00 8.926282051282051766e-01 0.000000000000000000e+00 8.613569321533923739e-01 0.000000000000000000e+00 9.298245614035087758e-01 0.000000000000000000e+00 
8.531551063060760498e-02 2.957516610622406006e-01 0.000000000000000000e+00 1.000000000000000000e+00 8.926282051282051766e-01 0.000000000000000000e+00 8.592375366568915096e-01 0.000000000000000000e+00 9.328621908127208151e-01 0.000000000000000000e+00 
8.130820840597152710e-02 2.915323078632354736e-01 0.000000000000000000e+00 1.000000000000000000e+00 8.926282051282051766e-01 0.000000000000000000e+00 8.592375366568915096e-01 0.000000000000000000e+00 9.328621908127208151e-01 0.000000000000000000e+00 
7.736290991306304932e-02 2.888360917568206787e-01 0.000000000000000000e+00 1.000000000000000000e+00 8.910256410256410797e-01 0.000000000000000000e+00 8.567251461988304451e-01 0.000000000000000000e+00 9.326241134751772632e-01 0.000000000000000000e+00 
7.388434559106826782e-02 2.864851951599121094e-01 0.000000000000000000e+00 1.000000000000000000e+00 8.910256410256410797e-01 0.000000000000000000e+00 8.546511627906976383e-01 0.000000000000000000e+00 9.357142857142857206e-01 0.000000000000000000e+00 
7.162085175514221191e-02 2.838599979877471924e-01 0.000000000000000000e+00 1.000000000000000000e+00 8.926282051282051766e-01 0.000000000000000000e+00 8.550724637681159646e-01 0.000000000000000000e+00 9.390681003584229192e-01 0.000000000000000000e+00 
6.908988952636718750e-02 2.813891768455505371e-01 0.000000000000000000e+00 1.000000000000000000e+00 8.958333333333333703e-01 0.000000000000000000e+00 8.600583090379009255e-01 0.000000000000000000e+00 9.395017793594305777e-01 0.000000000000000000e+00 
6.631138175725936890e-02 2.802823781967163086e-01 0.000000000000000000e+00 1.000000000000000000e+00 8.926282051282051766e-01 0.000000000000000000e+00 8.550724637681159646e-01 0.000000000000000000e+00 9.390681003584229192e-01 0.000000000000000000e+00 
6.420122087001800537e-02 2.782864868640899658e-01 0.000000000000000000e+00 1.000000000000000000e+00 8.926282051282051766e-01 0.000000000000000000e+00 8.550724637681159646e-01 0.000000000000000000e+00 9.390681003584229192e-01 0.000000000000000000e+00 
6.059096381068229675e-02 2.759412527084350586e-01 0.000000000000000000e+00 1.000000000000000000e+00 8.942307692307692735e-01 0.000000000000000000e+00 8.554913294797688028e-01 0.000000000000000000e+00 9.424460431654676507e-01 0.000000000000000000e+00 
5.860146507620811462e-02 2.732457518577575684e-01 0.000000000000000000e+00 1.000000000000000000e+00 8.974358974358974672e-01 0.000000000000000000e+00 8.604651162790697416e-01 0.000000000000000000e+00 9.428571428571428381e-01 0.000000000000000000e+00 
5.629795789718627930e-02 2.718302309513092041e-01 0.000000000000000000e+00 1.000000000000000000e+00 8.958333333333333703e-01 0.000000000000000000e+00 8.559077809798271153e-01 0.000000000000000000e+00 9.458483754512635455e-01 0.000000000000000000e+00 
5.424190685153007507e-02 2.700369656085968018e-01 0.000000000000000000e+00 1.000000000000000000e+00 8.942307692307692735e-01 0.000000000000000000e+00 8.534482758620689502e-01 0.000000000000000000e+00 9.456521739130434590e-01 0.000000000000000000e+00 
5.267769843339920044e-02 2.672320306301116943e-01 0.000000000000000000e+00 1.000000000000000000e+00 8.974358974358974672e-01 0.000000000000000000e+00 8.583815028901734534e-01 0.000000000000000000e+00 9.460431654676259017e-01 0.000000000000000000e+00 
5.038098618388175964e-02 2.641151547431945801e-01 0.000000000000000000e+00 1.000000000000000000e+00 8.942307692307692735e-01 0.000000000000000000e+00 8.534482758620689502e-01 0.000000000000000000e+00 9.456521739130434590e-01 0.000000000000000000e+00 
4.886601492762565613e-02 2.630130648612976074e-01 0.000000000000000000e+00 1.000000000000000000e+00 8.958333333333333703e-01 0.000000000000000000e+00 8.559077809798271153e-01 0.000000000000000000e+00 9.458483754512635455e-01 0.000000000000000000e+00 
4.763125628232955933e-02 2.634397447109222412e-01 0.000000000000000000e+00 1.000000000000000000e+00 8.910256410256410797e-01 0.000000000000000000e+00 8.505747126436781214e-01 0.000000000000000000e+00 9.420289855072463414e-01 0.000000000000000000e+00 
4.493487626314163208e-02 2.628207504749298096e-01 0.000000000000000000e+00 1.000000000000000000e+00 8.942307692307692735e-01 0.000000000000000000e+00 8.534482758620689502e-01 0.000000000000000000e+00 9.456521739130434590e-01 0.000000000000000000e+00 
4.354604333639144897e-02 2.605888843536376953e-01 0.000000000000000000e+00 1.000000000000000000e+00 8.990384615384615641e-01 0.000000000000000000e+00 8.587896253602305130e-01 0.000000000000000000e+00 9.494584837545125833e-01 0.000000000000000000e+00 
4.223595187067985535e-02 2.589011192321777344e-01 0.000000000000000000e+00 1.000000000000000000e+00 8.974358974358974672e-01 0.000000000000000000e+00 8.563218390804597790e-01 0.000000000000000000e+00 9.492753623188405765e-01 0.000000000000000000e+00 
4.133173078298568726e-02 2.590803205966949463e-01 0.000000000000000000e+00 1.000000000000000000e+00 8.990384615384615641e-01 0.000000000000000000e+00 8.587896253602305130e-01 0.000000000000000000e+00 9.494584837545125833e-01 0.000000000000000000e+00 
3.979846835136413574e-02 2.592208683490753174e-01 0.000000000000000000e+00 1.000000000000000000e+00 8.974358974358974672e-01 0.000000000000000000e+00 8.563218390804597790e-01 0.000000000000000000e+00 9.492753623188405765e-01 0.000000000000000000e+00 
3.801536560058593750e-02 2.581123411655426025e-01 0.000000000000000000e+00 1.000000000000000000e+00 8.974358974358974672e-01 0.000000000000000000e+00 8.563218390804597790e-01 0.000000000000000000e+00 9.492753623188405765e-01 0.000000000000000000e+00 
3.685410320758819580e-02 2.576451003551483154e-01 0.000000000000000000e+00 1.000000000000000000e+00 8.974358974358974672e-01 0.000000000000000000e+00 8.563218390804597790e-01 0.000000000000000000e+00 9.492753623188405765e-01 0.000000000000000000e+00 
3.525055572390556335e-02 2.580042481422424316e-01 0.000000000000000000e+00 1.000000000000000000e+00 8.974358974358974672e-01 0.000000000000000000e+00 8.563218390804597790e-01 0.000000000000000000e+00 9.492753623188405765e-01 0.000000000000000000e+00 
3.504674136638641357e-02 2.586151957511901855e-01 0.000000000000000000e+00 1.000000000000000000e+00 8.974358974358974672e-01 0.000000000000000000e+00 8.563218390804597790e-01 0.000000000000000000e+00 9.492753623188405765e-01 0.000000000000000000e+00 
3.316027671098709106e-02 2.567009627819061279e-01 0.000000000000000000e+00 1.000000000000000000e+00 8.974358974358974672e-01 0.000000000000000000e+00 8.563218390804597790e-01 0.000000000000000000e+00 9.492753623188405765e-01 0.000000000000000000e+00 
3.256897628307342529e-02 2.554844021797180176e-01 0.000000000000000000e+00 1.000000000000000000e+00 8.958333333333333703e-01 0.000000000000000000e+00 8.538681948424068358e-01 0.000000000000000000e+00 9.490909090909090962e-01 0.000000000000000000e+00 
3.126274794340133667e-02 2.538873553276062012e-01 0.000000000000000000e+00 1.000000000000000000e+00 8.974358974358974672e-01 0.000000000000000000e+00 8.563218390804597790e-01 0.000000000000000000e+00 9.492753623188405765e-01 0.000000000000000000e+00 
3.033583424985408783e-02 2.528550028800964355e-01 0.000000000000000000e+00 1.000000000000000000e+00 8.974358974358974672e-01 0.000000000000000000e+00 8.563218390804597790e-01 0.000000000000000000e+00 9.492753623188405765e-01 0.000000000000000000e+00 
2.970292232930660248e-02 2.529608309268951416e-01 0.000000000000000000e+00 1.000000000000000000e+00 8.974358974358974672e-01 0.000000000000000000e+00 8.563218390804597790e-01 0.000000000000000000e+00 9.492753623188405765e-01 0.000000000000000000e+00 
2.886724472045898438e-02 2.532502412796020508e-01 0.000000000000000000e+00 1.000000000000000000e+00 8.974358974358974672e-01 0.000000000000000000e+00 8.563218390804597790e-01 0.000000000000000000e+00 9.492753623188405765e-01 0.000000000000000000e+00 
2.768418751657009125e-02 2.524806261062622070e-01 0.000000000000000000e+00 1.000000000000000000e+00 8.974358974358974672e-01 0.000000000000000000e+00 8.563218390804597790e-01 0.000000000000000000e+00 9.492753623188405765e-01 0.000000000000000000e+00 
2.694293856620788574e-02 2.535546720027923584e-01 0.000000000000000000e+00 1.000000000000000000e+00 8.974358974358974672e-01 0.000000000000000000e+00 8.563218390804597790e-01 0.000000000000000000e+00 9.492753623188405765e-01 0.000000000000000000e+00 
2.587881684303283691e-02 2.539934515953063965e-01 0.000000000000000000e+00 1.000000000000000000e+00 8.974358974358974672e-01 0.000000000000000000e+00 8.563218390804597790e-01 0.000000000000000000e+00 9.492753623188405765e-01 0.000000000000000000e+00 
2.612270042300224304e-02 2.554968297481536865e-01 0.000000000000000000e+00 1.000000000000000000e+00 8.974358974358974672e-01 0.000000000000000000e+00 8.563218390804597790e-01 0.000000000000000000e+00 9.492753623188405765e-01 0.000000000000000000e+00 
2.445119619369506836e-02 2.564247250556945801e-01 0.000000000000000000e+00 1.000000000000000000e+00 8.974358974358974672e-01 0.000000000000000000e+00 8.563218390804597790e-01 0.000000000000000000e+00 9.492753623188405765e-01 0.000000000000000000e+00 
2.377433329820632935e-02 2.582992315292358398e-01 0.000000000000000000e+00 1.000000000000000000e+00 8.958333333333333703e-01 0.000000000000000000e+00 8.538681948424068358e-01 0.000000000000000000e+00 9.490909090909090962e-01 0.000000000000000000e+00 
2.353484183549880981e-02 2.581568956375122070e-01 0.000000000000000000e+00 1.000000000000000000e+00 8.958333333333333703e-01 0.000000000000000000e+00 8.538681948424068358e-01 0.000000000000000000e+00 9.490909090909090962e-01 0.000000000000000000e+00 
2.280684933066368103e-02 2.569844722747802734e-01 0.000000000000000000e+00 1.000000000000000000e+00 8.974358974358974672e-01 0.000000000000000000e+00 8.542857142857143149e-01 0.000000000000000000e+00 9.525547445255474477e-01 0.000000000000000000e+00 
2.212759479880332947e-02 2.573915421962738037e-01 0.000000000000000000e+00 1.000000000000000000e+00 8.974358974358974672e-01 0.000000000000000000e+00 8.542857142857143149e-01 0.000000000000000000e+00 9.525547445255474477e-01 0.000000000000000000e+00 
2.150219306349754333e-02 2.574204802513122559e-01 0.000000000000000000e+00 1.000000000000000000e+00 8.974358974358974672e-01 0.000000000000000000e+00 8.542857142857143149e-01 0.000000000000000000e+00 9.525547445255474477e-01 0.000000000000000000e+00 
2.119950950145721436e-02 2.582231760025024414e-01 0.000000000000000000e+00 1.000000000000000000e+00 8.974358974358974672e-01 0.000000000000000000e+00 8.542857142857143149e-01 0.000000000000000000e+00 9.525547445255474477e-01 0.000000000000000000e+00 
2.056119590997695923e-02 2.564759552478790283e-01 0.000000000000000000e+00 1.000000000000000000e+00 9.022435897435897578e-01 0.000000000000000000e+00 8.616714697406340218e-01 0.000000000000000000e+00 9.530685920577617321e-01 0.000000000000000000e+00 
2.032447792589664459e-02 2.580130696296691895e-01 0.000000000000000000e+00 1.000000000000000000e+00 9.006410256410256610e-01 0.000000000000000000e+00 8.591954022988506079e-01 0.000000000000000000e+00 9.528985507246376940e-01 0.000000000000000000e+00 
1.945811510086059570e-02 2.595975995063781738e-01 0.000000000000000000e+00 1.000000000000000000e+00 9.006410256410256610e-01 0.000000000000000000e+00 8.591954022988506079e-01 0.000000000000000000e+00 9.528985507246376940e-01 0.000000000000000000e+00 
1.908629015088081360e-02 2.611548602581024170e-01 0.000000000000000000e+00 1.000000000000000000e+00 8.990384615384615641e-01 0.000000000000000000e+00 8.567335243553008128e-01 0.000000000000000000e+00 9.527272727272727559e-01 0.000000000000000000e+00 
1.819879189133644104e-02 2.624508738517761230e-01 0.000000000000000000e+00 1.000000000000000000e+00 8.974358974358974672e-01 0.000000000000000000e+00 8.542857142857143149e-01 0.000000000000000000e+00 9.525547445255474477e-01 0.000000000000000000e+00 
1.815953105688095093e-02 2.636660635471343994e-01 0.000000000000000000e+00 1.000000000000000000e+00 8.974358974358974672e-01 0.000000000000000000e+00 8.542857142857143149e-01 0.000000000000000000e+00 9.525547445255474477e-01 0.000000000000000000e+00 
1.781048625707626343e-02 2.646858990192413330e-01 0.000000000000000000e+00 1.000000000000000000e+00 8.974358974358974672e-01 0.000000000000000000e+00 8.542857142857143149e-01 0.000000000000000000e+00 9.525547445255474477e-01 0.000000000000000000e+00 
1.749381050467491150e-02 2.669254541397094727e-01 0.000000000000000000e+00 1.000000000000000000e+00 8.958333333333333703e-01 0.000000000000000000e+00 8.518518518518518601e-01 0.000000000000000000e+00 9.523809523809523281e-01 0.000000000000000000e+00 
1.704096049070358276e-02 2.686471343040466309e-01 0.000000000000000000e+00 1.000000000000000000e+00 8.974358974358974672e-01 0.000000000000000000e+00 8.522727272727272929e-01 0.000000000000000000e+00 9.558823529411765163e-01 0.000000000000000000e+00 
1.648206077516078949e-02 2.698084712028503418e-01 0.000000000000000000e+00 1.000000000000000000e+00 8.958333333333333703e-01 0.000000000000000000e+00 8.498583569405099292e-01 0.000000000000000000e+00 9.557195571955720004e-01 0.000000000000000000e+00 
1.640491373836994171e-02 2.716960310935974121e-01 0.000000000000000000e+00 1.000000000000000000e+00 8.942307692307692735e-01 0.000000000000000000e+00 8.474576271186440302e-01 0.000000000000000000e+00 9.555555555555556024e-01 0.000000000000000000e+00 
1.596727222204208374e-02 2.728453278541564941e-01 0.000000000000000000e+00 1.000000000000000000e+00 8.942307692307692735e-01 0.000000000000000000e+00 8.474576271186440302e-01 0.000000000000000000e+00 9.555555555555556024e-01 0.000000000000000000e+00 
1.557327620685100555e-02 2.693269848823547363e-01 0.000000000000000000e+00 1.000000000000000000e+00 9.006410256410256610e-01 0.000000000000000000e+00 8.571428571428570953e-01 0.000000000000000000e+00 9.562043795620438491e-01 0.000000000000000000e+00 
1.561018079519271851e-02 2.703924775123596191e-01 0.000000000000000000e+00 1.000000000000000000e+00 9.006410256410256610e-01 0.000000000000000000e+00 8.571428571428570953e-01 0.000000000000000000e+00 9.562043795620438491e-01 0.000000000000000000e+00 
1.515519991517066956e-02 2.717786133289337158e-01 0.000000000000000000e+00 1.000000000000000000e+00 8.990384615384615641e-01 0.000000000000000000e+00 8.547008547008546619e-01 0.000000000000000000e+00 9.560439560439560891e-01 0.000000000000000000e+00 
1.516402792185544968e-02 2.731584310531616211e-01 0.000000000000000000e+00 1.000000000000000000e+00 8.990384615384615641e-01 0.000000000000000000e+00 8.547008547008546619e-01 0.000000000000000000e+00 9.560439560439560891e-01 0.000000000000000000e+00 
1.465380564332008362e-02 2.745146155357360840e-01 0.000000000000000000e+00 1.000000000000000000e+00 8.990384615384615641e-01 0.000000000000000000e+00 8.547008547008546619e-01 0.000000000000000000e+00 9.560439560439560891e-01 0.000000000000000000e+00 
1.414613798260688782e-02 2.757821381092071533e-01 0.000000000000000000e+00 1.000000000000000000e+00 8.990384615384615641e-01 0.000000000000000000e+00 8.547008547008546619e-01 0.000000000000000000e+00 9.560439560439560891e-01 0.000000000000000000e+00 
1.400943007320165634e-02 2.778204083442687988e-01 0.000000000000000000e+00 1.000000000000000000e+00 8.974358974358974672e-01 0.000000000000000000e+00 8.522727272727272929e-01 0.000000000000000000e+00 9.558823529411765163e-01 0.000000000000000000e+00 
1.368155330419540405e-02 2.796407043933868408e-01 0.000000000000000000e+00 1.000000000000000000e+00 8.958333333333333703e-01 0.000000000000000000e+00 8.498583569405099292e-01 0.000000000000000000e+00 9.557195571955720004e-01 0.000000000000000000e+00 
1.361523941159248352e-02 2.808725535869598389e-01 0.000000000000000000e+00 1.000000000000000000e+00 8.942307692307692735e-01 0.000000000000000000e+00 8.474576271186440302e-01 0.000000000000000000e+00 9.555555555555556024e-01 0.000000000000000000e+00 
1.325693354010581970e-02 2.821933031082153320e-01 0.000000000000000000e+00 1.000000000000000000e+00 8.942307692307692735e-01 0.000000000000000000e+00 8.474576271186440302e-01 0.000000000000000000e+00 9.555555555555556024e-01 0.000000000000000000e+00 
1.318293064832687378e-02 2.838902771472930908e-01 0.000000000000000000e+00 1.000000000000000000e+00 8.942307692307692735e-01 0.000000000000000000e+00 8.474576271186440302e-01 0.000000000000000000e+00 9.555555555555556024e-01 0.000000000000000000e+00 
1.284949667751789093e-02 2.851192951202392578e-01 0.000000000000000000e+00 1.000000000000000000e+00 8.942307692307692735e-01 0.000000000000000000e+00 8.474576271186440302e-01 0.000000000000000000e+00 9.555555555555556024e-01 0.000000000000000000e+00 
1.250116713345050812e-02 2.851278781890869141e-01 0.000000000000000000e+00 1.000000000000000000e+00 8.958333333333333703e-01 0.000000000000000000e+00 8.498583569405099292e-01 0.000000000000000000e+00 9.557195571955720004e-01 0.000000000000000000e+00 
1.236165594309568405e-02 2.865377664566040039e-01 0.000000000000000000e+00 1.000000000000000000e+00 8.958333333333333703e-01 0.000000000000000000e+00 8.498583569405099292e-01 0.000000000000000000e+00 9.557195571955720004e-01 0.000000000000000000e+00 
1.209478825330734253e-02 2.873966991901397705e-01 0.000000000000000000e+00 1.000000000000000000e+00 8.958333333333333703e-01 0.000000000000000000e+00 8.498583569405099292e-01 0.000000000000000000e+00 9.557195571955720004e-01 0.000000000000000000e+00 
1.193353906273841858e-02 2.890504896640777588e-01 0.000000000000000000e+00 1.000000000000000000e+00 8.974358974358974672e-01 0.000000000000000000e+00 8.522727272727272929e-01 0.000000000000000000e+00 9.558823529411765163e-01 0.000000000000000000e+00 
1.178830862045288086e-02 2.909928560256958008e-01 0.000000000000000000e+00 1.000000000000000000e+00 8.958333333333333703e-01 0.000000000000000000e+00 8.498583569405099292e-01 0.000000000000000000e+00 9.557195571955720004e-01 0.000000000000000000e+00 
1.158792525529861450e-02 2.928073704242706299e-01 0.000000000000000000e+00 1.000000000000000000e+00 8.958333333333333703e-01 0.000000000000000000e+00 8.498583569405099292e-01 0.000000000000000000e+00 9.557195571955720004e-01 0.000000000000000000e+00 
1.138586550951004028e-02 2.937955260276794434e-01 0.000000000000000000e+00 1.000000000000000000e+00 8.942307692307692735e-01 0.000000000000000000e+00 8.494318181818182323e-01 0.000000000000000000e+00 9.522058823529411242e-01 0.000000000000000000e+00 
1.125712599605321884e-02 2.950049638748168945e-01 0.000000000000000000e+00 1.000000000000000000e+00 8.942307692307692735e-01 0.000000000000000000e+00 8.494318181818182323e-01 0.000000000000000000e+00 9.522058823529411242e-01 0.000000000000000000e+00 
1.108859851956367493e-02 2.958350181579589844e-01 0.000000000000000000e+00 1.000000000000000000e+00 8.942307692307692735e-01 0.000000000000000000e+00 8.494318181818182323e-01 0.000000000000000000e+00 9.522058823529411242e-01 0.000000000000000000e+00 
1.086533814668655396e-02 2.968965172767639160e-01 0.000000000000000000e+00 1.000000000000000000e+00 8.942307692307692735e-01 0.000000000000000000e+00 8.494318181818182323e-01 0.000000000000000000e+00 9.522058823529411242e-01 0.000000000000000000e+00 
1.081764884293079376e-02 2.978039681911468506e-01 0.000000000000000000e+00 1.000000000000000000e+00 8.942307692307692735e-01 0.000000000000000000e+00 8.494318181818182323e-01 0.000000000000000000e+00 9.522058823529411242e-01 0.000000000000000000e+00 
1.060424186289310455e-02 2.987660169601440430e-01 0.000000000000000000e+00 1.000000000000000000e+00 8.942307692307692735e-01 0.000000000000000000e+00 8.494318181818182323e-01 0.000000000000000000e+00 9.522058823529411242e-01 0.000000000000000000e+00 
1.052873115986585617e-02 2.993691861629486084e-01 0.000000000000000000e+00 1.000000000000000000e+00 8.958333333333333703e-01 0.000000000000000000e+00 8.518518518518518601e-01 0.000000000000000000e+00 9.523809523809523281e-01 0.000000000000000000e+00 
1.021742634475231171e-02 3.002771437168121338e-01 0.000000000000000000e+00 1.000000000000000000e+00 8.958333333333333703e-01 0.000000000000000000e+00 8.518518518518518601e-01 0.000000000000000000e+00 9.523809523809523281e-01 0.000000000000000000e+00 
1.021272782236337662e-02 3.010877370834350586e-01 0.000000000000000000e+00 1.000000000000000000e+00 8.958333333333333703e-01 0.000000000000000000e+00 8.518518518518518601e-01 0.000000000000000000e+00 9.523809523809523281e-01 0.000000000000000000e+00 
9.937840513885021210e-03 3.021769523620605469e-01 0.000000000000000000e+00 1.000000000000000000e+00 8.958333333333333703e-01 0.000000000000000000e+00 8.518518518518518601e-01 0.000000000000000000e+00 9.523809523809523281e-01 0.000000000000000000e+00 
1.012448128312826157e-02 3.034475147724151611e-01 0.000000000000000000e+00 1.000000000000000000e+00 8.958333333333333703e-01 0.000000000000000000e+00 8.518518518518518601e-01 0.000000000000000000e+00 9.523809523809523281e-01 0.000000000000000000e+00 
9.774824604392051697e-03 3.041489124298095703e-01 0.000000000000000000e+00 1.000000000000000000e+00 8.958333333333333703e-01 0.000000000000000000e+00 8.518518518518518601e-01 0.000000000000000000e+00 9.523809523809523281e-01 0.000000000000000000e+00 
9.615439921617507935e-03 3.052788376808166504e-01 0.000000000000000000e+00 1.000000000000000000e+00 8.958333333333333703e-01 0.000000000000000000e+00 8.518518518518518601e-01 0.000000000000000000e+00 9.523809523809523281e-01 0.000000000000000000e+00 
9.556647390127182007e-03 3.061216473579406738e-01 0.000000000000000000e+00 1.000000000000000000e+00 8.958333333333333703e-01 0.000000000000000000e+00 8.518518518518518601e-01 0.000000000000000000e+00 9.523809523809523281e-01 0.000000000000000000e+00 
9.429546073079109192e-03 3.072017431259155273e-01 0.000000000000000000e+00 1.000000000000000000e+00 8.958333333333333703e-01 0.000000000000000000e+00 8.518518518518518601e-01 0.000000000000000000e+00 9.523809523809523281e-01 0.000000000000000000e+00 
9.176967665553092957e-03 3.072870373725891113e-01 0.000000000000000000e+00 1.000000000000000000e+00 8.958333333333333703e-01 0.000000000000000000e+00 8.518518518518518601e-01 0.000000000000000000e+00 9.523809523809523281e-01 0.000000000000000000e+00 
9.114135056734085083e-03 3.078111112117767334e-01 0.000000000000000000e+00 1.000000000000000000e+00 8.958333333333333703e-01 0.000000000000000000e+00 8.518518518518518601e-01 0.000000000000000000e+00 9.523809523809523281e-01 0.000000000000000000e+00 
9.147579781711101532e-03 3.079433143138885498e-01 0.000000000000000000e+00 1.000000000000000000e+00 8.958333333333333703e-01 0.000000000000000000e+00 8.518518518518518601e-01 0.000000000000000000e+00 9.523809523809523281e-01 0.000000000000000000e+00 
8.944242261350154877e-03 3.079900145530700684e-01 0.000000000000000000e+00 1.000000000000000000e+00 8.974358974358974672e-01 0.000000000000000000e+00 8.522727272727272929e-01 0.000000000000000000e+00 9.558823529411765163e-01 0.000000000000000000e+00 
9.071263484656810760e-03 3.082849085330963135e-01 0.000000000000000000e+00 1.000000000000000000e+00 8.974358974358974672e-01 0.000000000000000000e+00 8.522727272727272929e-01 0.000000000000000000e+00 9.558823529411765163e-01 0.000000000000000000e+00 
8.636953309178352356e-03 3.074890077114105225e-01 0.000000000000000000e+00 1.000000000000000000e+00 8.974358974358974672e-01 0.000000000000000000e+00 8.542857142857143149e-01 0.000000000000000000e+00 9.525547445255474477e-01 0.000000000000000000e+00 
8.497267030179500580e-03 3.073779046535491943e-01 0.000000000000000000e+00 1.000000000000000000e+00 8.974358974358974672e-01 0.000000000000000000e+00 8.542857142857143149e-01 0.000000000000000000e+00 9.525547445255474477e-01 0.000000000000000000e+00 
8.744198828935623169e-03 3.077736496925354004e-01 0.000000000000000000e+00 1.000000000000000000e+00 8.974358974358974672e-01 0.000000000000000000e+00 8.542857142857143149e-01 0.000000000000000000e+00 9.525547445255474477e-01 0.000000000000000000e+00 
8.474973030388355255e-03 3.075802624225616455e-01 0.000000000000000000e+00 1.000000000000000000e+00 8.974358974358974672e-01 0.000000000000000000e+00 8.542857142857143149e-01 0.000000000000000000e+00 9.525547445255474477e-01 0.000000000000000000e+00 
8.204887621104717255e-03 3.068267405033111572e-01 0.000000000000000000e+00 1.000000000000000000e+00 8.974358974358974672e-01 0.000000000000000000e+00 8.563218390804597790e-01 0.000000000000000000e+00 9.492753623188405765e-01 0.000000000000000000e+00 
8.179606869816780090e-03 3.069508075714111328e-01 0.000000000000000000e+00 1.000000000000000000e+00 8.974358974358974672e-01 0.000000000000000000e+00 8.563218390804597790e-01 0.000000000000000000e+00 9.492753623188405765e-01 0.000000000000000000e+00 
8.059966377913951874e-03 3.072879910469055176e-01 0.000000000000000000e+00 1.000000000000000000e+00 8.990384615384615641e-01 0.000000000000000000e+00 8.608695652173913304e-01 0.000000000000000000e+00 9.462365591397849940e-01 0.000000000000000000e+00 
7.920722477138042450e-03 3.070689439773559570e-01 0.000000000000000000e+00 1.000000000000000000e+00 9.006410256410256610e-01 0.000000000000000000e+00 8.633720930232557933e-01 0.000000000000000000e+00 9.464285714285713969e-01 0.000000000000000000e+00 
7.840845733880996704e-03 3.063604235649108887e-01 0.000000000000000000e+00 1.000000000000000000e+00 9.006410256410256610e-01 0.000000000000000000e+00 8.633720930232557933e-01 0.000000000000000000e+00 9.464285714285713969e-01 0.000000000000000000e+00 
7.754397578537464142e-03 3.039460778236389160e-01 0.000000000000000000e+00 1.000000000000000000e+00 9.022435897435897578e-01 0.000000000000000000e+00 8.658892128279883638e-01 0.000000000000000000e+00 9.466192170818504836e-01 0.000000000000000000e+00 
7.639834657311439514e-03 3.033522069454193115e-01 0.000000000000000000e+00 1.000000000000000000e+00 9.006410256410256610e-01 0.000000000000000000e+00 8.633720930232557933e-01 0.000000000000000000e+00 9.464285714285713969e-01 0.000000000000000000e+00 
7.587630301713943481e-03 3.033116757869720459e-01 0.000000000000000000e+00 1.000000000000000000e+00 9.006410256410256610e-01 0.000000000000000000e+00 8.633720930232557933e-01 0.000000000000000000e+00 9.464285714285713969e-01 0.000000000000000000e+00 
7.496290840208530426e-03 3.026895821094512939e-01 0.000000000000000000e+00 1.000000000000000000e+00 9.022435897435897578e-01 0.000000000000000000e+00 8.658892128279883638e-01 0.000000000000000000e+00 9.466192170818504836e-01 0.000000000000000000e+00 
7.485812064260244370e-03 3.019121289253234863e-01 0.000000000000000000e+00 1.000000000000000000e+00 9.022435897435897578e-01 0.000000000000000000e+00 8.658892128279883638e-01 0.000000000000000000e+00 9.466192170818504836e-01 0.000000000000000000e+00 
7.290801964700222015e-03 3.012986481189727783e-01 0.000000000000000000e+00 1.000000000000000000e+00 9.038461538461538547e-01 0.000000000000000000e+00 8.684210526315789824e-01 0.000000000000000000e+00 9.468085106382978511e-01 0.000000000000000000e+00 
7.110364735126495361e-03 3.010132908821105957e-01 0.000000000000000000e+00 1.000000000000000000e+00 9.038461538461538547e-01 0.000000000000000000e+00 8.684210526315789824e-01 0.000000000000000000e+00 9.468085106382978511e-01 0.000000000000000000e+00 
7.067683618515729904e-03 2.992847561836242676e-01 0.000000000000000000e+00 1.000000000000000000e+00 9.054487179487179516e-01 0.000000000000000000e+00 8.709677419354838745e-01 0.000000000000000000e+00 9.469964664310953628e-01 0.000000000000000000e+00 
6.969274021685123444e-03 2.993926703929901123e-01 0.000000000000000000e+00 1.000000000000000000e+00 9.054487179487179516e-01 0.000000000000000000e+00 8.709677419354838745e-01 0.000000000000000000e+00 9.469964664310953628e-01 0.000000000000000000e+00 
6.861311849206686020e-03 3.000919520854949951e-01 0.000000000000000000e+00 1.000000000000000000e+00 9.054487179487179516e-01 0.000000000000000000e+00 8.709677419354838745e-01 0.000000000000000000e+00 9.469964664310953628e-01 0.000000000000000000e+00 
6.747982464730739594e-03 2.997339069843292236e-01 0.000000000000000000e+00 1.000000000000000000e+00 9.054487179487179516e-01 0.000000000000000000e+00 8.709677419354838745e-01 0.000000000000000000e+00 9.469964664310953628e-01 0.000000000000000000e+00 
6.684944964945316315e-03 2.991763949394226074e-01 0.000000000000000000e+00 1.000000000000000000e+00 9.054487179487179516e-01 0.000000000000000000e+00 8.709677419354838745e-01 0.000000000000000000e+00 9.469964664310953628e-01 0.000000000000000000e+00 
6.752293556928634644e-03 2.965522706508636475e-01 0.000000000000000000e+00 1.000000000000000000e+00 9.134615384615384359e-01 0.000000000000000000e+00 8.862275449101796321e-01 0.000000000000000000e+00 9.448275862068965525e-01 0.000000000000000000e+00 
6.629682146012783051e-03 2.965878248214721680e-01 0.000000000000000000e+00 1.000000000000000000e+00 9.134615384615384359e-01 0.000000000000000000e+00 8.862275449101796321e-01 0.000000000000000000e+00 9.448275862068965525e-01 0.000000000000000000e+00 
6.462217774242162704e-03 2.988450527191162109e-01 0.000000000000000000e+00 1.000000000000000000e+00 9.134615384615384359e-01 0.000000000000000000e+00 8.862275449101796321e-01 0.000000000000000000e+00 9.448275862068965525e-01 0.000000000000000000e+00 
6.476353853940963745e-03 2.994273900985717773e-01 0.000000000000000000e+00 1.000000000000000000e+00 9.118589743589743390e-01 0.000000000000000000e+00 8.835820895522388252e-01 0.000000000000000000e+00 9.446366782006920815e-01 0.000000000000000000e+00 
6.351880263537168503e-03 2.998233437538146973e-01 0.000000000000000000e+00 1.000000000000000000e+00 9.118589743589743390e-01 0.000000000000000000e+00 8.835820895522388252e-01 0.000000000000000000e+00 9.446366782006920815e-01 0.000000000000000000e+00 
6.256863474845886230e-03 2.999981045722961426e-01 0.000000000000000000e+00 1.000000000000000000e+00 9.118589743589743390e-01 0.000000000000000000e+00 8.835820895522388252e-01 0.000000000000000000e+00 9.446366782006920815e-01 0.000000000000000000e+00 
6.194504909217357635e-03 2.995242476463317871e-01 0.000000000000000000e+00 1.000000000000000000e+00 9.134615384615384359e-01 0.000000000000000000e+00 8.862275449101796321e-01 0.000000000000000000e+00 9.448275862068965525e-01 0.000000000000000000e+00 
6.148946471512317657e-03 2.994651198387145996e-01 0.000000000000000000e+00 1.000000000000000000e+00 9.134615384615384359e-01 0.000000000000000000e+00 8.862275449101796321e-01 0.000000000000000000e+00 9.448275862068965525e-01 0.000000000000000000e+00 
6.285396870225667953e-03 2.990613281726837158e-01 0.000000000000000000e+00 1.000000000000000000e+00 9.150641025641025328e-01 0.000000000000000000e+00 8.888888888888888395e-01 0.000000000000000000e+00 9.450171821305841657e-01 0.000000000000000000e+00 
5.982050672173500061e-03 2.992151379585266113e-01 0.000000000000000000e+00 1.000000000000000000e+00 9.150641025641025328e-01 0.000000000000000000e+00 8.888888888888888395e-01 0.000000000000000000e+00 9.450171821305841657e-01 0.000000000000000000e+00 
5.985326133668422699e-03 2.994309663772583008e-01 0.000000000000000000e+00 1.000000000000000000e+00 9.150641025641025328e-01 0.000000000000000000e+00 8.888888888888888395e-01 0.000000000000000000e+00 9.450171821305841657e-01 0.000000000000000000e+00 
6.008390337228775024e-03 2.989379167556762695e-01 0.000000000000000000e+00 1.000000000000000000e+00 9.150641025641025328e-01 0.000000000000000000e+00 8.888888888888888395e-01 0.000000000000000000e+00 9.450171821305841657e-01 0.000000000000000000e+00 
5.949092563241720200e-03 2.983436882495880127e-01 0.000000000000000000e+00 1.000000000000000000e+00 9.150641025641025328e-01 0.000000000000000000e+00 8.888888888888888395e-01 0.000000000000000000e+00 9.450171821305841657e-01 0.000000000000000000e+00 
5.796596407890319824e-03 2.975762188434600830e-01 0.000000000000000000e+00 1.000000000000000000e+00 9.150641025641025328e-01 0.000000000000000000e+00 8.888888888888888395e-01 0.000000000000000000e+00 9.450171821305841657e-01 0.000000000000000000e+00 
5.740196444094181061e-03 2.973867058753967285e-01 0.000000000000000000e+00 1.000000000000000000e+00 9.150641025641025328e-01 0.000000000000000000e+00 8.888888888888888395e-01 0.000000000000000000e+00 9.450171821305841657e-01 0.000000000000000000e+00 
5.608487874269485474e-03 2.969331145286560059e-01 0.000000000000000000e+00 1.000000000000000000e+00 9.150641025641025328e-01 0.000000000000000000e+00 8.888888888888888395e-01 0.000000000000000000e+00 9.450171821305841657e-01 0.000000000000000000e+00 
5.564300343394279480e-03 2.965995967388153076e-01 0.000000000000000000e+00 1.000000000000000000e+00 9.150641025641025328e-01 0.000000000000000000e+00 8.888888888888888395e-01 0.000000000000000000e+00 9.450171821305841657e-01 0.000000000000000000e+00 
5.563805811107158661e-03 2.904443144798278809e-01 0.000000000000000000e+00 1.000000000000000000e+00 9.166666666666666297e-01 0.000000000000000000e+00 8.939393939393939226e-01 0.000000000000000000e+00 9.421768707482993666e-01 0.000000000000000000e+00 
5.481491796672344208e-03 2.908269762992858887e-01 0.000000000000000000e+00 1.000000000000000000e+00 9.166666666666666297e-01 0.000000000000000000e+00 8.939393939393939226e-01 0.000000000000000000e+00 9.421768707482993666e-01 0.000000000000000000e+00 
5.491138901561498642e-03 2.909668087959289551e-01 0.000000000000000000e+00 1.000000000000000000e+00 9.166666666666666297e-01 0.000000000000000000e+00 8.939393939393939226e-01 0.000000000000000000e+00 9.421768707482993666e-01 0.000000000000000000e+00 
5.387346260249614716e-03 2.916345000267028809e-01 0.000000000000000000e+00 1.000000000000000000e+00 9.166666666666666297e-01 0.000000000000000000e+00 8.939393939393939226e-01 0.000000000000000000e+00 9.421768707482993666e-01 0.000000000000000000e+00 
5.393288563936948776e-03 2.913850545883178711e-01 0.000000000000000000e+00 1.000000000000000000e+00 9.182692307692307265e-01 0.000000000000000000e+00 8.966565349544073360e-01 0.000000000000000000e+00 9.423728813559322237e-01 0.000000000000000000e+00 
5.269042216241359711e-03 2.915121614933013916e-01 0.000000000000000000e+00 1.000000000000000000e+00 9.182692307692307265e-01 0.000000000000000000e+00 8.966565349544073360e-01 0.000000000000000000e+00 9.423728813559322237e-01 0.000000000000000000e+00 
5.267449654638767242e-03 2.919876873493194580e-01 0.000000000000000000e+00 1.000000000000000000e+00 9.166666666666666297e-01 0.000000000000000000e+00 8.939393939393939226e-01 0.000000000000000000e+00 9.421768707482993666e-01 0.000000000000000000e+00 
5.197829101234674454e-03 2.927687466144561768e-01 0.000000000000000000e+00 1.000000000000000000e+00 9.166666666666666297e-01 0.000000000000000000e+00 8.939393939393939226e-01 0.000000000000000000e+00 9.421768707482993666e-01 0.000000000000000000e+00 
5.214009433984756470e-03 2.943592369556427002e-01 0.000000000000000000e+00 1.000000000000000000e+00 9.166666666666666297e-01 0.000000000000000000e+00 8.939393939393939226e-01 0.000000000000000000e+00 9.421768707482993666e-01 0.000000000000000000e+00 
5.095547996461391449e-03 2.970571815967559814e-01 0.000000000000000000e+00 1.000000000000000000e+00 9.166666666666666297e-01 0.000000000000000000e+00 8.939393939393939226e-01 0.000000000000000000e+00 9.421768707482993666e-01 0.000000000000000000e+00 
5.280800163745880127e-03 2.866682410240173340e-01 0.000000000000000000e+00 1.000000000000000000e+00 9.246794871794872250e-01 0.000000000000000000e+00 9.076923076923076872e-01 0.000000000000000000e+00 9.431438127090301382e-01 0.000000000000000000e+00 
5.055701360106468201e-03 2.902534008026123047e-01 0.000000000000000000e+00 1.000000000000000000e+00 9.246794871794872250e-01 0.000000000000000000e+00 9.076923076923076872e-01 0.000000000000000000e+00 9.431438127090301382e-01 0.000000000000000000e+00 
5.031926091760396957e-03 2.997987568378448486e-01 0.000000000000000000e+00 1.000000000000000000e+00 9.230769230769231282e-01 0.000000000000000000e+00 9.024390243902439268e-01 0.000000000000000000e+00 9.459459459459459429e-01 0.000000000000000000e+00 
4.923673812299966812e-03 3.001798391342163086e-01 0.000000000000000000e+00 1.000000000000000000e+00 9.214743589743589203e-01 0.000000000000000000e+00 8.996960486322188588e-01 0.000000000000000000e+00 9.457627118644067465e-01 0.000000000000000000e+00 
