1.036250829696655273e+00 1.026099443435668945e+00 0.000000000000000000e+00 5.000000000000000000e-01 5.000000000000000000e-01 0.000000000000000000e+00 5.000000000000000000e-01 0.000000000000000000e+00 0.000000000000000000e+00 0.000000000000000000e+00 
8.617358207702636719e-01 8.539103269577026367e-01 0.000000000000000000e+00 5.000000000000000000e-01 5.000000000000000000e-01 0.000000000000000000e+00 5.000000000000000000e-01 0.000000000000000000e+00 0.000000000000000000e+00 0.000000000000000000e+00 
7.279596924781799316e-01 7.228197455406188965e-01 0.000000000000000000e+00 5.000000000000000000e-01 5.000000000000000000e-01 0.000000000000000000e+00 5.000000000000000000e-01 0.000000000000000000e+00 0.000000000000000000e+00 0.000000000000000000e+00 
6.875941753387451172e-01 6.889727115631103516e-01 0.000000000000000000e+00 5.000000000000000000e-01 5.000000000000000000e-01 0.000000000000000000e+00 0.000000000000000000e+00 0.000000000000000000e+00 5.000000000000000000e-01 0.000000000000000000e+00 
6.821110248565673828e-01 6.843333840370178223e-01 0.000000000000000000e+00 5.000000000000000000e-01 5.080128205128204844e-01 0.000000000000000000e+00 1.000000000000000000e+00 0.000000000000000000e+00 5.040387722132472215e-01 0.000000000000000000e+00 
6.710049510002136230e-01 6.750681996345520020e-01 0.000000000000000000e+00 9.218750000000000000e-01 8.766025641025640969e-01 0.000000000000000000e+00 8.571428571428570953e-01 0.000000000000000000e+00 8.983050847457627608e-01 0.000000000000000000e+00 
6.520324945449829102e-01 6.587123274803161621e-01 0.000000000000000000e+00 9.375000000000000000e-01 8.589743589743589203e-01 0.000000000000000000e+00 9.705882352941176405e-01 0.000000000000000000e+00 7.901554404145078037e-01 0.000000000000000000e+00 
6.178082227706909180e-01 6.290205121040344238e-01 0.000000000000000000e+00 9.843750000000000000e-01 9.102564102564102422e-01 0.000000000000000000e+00 9.885496183206107235e-01 0.000000000000000000e+00 8.535911602209944604e-01 0.000000000000000000e+00 
5.546261072158813477e-01 5.768356919288635254e-01 0.000000000000000000e+00 1.000000000000000000e+00 9.326923076923077094e-01 0.000000000000000000e+00 9.891304347826086474e-01 0.000000000000000000e+00 8.879310344827586743e-01 0.000000000000000000e+00 
4.584677517414093018e-01 4.971247613430023193e-01 0.000000000000000000e+00 1.000000000000000000e+00 9.599358974358974672e-01 0.000000000000000000e+00 9.931271477663230485e-01 0.000000000000000000e+00 9.309309309309309333e-01 0.000000000000000000e+00 
3.406155705451965332e-01 3.994354903697967529e-01 0.000000000000000000e+00 1.000000000000000000e+00 9.711538461538461453e-01 0.000000000000000000e+00 9.932885906040268553e-01 0.000000000000000000e+00 9.509202453987729564e-01 0.000000000000000000e+00 
2.368311583995819092e-01 3.047690689563751221e-01 0.000000000000000000e+00 1.000000000000000000e+00 9.727564102564102422e-01 0.000000000000000000e+00 9.933110367892976633e-01 0.000000000000000000e+00 9.538461538461538991e-01 0.000000000000000000e+00 
1.671131700277328491e-01 2.334523350000381470e-01 0.000000000000000000e+00 1.000000000000000000e+00 9.775641025641025328e-01 0.000000000000000000e+00 9.933774834437085755e-01 0.000000000000000000e+00 9.627329192546584258e-01 0.000000000000000000e+00 
1.197786033153533936e-01 1.835219562053680420e-01 0.000000000000000000e+00 1.000000000000000000e+00 9.791666666666666297e-01 0.000000000000000000e+00 9.966777408637873537e-01 0.000000000000000000e+00 9.628482972136223061e-01 0.000000000000000000e+00 
8.950267732143402100e-02 1.494609266519546509e-01 0.000000000000000000e+00 1.000000000000000000e+00 9.791666666666666297e-01 0.000000000000000000e+00 9.933993399339934305e-01 0.000000000000000000e+00 9.657320872274143264e-01 0.000000000000000000e+00 
6.983947753906250000e-02 1.278994083404541016e-01 0.000000000000000000e+00 1.000000000000000000e+00 9.807692307692307265e-01 0.000000000000000000e+00 9.966887417218542877e-01 0.000000000000000000e+00 9.658385093167701774e-01 0.000000000000000000e+00 
5.931297689676284790e-02 1.110336482524871826e-01 0.000000000000000000e+00 1.000000000000000000e+00 9.791666666666666297e-01 0.000000000000000000e+00 9.933993399339934305e-01 0.000000000000000000e+00 9.657320872274143264e-01 0.000000000000000000e+00 
4.784593358635902405e-02 9.787877649068832397e-02 0.000000000000000000e+00 1.000000000000000000e+00 9.791666666666666297e-01 0.000000000000000000e+00 9.933993399339934305e-01 0.000000000000000000e+00 9.657320872274143264e-01 0.000000000000000000e+00 
4.120099544525146484e-02 8.902063965797424316e-02 0.000000000000000000e+00 1.000000000000000000e+00 9.823717948717948234e-01 0.000000000000000000e+00 9.934426229508196426e-01 0.000000000000000000e+00 9.717868338557993368e-01 0.000000000000000000e+00 
3.604963049292564392e-02 8.065393567085266113e-02 0.000000000000000000e+00 1.000000000000000000e+00 9.839743589743589203e-01 0.000000000000000000e+00 9.934640522875817226e-01 0.000000000000000000e+00 9.748427672955974899e-01 0.000000000000000000e+00 
3.117391094565391541e-02 7.445994764566421509e-02 0.000000000000000000e+00 1.000000000000000000e+00 9.839743589743589203e-01 0.000000000000000000e+00 9.934640522875817226e-01 0.000000000000000000e+00 9.748427672955974899e-01 0.000000000000000000e+00 
2.786879241466522217e-02 6.910847127437591553e-02 0.000000000000000000e+00 1.000000000000000000e+00 9.823717948717948234e-01 0.000000000000000000e+00 9.902280130293159566e-01 0.000000000000000000e+00 9.747634069400631374e-01 0.000000000000000000e+00 
2.499670721590518951e-02 6.535264849662780762e-02 0.000000000000000000e+00 1.000000000000000000e+00 9.839743589743589203e-01 0.000000000000000000e+00 9.934640522875817226e-01 0.000000000000000000e+00 9.748427672955974899e-01 0.000000000000000000e+00 
2.281399443745613098e-02 6.127454712986946106e-02 0.000000000000000000e+00 1.000000000000000000e+00 9.839743589743589203e-01 0.000000000000000000e+00 9.902597402597402843e-01 0.000000000000000000e+00 9.778481012658227778e-01 0.000000000000000000e+00 
2.062517404556274414e-02 5.780997872352600098e-02 0.000000000000000000e+00 1.000000000000000000e+00 9.839743589743589203e-01 0.000000000000000000e+00 9.870967741935483541e-01 0.000000000000000000e+00 9.808917197452229342e-01 0.000000000000000000e+00 
1.914092153310775757e-02 5.494372546672821045e-02 0.000000000000000000e+00 1.000000000000000000e+00 9.855769230769231282e-01 0.000000000000000000e+00 9.902912621359223344e-01 0.000000000000000000e+00 9.809523809523809090e-01 0.000000000000000000e+00 
1.746829599142074585e-02 5.254092067480087280e-02 0.000000000000000000e+00 1.000000000000000000e+00 9.855769230769231282e-01 0.000000000000000000e+00 9.902912621359223344e-01 0.000000000000000000e+00 9.809523809523809090e-01 0.000000000000000000e+00 
1.657416298985481262e-02 5.066764727234840393e-02 0.000000000000000000e+00 1.000000000000000000e+00 9.871794871794872250e-01 0.000000000000000000e+00 9.903225806451613211e-01 0.000000000000000000e+00 9.840764331210191118e-01 0.000000000000000000e+00 
1.525700651109218597e-02 4.887911677360534668e-02 0.000000000000000000e+00 1.000000000000000000e+00 9.871794871794872250e-01 0.000000000000000000e+00 9.903225806451613211e-01 0.000000000000000000e+00 9.840764331210191118e-01 0.000000000000000000e+00 
1.405666582286357880e-02 4.728352278470993042e-02 0.000000000000000000e+00 1.000000000000000000e+00 9.871794871794872250e-01 0.000000000000000000e+00 9.903225806451613211e-01 0.000000000000000000e+00 9.840764331210191118e-01 0.000000000000000000e+00 
1.322473213076591492e-02 4.590931162238121033e-02 0.000000000000000000e+00 1.000000000000000000e+00 9.871794871794872250e-01 0.000000000000000000e+00 9.903225806451613211e-01 0.000000000000000000e+00 9.840764331210191118e-01 0.000000000000000000e+00 
1.232922729104757309e-02 4.485641419887542725e-02 0.000000000000000000e+00 1.000000000000000000e+00 9.871794871794872250e-01 0.000000000000000000e+00 9.903225806451613211e-01 0.000000000000000000e+00 9.840764331210191118e-01 0.000000000000000000e+00 
1.153887622058391571e-02 4.385893046855926514e-02 0.000000000000000000e+00 1.000000000000000000e+00 9.887820512820513219e-01 0.000000000000000000e+00 9.903536977491961268e-01 0.000000000000000000e+00 9.872204472843449929e-01 0.000000000000000000e+00 
1.100789383053779602e-02 4.293815791606903076e-02 0.000000000000000000e+00 1.000000000000000000e+00 9.887820512820513219e-01 0.000000000000000000e+00 9.903536977491961268e-01 0.000000000000000000e+00 9.872204472843449929e-01 0.000000000000000000e+00 
1.047304552048444748e-02 4.217293485999107361e-02 0.000000000000000000e+00 1.000000000000000000e+00 9.887820512820513219e-01 0.000000000000000000e+00 9.903536977491961268e-01 0.000000000000000000e+00 9.872204472843449929e-01 0.000000000000000000e+00 
9.908812120556831360e-03 4.171557351946830750e-02 0.000000000000000000e+00 1.000000000000000000e+00 9.887820512820513219e-01 0.000000000000000000e+00 9.903536977491961268e-01 0.000000000000000000e+00 9.872204472843449929e-01 0.000000000000000000e+00 
9.402435272932052612e-03 4.135610908269882202e-02 0.000000000000000000e+00 1.000000000000000000e+00 9.887820512820513219e-01 0.000000000000000000e+00 9.872204472843449929e-01 0.000000000000000000e+00 9.903536977491961268e-01 0.000000000000000000e+00 
8.781535550951957703e-03 4.036414995789527893e-02 0.000000000000000000e+00 1.000000000000000000e+00 9.903846153846154188e-01 0.000000000000000000e+00 9.903846153846154188e-01 0.000000000000000000e+00 9.903846153846154188e-01 0.000000000000000000e+00 
8.331576362252235413e-03 3.998143970966339111e-02 0.000000000000000000e+00 1.000000000000000000e+00 9.887820512820513219e-01 0.000000000000000000e+00 9.872204472843449929e-01 0.000000000000000000e+00 9.903536977491961268e-01 0.000000000000000000e+00 
7.899169810116291046e-03 3.987358510494232178e-02 0.000000000000000000e+00 1.000000000000000000e+00 9.887820512820513219e-01 0.000000000000000000e+00 9.872204472843449929e-01 0.000000000000000000e+00 9.903536977491961268e-01 0.000000000000000000e+00 
7.566232234239578247e-03 3.981647267937660217e-02 0.000000000000000000e+00 1.000000000000000000e+00 9.887820512820513219e-01 0.000000000000000000e+00 9.872204472843449929e-01 0.000000000000000000e+00 9.903536977491961268e-01 0.000000000000000000e+00 
7.216266356408596039e-03 3.925730660557746887e-02 0.000000000000000000e+00 1.000000000000000000e+00 9.887820512820513219e-01 0.000000000000000000e+00 9.872204472843449929e-01 0.000000000000000000e+00 9.903536977491961268e-01 0.000000000000000000e+00 
6.889811251312494278e-03 3.914278000593185425e-02 0.000000000000000000e+00 1.000000000000000000e+00 9.887820512820513219e-01 0.000000000000000000e+00 9.872204472843449929e-01 0.000000000000000000e+00 9.903536977491961268e-01 0.000000000000000000e+00 
6.619826890528202057e-03 3.827266767621040344e-02 0.000000000000000000e+00 1.000000000000000000e+00 9.887820512820513219e-01 0.000000000000000000e+00 9.872204472843449929e-01 0.000000000000000000e+00 9.903536977491961268e-01 0.000000000000000000e+00 
6.404534913599491119e-03 3.866697475314140320e-02 0.000000000000000000e+00 1.000000000000000000e+00 9.887820512820513219e-01 0.000000000000000000e+00 9.872204472843449929e-01 0.000000000000000000e+00 9.903536977491961268e-01 0.000000000000000000e+00 
6.162720732390880585e-03 3.903489187359809875e-02 0.000000000000000000e+00 1.000000000000000000e+00 9.887820512820513219e-01 0.000000000000000000e+00 9.872204472843449929e-01 0.000000000000000000e+00 9.903536977491961268e-01 0.000000000000000000e+00 
5.878736265003681183e-03 3.884628415107727051e-02 0.000000000000000000e+00 1.000000000000000000e+00 9.887820512820513219e-01 0.000000000000000000e+00 9.872204472843449929e-01 0.000000000000000000e+00 9.903536977491961268e-01 0.000000000000000000e+00 
5.710779689252376556e-03 3.889662399888038635e-02 0.000000000000000000e+00 1.000000000000000000e+00 9.887820512820513219e-01 0.000000000000000000e+00 9.872204472843449929e-01 0.000000000000000000e+00 9.903536977491961268e-01 0.000000000000000000e+00 
5.474658682942390442e-03 3.868094459176063538e-02 0.000000000000000000e+00 1.000000000000000000e+00 9.887820512820513219e-01 0.000000000000000000e+00 9.872204472843449929e-01 0.000000000000000000e+00 9.903536977491961268e-01 0.000000000000000000e+00 
5.310595035552978516e-03 3.874452039599418640e-02 0.000000000000000000e+00 1.000000000000000000e+00 9.871794871794872250e-01 0.000000000000000000e+00 9.840764331210191118e-01 0.000000000000000000e+00 9.903225806451613211e-01 0.000000000000000000e+00 
5.104276817291975021e-03 3.925360739231109619e-02 0.000000000000000000e+00 1.000000000000000000e+00 9.871794871794872250e-01 0.000000000000000000e+00 9.840764331210191118e-01 0.000000000000000000e+00 9.903225806451613211e-01 0.000000000000000000e+00 
4.975472111254930496e-03 3.980538994073867798e-02 0.000000000000000000e+00 1.000000000000000000e+00 9.871794871794872250e-01 0.000000000000000000e+00 9.840764331210191118e-01 0.000000000000000000e+00 9.903225806451613211e-01 0.000000000000000000e+00 
4.790483508259057999e-03 3.919301927089691162e-02 0.000000000000000000e+00 1.000000000000000000e+00 9.871794871794872250e-01 0.000000000000000000e+00 9.840764331210191118e-01 0.000000000000000000e+00 9.903225806451613211e-01 0.000000000000000000e+00 
4.627936054021120071e-03 3.931123390793800354e-02 0.000000000000000000e+00 1.000000000000000000e+00 9.871794871794872250e-01 0.000000000000000000e+00 9.840764331210191118e-01 0.000000000000000000e+00 9.903225806451613211e-01 0.000000000000000000e+00 
4.522385075688362122e-03 3.972752019762992859e-02 0.000000000000000000e+00 1.000000000000000000e+00 9.871794871794872250e-01 0.000000000000000000e+00 9.840764331210191118e-01 0.000000000000000000e+00 9.903225806451613211e-01 0.000000000000000000e+00 
4.378512501716613770e-03 4.000445082783699036e-02 0.000000000000000000e+00 1.000000000000000000e+00 9.871794871794872250e-01 0.000000000000000000e+00 9.840764331210191118e-01 0.000000000000000000e+00 9.903225806451613211e-01 0.000000000000000000e+00 
4.234605468809604645e-03 4.061526432633399963e-02 0.000000000000000000e+00 1.000000000000000000e+00 9.871794871794872250e-01 0.000000000000000000e+00 9.840764331210191118e-01 0.000000000000000000e+00 9.903225806451613211e-01 0.000000000000000000e+00 
4.147311672568321228e-03 4.063758626580238342e-02 0.000000000000000000e+00 1.000000000000000000e+00 9.871794871794872250e-01 0.000000000000000000e+00 9.840764331210191118e-01 0.000000000000000000e+00 9.903225806451613211e-01 0.000000000000000000e+00 
4.020173102617263794e-03 4.100355878472328186e-02 0.000000000000000000e+00 1.000000000000000000e+00 9.871794871794872250e-01 0.000000000000000000e+00 9.840764331210191118e-01 0.000000000000000000e+00 9.903225806451613211e-01 0.000000000000000000e+00 
3.892575856298208237e-03 4.194677993655204773e-02 0.000000000000000000e+00 1.000000000000000000e+00 9.855769230769231282e-01 0.000000000000000000e+00 9.809523809523809090e-01 0.000000000000000000e+00 9.902912621359223344e-01 0.000000000000000000e+00 
3.826032392680644989e-03 4.259206727147102356e-02 0.000000000000000000e+00 1.000000000000000000e+00 9.855769230769231282e-01 0.000000000000000000e+00 9.809523809523809090e-01 0.000000000000000000e+00 9.902912621359223344e-01 0.000000000000000000e+00 
3.693644190207123756e-03 4.304626956582069397e-02 0.000000000000000000e+00 1.000000000000000000e+00 9.855769230769231282e-01 0.000000000000000000e+00 9.809523809523809090e-01 0.000000000000000000e+00 9.902912621359223344e-01 0.000000000000000000e+00 
3.618401242420077324e-03 4.355454072356224060e-02 0.000000000000000000e+00 1.000000000000000000e+00 9.855769230769231282e-01 0.000000000000000000e+00 9.809523809523809090e-01 0.000000000000000000e+00 9.902912621359223344e-01 0.000000000000000000e+00 
3.538040444254875183e-03 4.398186504840850830e-02 0.000000000000000000e+00 1.000000000000000000e+00 9.855769230769231282e-01 0.000000000000000000e+00 9.809523809523809090e-01 0.000000000000000000e+00 9.902912621359223344e-01 0.000000000000000000e+00 
3.418209264054894447e-03 4.457129165530204773e-02 0.000000000000000000e+00 1.000000000000000000e+00 9.855769230769231282e-01 0.000000000000000000e+00 9.809523809523809090e-01 0.000000000000000000e+00 9.902912621359223344e-01 0.000000000000000000e+00 
3.353492589667439461e-03 4.438021034002304077e-02 0.000000000000000000e+00 1.000000000000000000e+00 9.855769230769231282e-01 0.000000000000000000e+00 9.809523809523809090e-01 0.000000000000000000e+00 9.902912621359223344e-01 0.000000000000000000e+00 
3.291684668511152267e-03 4.453538358211517334e-02 0.000000000000000000e+00 1.000000000000000000e+00 9.855769230769231282e-01 0.000000000000000000e+00 9.809523809523809090e-01 0.000000000000000000e+00 9.902912621359223344e-01 0.000000000000000000e+00 
3.179971361532807350e-03 4.491812363266944885e-02 0.000000000000000000e+00 1.000000000000000000e+00 9.855769230769231282e-01 0.000000000000000000e+00 9.809523809523809090e-01 0.000000000000000000e+00 9.902912621359223344e-01 0.000000000000000000e+00 
3.113320097327232361e-03 4.512495175004005432e-02 0.000000000000000000e+00 1.000000000000000000e+00 9.855769230769231282e-01 0.000000000000000000e+00 9.809523809523809090e-01 0.000000000000000000e+00 9.902912621359223344e-01 0.000000000000000000e+00 
3.055769484490156174e-03 4.570546746253967285e-02 0.000000000000000000e+00 1.000000000000000000e+00 9.855769230769231282e-01 0.000000000000000000e+00 9.809523809523809090e-01 0.000000000000000000e+00 9.902912621359223344e-01 0.000000000000000000e+00 
2.971533220261335373e-03 4.686615988612174988e-02 0.000000000000000000e+00 1.000000000000000000e+00 9.855769230769231282e-01 0.000000000000000000e+00 9.809523809523809090e-01 0.000000000000000000e+00 9.902912621359223344e-01 0.000000000000000000e+00 
2.906476613134145737e-03 4.802723973989486694e-02 0.000000000000000000e+00 1.000000000000000000e+00 9.855769230769231282e-01 0.000000000000000000e+00 9.809523809523809090e-01 0.000000000000000000e+00 9.902912621359223344e-01 0.000000000000000000e+00 
2.841584850102663040e-03 4.864344000816345215e-02 0.000000000000000000e+00 1.000000000000000000e+00 9.839743589743589203e-01 0.000000000000000000e+00 9.778481012658227778e-01 0.000000000000000000e+00 9.902597402597402843e-01 0.000000000000000000e+00 
2.785446587949991226e-03 4.902737215161323547e-02 0.000000000000000000e+00 1.000000000000000000e+00 9.839743589743589203e-01 0.000000000000000000e+00 9.778481012658227778e-01 0.000000000000000000e+00 9.902597402597402843e-01 0.000000000000000000e+00 
2.723461249843239784e-03 5.015086755156517029e-02 0.000000000000000000e+00 1.000000000000000000e+00 9.839743589743589203e-01 0.000000000000000000e+00 9.778481012658227778e-01 0.000000000000000000e+00 9.902597402597402843e-01 0.000000000000000000e+00 
2.663960214704275131e-03 5.066931620240211487e-02 0.000000000000000000e+00 1.000000000000000000e+00 9.839743589743589203e-01 0.000000000000000000e+00 9.778481012658227778e-01 0.000000000000000000e+00 9.902597402597402843e-01 0.000000000000000000e+00 
2.605496207252144814e-03 5.121932178735733032e-02 0.000000000000000000e+00 1.000000000000000000e+00 9.839743589743589203e-01 0.000000000000000000e+00 9.778481012658227778e-01 0.000000000000000000e+00 9.902597402597402843e-01 0.000000000000000000e+00 
2.557391999289393425e-03 5.165460705757141113e-02 0.000000000000000000e+00 1.000000000000000000e+00 9.839743589743589203e-01 0.000000000000000000e+00 9.778481012658227778e-01 0.000000000000000000e+00 9.902597402597402843e-01 0.000000000000000000e+00 
2.504644915461540222e-03 5.152306333184242249e-02 0.000000000000000000e+00 1.000000000000000000e+00 9.839743589743589203e-01 0.000000000000000000e+00 9.778481012658227778e-01 0.000000000000000000e+00 9.902597402597402843e-01 0.000000000000000000e+00 
2.459639450535178185e-03 5.218343436717987061e-02 0.000000000000000000e+00 1.000000000000000000e+00 9.839743589743589203e-01 0.000000000000000000e+00 9.778481012658227778e-01 0.000000000000000000e+00 9.902597402597402843e-01 0.000000000000000000e+00 
2.419731812551617622e-03 5.193427950143814087e-02 0.000000000000000000e+00 1.000000000000000000e+00 9.839743589743589203e-01 0.000000000000000000e+00 9.778481012658227778e-01 0.000000000000000000e+00 9.902597402597402843e-01 0.000000000000000000e+00 
2.370679052546620369e-03 5.165756866335868835e-02 0.000000000000000000e+00 1.000000000000000000e+00 9.839743589743589203e-01 0.000000000000000000e+00 9.778481012658227778e-01 0.000000000000000000e+00 9.902597402597402843e-01 0.000000000000000000e+00 
2.325060311704874039e-03 5.198438465595245361e-02 0.000000000000000000e+00 1.000000000000000000e+00 9.839743589743589203e-01 0.000000000000000000e+00 9.778481012658227778e-01 0.000000000000000000e+00 9.902597402597402843e-01 0.000000000000000000e+00 
2.296754624694585800e-03 5.235207453370094299e-02 0.000000000000000000e+00 1.000000000000000000e+00 9.839743589743589203e-01 0.000000000000000000e+00 9.778481012658227778e-01 0.000000000000000000e+00 9.902597402597402843e-01 0.000000000000000000e+00 
2.235426800325512886e-03 5.296015366911888123e-02 0.000000000000000000e+00 1.000000000000000000e+00 9.839743589743589203e-01 0.000000000000000000e+00 9.778481012658227778e-01 0.000000000000000000e+00 9.902597402597402843e-01 0.000000000000000000e+00 
2.211546525359153748e-03 5.354106053709983826e-02 0.000000000000000000e+00 1.000000000000000000e+00 9.839743589743589203e-01 0.000000000000000000e+00 9.778481012658227778e-01 0.000000000000000000e+00 9.902597402597402843e-01 0.000000000000000000e+00 
2.162078162655234337e-03 5.349480733275413513e-02 0.000000000000000000e+00 1.000000000000000000e+00 9.839743589743589203e-01 0.000000000000000000e+00 9.778481012658227778e-01 0.000000000000000000e+00 9.902597402597402843e-01 0.000000000000000000e+00 
2.141493838280439377e-03 5.362477153539657593e-02 0.000000000000000000e+00 1.000000000000000000e+00 9.839743589743589203e-01 0.000000000000000000e+00 9.778481012658227778e-01 0.000000000000000000e+00 9.902597402597402843e-01 0.000000000000000000e+00 
2.090682741254568100e-03 5.378801375627517700e-02 0.000000000000000000e+00 1.000000000000000000e+00 9.855769230769231282e-01 0.000000000000000000e+00 9.779179810725552313e-01 0.000000000000000000e+00 9.934853420195439710e-01 0.000000000000000000e+00 
2.061533741652965546e-03 5.440693721175193787e-02 0.000000000000000000e+00 1.000000000000000000e+00 9.855769230769231282e-01 0.000000000000000000e+00 9.779179810725552313e-01 0.000000000000000000e+00 9.934853420195439710e-01 0.000000000000000000e+00 
2.018409082666039467e-03 5.431509017944335938e-02 0.000000000000000000e+00 1.000000000000000000e+00 9.855769230769231282e-01 0.000000000000000000e+00 9.779179810725552313e-01 0.000000000000000000e+00 9.934853420195439710e-01 0.000000000000000000e+00 
1.998819876462221146e-03 5.530911311507225037e-02 0.000000000000000000e+00 1.000000000000000000e+00 9.839743589743589203e-01 0.000000000000000000e+00 9.748427672955974899e-01 0.000000000000000000e+00 9.934640522875817226e-01 0.000000000000000000e+00 
1.969450619071722031e-03 5.513053014874458313e-02 0.000000000000000000e+00 1.000000000000000000e+00 9.839743589743589203e-01 0.000000000000000000e+00 9.748427672955974899e-01 0.000000000000000000e+00 9.934640522875817226e-01 0.000000000000000000e+00 
1.938669010996818542e-03 5.489941686391830444e-02 0.000000000000000000e+00 1.000000000000000000e+00 9.855769230769231282e-01 0.000000000000000000e+00 9.779179810725552313e-01 0.000000000000000000e+00 9.934853420195439710e-01 0.000000000000000000e+00 
1.905570155940949917e-03 5.384271591901779175e-02 0.000000000000000000e+00 1.000000000000000000e+00 9.855769230769231282e-01 0.000000000000000000e+00 9.779179810725552313e-01 0.000000000000000000e+00 9.934853420195439710e-01 0.000000000000000000e+00 
1.864956575445830822e-03 5.455810576677322388e-02 0.000000000000000000e+00 1.000000000000000000e+00 9.855769230769231282e-01 0.000000000000000000e+00 9.779179810725552313e-01 0.000000000000000000e+00 9.934853420195439710e-01 0.000000000000000000e+00 
1.840361393988132477e-03 5.504870414733886719e-02 0.000000000000000000e+00 1.000000000000000000e+00 9.855769230769231282e-01 0.000000000000000000e+00 9.779179810725552313e-01 0.000000000000000000e+00 9.934853420195439710e-01 0.000000000000000000e+00 
1.813373761251568794e-03 5.557125061750411987e-02 0.000000000000000000e+00 1.000000000000000000e+00 9.839743589743589203e-01 0.000000000000000000e+00 9.748427672955974899e-01 0.000000000000000000e+00 9.934640522875817226e-01 0.000000000000000000e+00 
1.795125193893909454e-03 5.607496201992034912e-02 0.000000000000000000e+00 1.000000000000000000e+00 9.839743589743589203e-01 0.000000000000000000e+00 9.748427672955974899e-01 0.000000000000000000e+00 9.934640522875817226e-01 0.000000000000000000e+00 
1.760399551130831242e-03 5.671246349811553955e-02 0.000000000000000000e+00 1.000000000000000000e+00 9.839743589743589203e-01 0.000000000000000000e+00 9.748427672955974899e-01 0.000000000000000000e+00 9.934640522875817226e-01 0.000000000000000000e+00 
1.736180856823921204e-03 5.751765146851539612e-02 0.000000000000000000e+00 1.000000000000000000e+00 9.839743589743589203e-01 0.000000000000000000e+00 9.748427672955974899e-01 0.000000000000000000e+00 9.934640522875817226e-01 0.000000000000000000e+00 
1.709782518446445465e-03 5.747831985354423523e-02 0.000000000000000000e+00 1.000000000000000000e+00 9.839743589743589203e-01 0.000000000000000000e+00 9.748427672955974899e-01 0.000000000000000000e+00 9.934640522875817226e-01 0.000000000000000000e+00 
1.691284589469432831e-03 5.748734250664710999e-02 0.000000000000000000e+00 1.000000000000000000e+00 9.839743589743589203e-01 0.000000000000000000e+00 9.748427672955974899e-01 0.000000000000000000e+00 9.934640522875817226e-01 0.000000000000000000e+00 
1.667591510340571404e-03 5.757301300764083862e-02 0.000000000000000000e+00 1.000000000000000000e+00 9.839743589743589203e-01 0.000000000000000000e+00 9.748427672955974899e-01 0.000000000000000000e+00 9.934640522875817226e-01 0.000000000000000000e+00 
1.645913347601890564e-03 5.783293396234512329e-02 0.000000000000000000e+00 1.000000000000000000e+00 9.839743589743589203e-01 0.000000000000000000e+00 9.748427672955974899e-01 0.000000000000000000e+00 9.934640522875817226e-01 0.000000000000000000e+00 
1.618485548533499241e-03 5.787886679172515869e-02 0.000000000000000000e+00 1.000000000000000000e+00 9.839743589743589203e-01 0.000000000000000000e+00 9.748427672955974899e-01 0.000000000000000000e+00 9.934640522875817226e-01 0.000000000000000000e+00 
1.602556090801954269e-03 5.751431360840797424e-02 0.000000000000000000e+00 1.000000000000000000e+00 9.839743589743589203e-01 0.000000000000000000e+00 9.748427672955974899e-01 0.000000000000000000e+00 9.934640522875817226e-01 0.000000000000000000e+00 
1.582051860168576241e-03 5.732974782586097717e-02 0.000000000000000000e+00 1.000000000000000000e+00 9.839743589743589203e-01 0.000000000000000000e+00 9.748427672955974899e-01 0.000000000000000000e+00 9.934640522875817226e-01 0.000000000000000000e+00 
1.558768097311258316e-03 5.725567787885665894e-02 0.000000000000000000e+00 1.000000000000000000e+00 9.839743589743589203e-01 0.000000000000000000e+00 9.748427672955974899e-01 0.000000000000000000e+00 9.934640522875817226e-01 0.000000000000000000e+00 
1.536205178126692772e-03 5.781611427664756775e-02 0.000000000000000000e+00 1.000000000000000000e+00 9.839743589743589203e-01 0.000000000000000000e+00 9.748427672955974899e-01 0.000000000000000000e+00 9.934640522875817226e-01 0.000000000000000000e+00 
1.518823206424713135e-03 5.813625082373619080e-02 0.000000000000000000e+00 1.000000000000000000e+00 9.839743589743589203e-01 0.000000000000000000e+00 9.748427672955974899e-01 0.000000000000000000e+00 9.934640522875817226e-01 0.000000000000000000e+00 
1.503446837887167931e-03 5.762913823127746582e-02 0.000000000000000000e+00 1.000000000000000000e+00 9.839743589743589203e-01 0.000000000000000000e+00 9.748427672955974899e-01 0.000000000000000000e+00 9.934640522875817226e-01 0.000000000000000000e+00 
1.484773354604840279e-03 5.776989087462425232e-02 0.000000000000000000e+00 1.000000000000000000e+00 9.839743589743589203e-01 0.000000000000000000e+00 9.748427672955974899e-01 0.000000000000000000e+00 9.934640522875817226e-01 0.000000000000000000e+00 
1.457651960663497448e-03 5.766994506120681763e-02 0.000000000000000000e+00 1.000000000000000000e+00 9.839743589743589203e-01 0.000000000000000000e+00 9.748427672955974899e-01 0.000000000000000000e+00 9.934640522875817226e-01 0.000000000000000000e+00 
1.456928905099630356e-03 5.814016982913017273e-02 0.000000000000000000e+00 1.000000000000000000e+00 9.839743589743589203e-01 0.000000000000000000e+00 9.748427672955974899e-01 0.000000000000000000e+00 9.934640522875817226e-01 0.000000000000000000e+00 
1.427928335033357143e-03 5.765030533075332642e-02 0.000000000000000000e+00 1.000000000000000000e+00 9.839743589743589203e-01 0.000000000000000000e+00 9.748427672955974899e-01 0.000000000000000000e+00 9.934640522875817226e-01 0.000000000000000000e+00 
1.412245212122797966e-03 5.754287540912628174e-02 0.000000000000000000e+00 1.000000000000000000e+00 9.839743589743589203e-01 0.000000000000000000e+00 9.748427672955974899e-01 0.000000000000000000e+00 9.934640522875817226e-01 0.000000000000000000e+00 
1.403633039444684982e-03 5.735988542437553406e-02 0.000000000000000000e+00 1.000000000000000000e+00 9.839743589743589203e-01 0.000000000000000000e+00 9.748427672955974899e-01 0.000000000000000000e+00 9.934640522875817226e-01 0.000000000000000000e+00 
1.378539833240211010e-03 5.730252340435981750e-02 0.000000000000000000e+00 1.000000000000000000e+00 9.839743589743589203e-01 0.000000000000000000e+00 9.748427672955974899e-01 0.000000000000000000e+00 9.934640522875817226e-01 0.000000000000000000e+00 
1.375828636810183525e-03 5.746928229928016663e-02 0.000000000000000000e+00 1.000000000000000000e+00 9.839743589743589203e-01 0.000000000000000000e+00 9.748427672955974899e-01 0.000000000000000000e+00 9.934640522875817226e-01 0.000000000000000000e+00 
1.347211422398686409e-03 5.742363631725311279e-02 0.000000000000000000e+00 1.000000000000000000e+00 9.839743589743589203e-01 0.000000000000000000e+00 9.748427672955974899e-01 0.000000000000000000e+00 9.934640522875817226e-01 0.000000000000000000e+00 
1.341860508546233177e-03 5.742127075791358948e-02 0.000000000000000000e+00 1.000000000000000000e+00 9.839743589743589203e-01 0.000000000000000000e+00 9.748427672955974899e-01 0.000000000000000000e+00 9.934640522875817226e-01 0.000000000000000000e+00 
1.318820053711533546e-03 5.688753724098205566e-02 0.000000000000000000e+00 1.000000000000000000e+00 9.839743589743589203e-01 0.000000000000000000e+00 9.748427672955974899e-01 0.000000000000000000e+00 9.934640522875817226e-01 0.000000000000000000e+00 
1.310646999627351761e-03 5.688896030187606812e-02 0.000000000000000000e+00 1.000000000000000000e+00 9.839743589743589203e-01 0.000000000000000000e+00 9.748427672955974899e-01 0.000000000000000000e+00 9.934640522875817226e-01 0.000000000000000000e+00 
1.299698138609528542e-03 5.718913674354553223e-02 0.000000000000000000e+00 1.000000000000000000e+00 9.839743589743589203e-01 0.000000000000000000e+00 9.748427672955974899e-01 0.000000000000000000e+00 9.934640522875817226e-01 0.000000000000000000e+00 
1.279526390135288239e-03 5.697116628289222717e-02 0.000000000000000000e+00 1.000000000000000000e+00 9.839743589743589203e-01 0.000000000000000000e+00 9.748427672955974899e-01 0.000000000000000000e+00 9.934640522875817226e-01 0.000000000000000000e+00 
1.265989383682608604e-03 5.673196539282798767e-02 0.000000000000000000e+00 1.000000000000000000e+00 9.839743589743589203e-01 0.000000000000000000e+00 9.748427672955974899e-01 0.000000000000000000e+00 9.934640522875817226e-01 0.000000000000000000e+00 
1.259416691027581692e-03 5.686555802822113037e-02 0.000000000000000000e+00 1.000000000000000000e+00 9.839743589743589203e-01 0.000000000000000000e+00 9.748427672955974899e-01 0.000000000000000000e+00 9.934640522875817226e-01 0.000000000000000000e+00 
1.236217911355197430e-03 5.675291642546653748e-02 0.000000000000000000e+00 1.000000000000000000e+00 9.839743589743589203e-01 0.000000000000000000e+00 9.748427672955974899e-01 0.000000000000000000e+00 9.934640522875817226e-01 0.000000000000000000e+00 
1.224867068231105804e-03 5.641218274831771851e-02 0.000000000000000000e+00 1.000000000000000000e+00 9.839743589743589203e-01 0.000000000000000000e+00 9.748427672955974899e-01 0.000000000000000000e+00 9.934640522875817226e-01 0.000000000000000000e+00 
1.219094265252351761e-03 5.626056343317031860e-02 0.000000000000000000e+00 1.000000000000000000e+00 9.839743589743589203e-01 0.000000000000000000e+00 9.748427672955974899e-01 0.000000000000000000e+00 9.934640522875817226e-01 0.000000000000000000e+00 
1.198162557557225227e-03 5.664255842566490173e-02 0.000000000000000000e+00 1.000000000000000000e+00 9.823717948717948234e-01 0.000000000000000000e+00 9.717868338557993368e-01 0.000000000000000000e+00 9.934426229508196426e-01 0.000000000000000000e+00 
1.185405766591429710e-03 5.720753595232963562e-02 0.000000000000000000e+00 1.000000000000000000e+00 9.823717948717948234e-01 0.000000000000000000e+00 9.717868338557993368e-01 0.000000000000000000e+00 9.934426229508196426e-01 0.000000000000000000e+00 
1.172419404610991478e-03 5.694588646292686462e-02 0.000000000000000000e+00 1.000000000000000000e+00 9.823717948717948234e-01 0.000000000000000000e+00 9.717868338557993368e-01 0.000000000000000000e+00 9.934426229508196426e-01 0.000000000000000000e+00 
1.162022119387984276e-03 5.635693296790122986e-02 0.000000000000000000e+00 1.000000000000000000e+00 9.823717948717948234e-01 0.000000000000000000e+00 9.717868338557993368e-01 0.000000000000000000e+00 9.934426229508196426e-01 0.000000000000000000e+00 
1.150520634837448597e-03 5.672330781817436218e-02 0.000000000000000000e+00 1.000000000000000000e+00 9.823717948717948234e-01 0.000000000000000000e+00 9.717868338557993368e-01 0.000000000000000000e+00 9.934426229508196426e-01 0.000000000000000000e+00 
1.140765845775604248e-03 5.684774369001388550e-02 0.000000000000000000e+00 1.000000000000000000e+00 9.823717948717948234e-01 0.000000000000000000e+00 9.717868338557993368e-01 0.000000000000000000e+00 9.934426229508196426e-01 0.000000000000000000e+00 
1.128303585574030876e-03 5.689688399434089661e-02 0.000000000000000000e+00 1.000000000000000000e+00 9.823717948717948234e-01 0.000000000000000000e+00 9.717868338557993368e-01 0.000000000000000000e+00 9.934426229508196426e-01 0.000000000000000000e+00 
1.122526358813047409e-03 5.728483945131301880e-02 0.000000000000000000e+00 1.000000000000000000e+00 9.823717948717948234e-01 0.000000000000000000e+00 9.717868338557993368e-01 0.000000000000000000e+00 9.934426229508196426e-01 0.000000000000000000e+00 
1.109456876292824745e-03 5.726376548409461975e-02 0.000000000000000000e+00 1.000000000000000000e+00 9.823717948717948234e-01 0.000000000000000000e+00 9.717868338557993368e-01 0.000000000000000000e+00 9.934426229508196426e-01 0.000000000000000000e+00 
1.097302185371518135e-03 5.691865831613540649e-02 0.000000000000000000e+00 1.000000000000000000e+00 9.823717948717948234e-01 0.000000000000000000e+00 9.717868338557993368e-01 0.000000000000000000e+00 9.934426229508196426e-01 0.000000000000000000e+00 
1.084309187717735767e-03 5.650123208761215210e-02 0.000000000000000000e+00 1.000000000000000000e+00 9.823717948717948234e-01 0.000000000000000000e+00 9.717868338557993368e-01 0.000000000000000000e+00 9.934426229508196426e-01 0.000000000000000000e+00 
1.077472697943449020e-03 5.604689195752143860e-02 0.000000000000000000e+00 1.000000000000000000e+00 9.839743589743589203e-01 0.000000000000000000e+00 9.748427672955974899e-01 0.000000000000000000e+00 9.934640522875817226e-01 0.000000000000000000e+00 
1.067807897925376892e-03 5.594967678189277649e-02 0.000000000000000000e+00 1.000000000000000000e+00 9.839743589743589203e-01 0.000000000000000000e+00 9.748427672955974899e-01 0.000000000000000000e+00 9.934640522875817226e-01 0.000000000000000000e+00 
1.062759663909673691e-03 5.525915697216987610e-02 0.000000000000000000e+00 1.000000000000000000e+00 9.839743589743589203e-01 0.000000000000000000e+00 9.748427672955974899e-01 0.000000000000000000e+00 9.934640522875817226e-01 0.000000000000000000e+00 
1.045421231538057327e-03 5.587090179324150085e-02 0.000000000000000000e+00 1.000000000000000000e+00 9.839743589743589203e-01 0.000000000000000000e+00 9.748427672955974899e-01 0.000000000000000000e+00 9.934640522875817226e-01 0.000000000000000000e+00 
1.036137342453002930e-03 5.546804144978523254e-02 0.000000000000000000e+00 1.000000000000000000e+00 9.839743589743589203e-01 0.000000000000000000e+00 9.748427672955974899e-01 0.000000000000000000e+00 9.934640522875817226e-01 0.000000000000000000e+00 
1.030178274959325790e-03 5.529150739312171936e-02 0.000000000000000000e+00 1.000000000000000000e+00 9.839743589743589203e-01 0.000000000000000000e+00 9.748427672955974899e-01 0.000000000000000000e+00 9.934640522875817226e-01 0.000000000000000000e+00 
1.019564224407076836e-03 5.518588051199913025e-02 0.000000000000000000e+00 1.000000000000000000e+00 9.839743589743589203e-01 0.000000000000000000e+00 9.748427672955974899e-01 0.000000000000000000e+00 9.934640522875817226e-01 0.000000000000000000e+00 
1.013378612697124481e-03 5.418617278337478638e-02 0.000000000000000000e+00 1.000000000000000000e+00 9.839743589743589203e-01 0.000000000000000000e+00 9.748427672955974899e-01 0.000000000000000000e+00 9.934640522875817226e-01 0.000000000000000000e+00 
9.989978279918432236e-04 5.369083583354949951e-02 0.000000000000000000e+00 1.000000000000000000e+00 9.855769230769231282e-01 0.000000000000000000e+00 9.779179810725552313e-01 0.000000000000000000e+00 9.934853420195439710e-01 0.000000000000000000e+00 
9.908599313348531723e-04 5.425272881984710693e-02 0.000000000000000000e+00 1.000000000000000000e+00 9.839743589743589203e-01 0.000000000000000000e+00 9.748427672955974899e-01 0.000000000000000000e+00 9.934640522875817226e-01 0.000000000000000000e+00 
9.822522988542914391e-04 5.445631593465805054e-02 0.000000000000000000e+00 1.000000000000000000e+00 9.839743589743589203e-01 0.000000000000000000e+00 9.748427672955974899e-01 0.000000000000000000e+00 9.934640522875817226e-01 0.000000000000000000e+00 
9.756650542840361595e-04 5.425325408577919006e-02 0.000000000000000000e+00 1.000000000000000000e+00 9.839743589743589203e-01 0.000000000000000000e+00 9.748427672955974899e-01 0.000000000000000000e+00 9.934640522875817226e-01 0.000000000000000000e+00 
9.682576055638492107e-04 5.434824898838996887e-02 0.000000000000000000e+00 1.000000000000000000e+00 9.839743589743589203e-01 0.000000000000000000e+00 9.748427672955974899e-01 0.000000000000000000e+00 9.934640522875817226e-01 0.000000000000000000e+00 
9.591840207576751709e-04 5.466306582093238831e-02 0.000000000000000000e+00 1.000000000000000000e+00 9.839743589743589203e-01 0.000000000000000000e+00 9.748427672955974899e-01 0.000000000000000000e+00 9.934640522875817226e-01 0.000000000000000000e+00 
9.593050926923751831e-04 5.387591198086738586e-02 0.000000000000000000e+00 1.000000000000000000e+00 9.839743589743589203e-01 0.000000000000000000e+00 9.748427672955974899e-01 0.000000000000000000e+00 9.934640522875817226e-01 0.000000000000000000e+00 
9.418696863576769829e-04 5.289210006594657898e-02 0.000000000000000000e+00 1.000000000000000000e+00 9.839743589743589203e-01 0.000000000000000000e+00 9.748427672955974899e-01 0.000000000000000000e+00 9.934640522875817226e-01 0.000000000000000000e+00 
9.375313529744744301e-04 5.316257476806640625e-02 0.000000000000000000e+00 1.000000000000000000e+00 9.839743589743589203e-01 0.000000000000000000e+00 9.748427672955974899e-01 0.000000000000000000e+00 9.934640522875817226e-01 0.000000000000000000e+00 
9.267976856790482998e-04 5.307302623987197876e-02 0.000000000000000000e+00 1.000000000000000000e+00 9.839743589743589203e-01 0.000000000000000000e+00 9.748427672955974899e-01 0.000000000000000000e+00 9.934640522875817226e-01 0.000000000000000000e+00 
9.185476228594779968e-04 5.289255082607269287e-02 0.000000000000000000e+00 1.000000000000000000e+00 9.839743589743589203e-01 0.000000000000000000e+00 9.748427672955974899e-01 0.000000000000000000e+00 9.934640522875817226e-01 0.000000000000000000e+00 
9.107721270993351936e-04 5.224985256791114807e-02 0.000000000000000000e+00 1.000000000000000000e+00 9.839743589743589203e-01 0.000000000000000000e+00 9.748427672955974899e-01 0.000000000000000000e+00 9.934640522875817226e-01 0.000000000000000000e+00 
9.012878872454166412e-04 5.144116282463073730e-02 0.000000000000000000e+00 1.000000000000000000e+00 9.855769230769231282e-01 0.000000000000000000e+00 9.779179810725552313e-01 0.000000000000000000e+00 9.934853420195439710e-01 0.000000000000000000e+00 
8.966171881183981895e-04 5.098770558834075928e-02 0.000000000000000000e+00 1.000000000000000000e+00 9.855769230769231282e-01 0.000000000000000000e+00 9.779179810725552313e-01 0.000000000000000000e+00 9.934853420195439710e-01 0.000000000000000000e+00 
8.887670701369643211e-04 5.084387585520744324e-02 0.000000000000000000e+00 1.000000000000000000e+00 9.855769230769231282e-01 0.000000000000000000e+00 9.779179810725552313e-01 0.000000000000000000e+00 9.934853420195439710e-01 0.000000000000000000e+00 
8.783156517893075943e-04 5.108817666769027710e-02 0.000000000000000000e+00 1.000000000000000000e+00 9.855769230769231282e-01 0.000000000000000000e+00 9.779179810725552313e-01 0.000000000000000000e+00 9.934853420195439710e-01 0.000000000000000000e+00 
8.736774325370788574e-04 5.086169764399528503e-02 0.000000000000000000e+00 1.000000000000000000e+00 9.855769230769231282e-01 0.000000000000000000e+00 9.779179810725552313e-01 0.000000000000000000e+00 9.934853420195439710e-01 0.000000000000000000e+00 
8.639296866022050381e-04 5.093295499682426453e-02 0.000000000000000000e+00 1.000000000000000000e+00 9.839743589743589203e-01 0.000000000000000000e+00 9.748427672955974899e-01 0.000000000000000000e+00 9.934640522875817226e-01 0.000000000000000000e+00 
8.583639864809811115e-04 5.051337182521820068e-02 0.000000000000000000e+00 1.000000000000000000e+00 9.855769230769231282e-01 0.000000000000000000e+00 9.779179810725552313e-01 0.000000000000000000e+00 9.934853420195439710e-01 0.000000000000000000e+00 
8.490565815009176731e-04 5.038977786898612976e-02 0.000000000000000000e+00 1.000000000000000000e+00 9.855769230769231282e-01 0.000000000000000000e+00 9.779179810725552313e-01 0.000000000000000000e+00 9.934853420195439710e-01 0.000000000000000000e+00 
8.452221518382430077e-04 5.033088847994804382e-02 0.000000000000000000e+00 1.000000000000000000e+00 9.855769230769231282e-01 0.000000000000000000e+00 9.779179810725552313e-01 0.000000000000000000e+00 9.934853420195439710e-01 0.000000000000000000e+00 
8.368002017959952354e-04 5.028123781085014343e-02 0.000000000000000000e+00 1.000000000000000000e+00 9.855769230769231282e-01 0.000000000000000000e+00 9.779179810725552313e-01 0.000000000000000000e+00 9.934853420195439710e-01 0.000000000000000000e+00 
8.303201757371425629e-04 5.024337396025657654e-02 0.000000000000000000e+00 1.000000000000000000e+00 9.855769230769231282e-01 0.000000000000000000e+00 9.779179810725552313e-01 0.000000000000000000e+00 9.934853420195439710e-01 0.000000000000000000e+00 
8.220477029681205750e-04 5.069128796458244324e-02 0.000000000000000000e+00 1.000000000000000000e+00 9.839743589743589203e-01 0.000000000000000000e+00 9.748427672955974899e-01 0.000000000000000000e+00 9.934640522875817226e-01 0.000000000000000000e+00 
8.188715437427163124e-04 5.053670704364776611e-02 0.000000000000000000e+00 1.000000000000000000e+00 9.839743589743589203e-01 0.000000000000000000e+00 9.748427672955974899e-01 0.000000000000000000e+00 9.934640522875817226e-01 0.000000000000000000e+00 
8.096155361272394657e-04 5.051489919424057007e-02 0.000000000000000000e+00 1.000000000000000000e+00 9.839743589743589203e-01 0.000000000000000000e+00 9.748427672955974899e-01 0.000000000000000000e+00 9.934640522875817226e-01 0.000000000000000000e+00 
8.030610624700784683e-04 5.022120103240013123e-02 0.000000000000000000e+00 1.000000000000000000e+00 9.839743589743589203e-01 0.000000000000000000e+00 9.748427672955974899e-01 0.000000000000000000e+00 9.934640522875817226e-01 0.000000000000000000e+00 
8.000668603926897049e-04 4.935627803206443787e-02 0.000000000000000000e+00 1.000000000000000000e+00 9.855769230769231282e-01 0.000000000000000000e+00 9.779179810725552313e-01 0.000000000000000000e+00 9.934853420195439710e-01 0.000000000000000000e+00 
7.905368111096322536e-04 4.926120489835739136e-02 0.000000000000000000e+00 1.000000000000000000e+00 9.855769230769231282e-01 0.000000000000000000e+00 9.779179810725552313e-01 0.000000000000000000e+00 9.934853420195439710e-01 0.000000000000000000e+00 
7.860900950618088245e-04 5.018416047096252441e-02 0.000000000000000000e+00 1.000000000000000000e+00 9.839743589743589203e-01 0.000000000000000000e+00 9.748427672955974899e-01 0.000000000000000000e+00 9.934640522875817226e-01 0.000000000000000000e+00 
7.802406908012926579e-04 5.027453601360321045e-02 0.000000000000000000e+00 1.000000000000000000e+00 9.839743589743589203e-01 0.000000000000000000e+00 9.748427672955974899e-01 0.000000000000000000e+00 9.934640522875817226e-01 0.000000000000000000e+00 
7.721557049080729485e-04 5.044314637780189514e-02 0.000000000000000000e+00 1.000000000000000000e+00 9.839743589743589203e-01 0.000000000000000000e+00 9.748427672955974899e-01 0.000000000000000000e+00 9.934640522875817226e-01 0.000000000000000000e+00 
7.667194586247205734e-04 4.961539059877395630e-02 0.000000000000000000e+00 1.000000000000000000e+00 9.839743589743589203e-01 0.000000000000000000e+00 9.748427672955974899e-01 0.000000000000000000e+00 9.934640522875817226e-01 0.000000000000000000e+00 
7.599813980050384998e-04 4.924523457884788513e-02 0.000000000000000000e+00 1.000000000000000000e+00 9.839743589743589203e-01 0.000000000000000000e+00 9.748427672955974899e-01 0.000000000000000000e+00 9.934640522875817226e-01 0.000000000000000000e+00 
7.539901998825371265e-04 4.974150285124778748e-02 0.000000000000000000e+00 1.000000000000000000e+00 9.839743589743589203e-01 0.000000000000000000e+00 9.748427672955974899e-01 0.000000000000000000e+00 9.934640522875817226e-01 0.000000000000000000e+00 
7.497104816138744354e-04 4.940035566687583923e-02 0.000000000000000000e+00 1.000000000000000000e+00 9.839743589743589203e-01 0.000000000000000000e+00 9.748427672955974899e-01 0.000000000000000000e+00 9.934640522875817226e-01 0.000000000000000000e+00 
7.426027441397309303e-04 4.941948875784873962e-02 0.000000000000000000e+00 1.000000000000000000e+00 9.839743589743589203e-01 0.000000000000000000e+00 9.748427672955974899e-01 0.000000000000000000e+00 9.934640522875817226e-01 0.000000000000000000e+00 
7.366556674242019653e-04 4.921740293502807617e-02 0.000000000000000000e+00 1.000000000000000000e+00 9.839743589743589203e-01 0.000000000000000000e+00 9.748427672955974899e-01 0.000000000000000000e+00 9.934640522875817226e-01 0.000000000000000000e+00 
7.300093420781195164e-04 4.894588887691497803e-02 0.000000000000000000e+00 1.000000000000000000e+00 9.839743589743589203e-01 0.000000000000000000e+00 9.748427672955974899e-01 0.000000000000000000e+00 9.934640522875817226e-01 0.000000000000000000e+00 
7.275406387634575367e-04 4.867648705840110779e-02 0.000000000000000000e+00 1.000000000000000000e+00 9.839743589743589203e-01 0.000000000000000000e+00 9.748427672955974899e-01 0.000000000000000000e+00 9.934640522875817226e-01 0.000000000000000000e+00 
7.181682158261537552e-04 4.828660935163497925e-02 0.000000000000000000e+00 1.000000000000000000e+00 9.839743589743589203e-01 0.000000000000000000e+00 9.748427672955974899e-01 0.000000000000000000e+00 9.934640522875817226e-01 0.000000000000000000e+00 
7.154599297791719437e-04 4.847452789545059204e-02 0.000000000000000000e+00 1.000000000000000000e+00 9.839743589743589203e-01 0.000000000000000000e+00 9.748427672955974899e-01 0.000000000000000000e+00 9.934640522875817226e-01 0.000000000000000000e+00 
7.076124893501400948e-04 4.830827191472053528e-02 0.000000000000000000e+00 1.000000000000000000e+00 9.839743589743589203e-01 0.000000000000000000e+00 9.748427672955974899e-01 0.000000000000000000e+00 9.934640522875817226e-01 0.000000000000000000e+00 
7.041372591629624367e-04 4.764149338006973267e-02 0.000000000000000000e+00 1.000000000000000000e+00 9.839743589743589203e-01 0.000000000000000000e+00 9.748427672955974899e-01 0.000000000000000000e+00 9.934640522875817226e-01 0.000000000000000000e+00 
6.960708997212350368e-04 4.763134568929672241e-02 0.000000000000000000e+00 1.000000000000000000e+00 9.839743589743589203e-01 0.000000000000000000e+00 9.748427672955974899e-01 0.000000000000000000e+00 9.934640522875817226e-01 0.000000000000000000e+00 
6.943245534785091877e-04 4.809402301907539368e-02 0.000000000000000000e+00 1.000000000000000000e+00 9.839743589743589203e-01 0.000000000000000000e+00 9.748427672955974899e-01 0.000000000000000000e+00 9.934640522875817226e-01 0.000000000000000000e+00 
6.873290985822677612e-04 4.782809689640998840e-02 0.000000000000000000e+00 1.000000000000000000e+00 9.839743589743589203e-01 0.000000000000000000e+00 9.748427672955974899e-01 0.000000000000000000e+00 9.934640522875817226e-01 0.000000000000000000e+00 
6.813597865402698517e-04 4.751293361186981201e-02 0.000000000000000000e+00 1.000000000000000000e+00 9.839743589743589203e-01 0.000000000000000000e+00 9.748427672955974899e-01 0.000000000000000000e+00 9.934640522875817226e-01 0.000000000000000000e+00 
6.817345274612307549e-04 4.727885499596595764e-02 0.000000000000000000e+00 1.000000000000000000e+00 9.839743589743589203e-01 0.000000000000000000e+00 9.748427672955974899e-01 0.000000000000000000e+00 9.934640522875817226e-01 0.000000000000000000e+00 
6.693869363516569138e-04 4.675762355327606201e-02 0.000000000000000000e+00 1.000000000000000000e+00 9.855769230769231282e-01 0.000000000000000000e+00 9.779179810725552313e-01 0.000000000000000000e+00 9.934853420195439710e-01 0.000000000000000000e+00 
6.647569825872778893e-04 4.643562436103820801e-02 0.000000000000000000e+00 1.000000000000000000e+00 9.871794871794872250e-01 0.000000000000000000e+00 9.810126582278481111e-01 0.000000000000000000e+00 9.935064935064935598e-01 0.000000000000000000e+00 
6.606024689972400665e-04 4.689026996493339539e-02 0.000000000000000000e+00 1.000000000000000000e+00 9.855769230769231282e-01 0.000000000000000000e+00 9.779179810725552313e-01 0.000000000000000000e+00 9.934853420195439710e-01 0.000000000000000000e+00 
6.572830025106668472e-04 4.656159132719039917e-02 0.000000000000000000e+00 1.000000000000000000e+00 9.855769230769231282e-01 0.000000000000000000e+00 9.779179810725552313e-01 0.000000000000000000e+00 9.934853420195439710e-01 0.000000000000000000e+00 
6.501852767542004585e-04 4.683786258101463318e-02 0.000000000000000000e+00 1.000000000000000000e+00 9.855769230769231282e-01 0.000000000000000000e+00 9.779179810725552313e-01 0.000000000000000000e+00 9.934853420195439710e-01 0.000000000000000000e+00 
6.457483395934104919e-04 4.750023782253265381e-02 0.000000000000000000e+00 1.000000000000000000e+00 9.839743589743589203e-01 0.000000000000000000e+00 9.748427672955974899e-01 0.000000000000000000e+00 9.934640522875817226e-01 0.000000000000000000e+00 
6.398502155207097530e-04 4.759410023689270020e-02 0.000000000000000000e+00 1.000000000000000000e+00 9.839743589743589203e-01 0.000000000000000000e+00 9.748427672955974899e-01 0.000000000000000000e+00 9.934640522875817226e-01 0.000000000000000000e+00 
