1.753431081771850586e+00 1.712083935737609863e+00 0.000000000000000000e+00 5.000000000000000000e-01 5.000000000000000000e-01 0.000000000000000000e+00 0.000000000000000000e+00 0.000000000000000000e+00 5.000000000000000000e-01 0.000000000000000000e+00 
2.223280519247055054e-01 3.195036351680755615e-01 0.000000000000000000e+00 1.000000000000000000e+00 8.846153846153845812e-01 0.000000000000000000e+00 9.379562043795620641e-01 0.000000000000000000e+00 8.428571428571428603e-01 0.000000000000000000e+00 
2.206814475357532501e-02 9.043867141008377075e-02 0.000000000000000000e+00 1.000000000000000000e+00 9.743589743589743390e-01 0.000000000000000000e+00 9.966442953020133722e-01 0.000000000000000000e+00 9.539877300613497368e-01 0.000000000000000000e+00 
8.932990953326225281e-03 5.218626186251640320e-02 0.000000000000000000e+00 1.000000000000000000e+00 9.855769230769231282e-01 0.000000000000000000e+00 1.000000000000000000e+00 0.000000000000000000e+00 9.719626168224299034e-01 0.000000000000000000e+00 
5.361439194530248642e-03 3.786917403340339661e-02 0.000000000000000000e+00 1.000000000000000000e+00 9.855769230769231282e-01 0.000000000000000000e+00 1.000000000000000000e+00 0.000000000000000000e+00 9.719626168224299034e-01 0.000000000000000000e+00 
2.676906995475292206e-03 3.185132890939712524e-02 0.000000000000000000e+00 1.000000000000000000e+00 9.871794871794872250e-01 0.000000000000000000e+00 1.000000000000000000e+00 0.000000000000000000e+00 9.749999999999999778e-01 0.000000000000000000e+00 
1.770201721228659153e-03 2.985276281833648682e-02 0.000000000000000000e+00 1.000000000000000000e+00 9.871794871794872250e-01 0.000000000000000000e+00 1.000000000000000000e+00 0.000000000000000000e+00 9.749999999999999778e-01 0.000000000000000000e+00 
1.288581406697630882e-03 2.542999386787414551e-02 0.000000000000000000e+00 1.000000000000000000e+00 9.919871794871795156e-01 0.000000000000000000e+00 1.000000000000000000e+00 0.000000000000000000e+00 9.842271293375394192e-01 0.000000000000000000e+00 
9.794022189453244209e-04 2.320687100291252136e-02 0.000000000000000000e+00 1.000000000000000000e+00 9.935897435897436125e-01 0.000000000000000000e+00 1.000000000000000000e+00 0.000000000000000000e+00 9.873417721518987777e-01 0.000000000000000000e+00 
8.773712324909865856e-04 2.311489172279834747e-02 0.000000000000000000e+00 1.000000000000000000e+00 9.919871794871795156e-01 0.000000000000000000e+00 1.000000000000000000e+00 0.000000000000000000e+00 9.842271293375394192e-01 0.000000000000000000e+00 
6.683893734589219093e-04 2.163306251168251038e-02 0.000000000000000000e+00 1.000000000000000000e+00 9.935897435897436125e-01 0.000000000000000000e+00 1.000000000000000000e+00 0.000000000000000000e+00 9.873417721518987777e-01 0.000000000000000000e+00 
5.975926178507506847e-04 2.130694873631000519e-02 0.000000000000000000e+00 1.000000000000000000e+00 9.935897435897436125e-01 0.000000000000000000e+00 1.000000000000000000e+00 0.000000000000000000e+00 9.873417721518987777e-01 0.000000000000000000e+00 
5.709120305255055428e-04 1.977323554456233978e-02 0.000000000000000000e+00 1.000000000000000000e+00 9.935897435897436125e-01 0.000000000000000000e+00 1.000000000000000000e+00 0.000000000000000000e+00 9.873417721518987777e-01 0.000000000000000000e+00 
4.787489888258278370e-04 2.006253041326999664e-02 0.000000000000000000e+00 1.000000000000000000e+00 9.935897435897436125e-01 0.000000000000000000e+00 1.000000000000000000e+00 0.000000000000000000e+00 9.873417721518987777e-01 0.000000000000000000e+00 
4.251646460033953190e-04 1.946044340729713440e-02 0.000000000000000000e+00 1.000000000000000000e+00 9.935897435897436125e-01 0.000000000000000000e+00 1.000000000000000000e+00 0.000000000000000000e+00 9.873417721518987777e-01 0.000000000000000000e+00 
4.038047627545893192e-04 1.898781210184097290e-02 0.000000000000000000e+00 1.000000000000000000e+00 9.935897435897436125e-01 0.000000000000000000e+00 1.000000000000000000e+00 0.000000000000000000e+00 9.873417721518987777e-01 0.000000000000000000e+00 
3.586725797504186630e-04 1.877114363014698029e-02 0.000000000000000000e+00 1.000000000000000000e+00 9.935897435897436125e-01 0.000000000000000000e+00 1.000000000000000000e+00 0.000000000000000000e+00 9.873417721518987777e-01 0.000000000000000000e+00 
3.328140010125935078e-04 1.743765361607074738e-02 0.000000000000000000e+00 1.000000000000000000e+00 9.935897435897436125e-01 0.000000000000000000e+00 1.000000000000000000e+00 0.000000000000000000e+00 9.873417721518987777e-01 0.000000000000000000e+00 
3.137165331281721592e-04 1.750193350017070770e-02 0.000000000000000000e+00 1.000000000000000000e+00 9.935897435897436125e-01 0.000000000000000000e+00 1.000000000000000000e+00 0.000000000000000000e+00 9.873417721518987777e-01 0.000000000000000000e+00 
2.752915606833994389e-04 1.702140830457210541e-02 0.000000000000000000e+00 1.000000000000000000e+00 9.935897435897436125e-01 0.000000000000000000e+00 1.000000000000000000e+00 0.000000000000000000e+00 9.873417721518987777e-01 0.000000000000000000e+00 
2.690254477784037590e-04 1.745537109673023224e-02 0.000000000000000000e+00 1.000000000000000000e+00 9.935897435897436125e-01 0.000000000000000000e+00 1.000000000000000000e+00 0.000000000000000000e+00 9.873417721518987777e-01 0.000000000000000000e+00 
2.390225999988615513e-04 1.716814376413822174e-02 0.000000000000000000e+00 1.000000000000000000e+00 9.935897435897436125e-01 0.000000000000000000e+00 1.000000000000000000e+00 0.000000000000000000e+00 9.873417721518987777e-01 0.000000000000000000e+00 
2.312481665285304189e-04 1.650221273303031921e-02 0.000000000000000000e+00 1.000000000000000000e+00 9.935897435897436125e-01 0.000000000000000000e+00 1.000000000000000000e+00 0.000000000000000000e+00 9.873417721518987777e-01 0.000000000000000000e+00 
2.166499325539916754e-04 1.648986525833606720e-02 0.000000000000000000e+00 1.000000000000000000e+00 9.935897435897436125e-01 0.000000000000000000e+00 1.000000000000000000e+00 0.000000000000000000e+00 9.873417721518987777e-01 0.000000000000000000e+00 
1.937043562065809965e-04 1.603611558675765991e-02 0.000000000000000000e+00 1.000000000000000000e+00 9.935897435897436125e-01 0.000000000000000000e+00 1.000000000000000000e+00 0.000000000000000000e+00 9.873417721518987777e-01 0.000000000000000000e+00 
1.754237891873344779e-04 1.576333865523338318e-02 0.000000000000000000e+00 1.000000000000000000e+00 9.935897435897436125e-01 0.000000000000000000e+00 1.000000000000000000e+00 0.000000000000000000e+00 9.873417721518987777e-01 0.000000000000000000e+00 
1.666001335252076387e-04 1.561068557202816010e-02 0.000000000000000000e+00 1.000000000000000000e+00 9.935897435897436125e-01 0.000000000000000000e+00 1.000000000000000000e+00 0.000000000000000000e+00 9.873417721518987777e-01 0.000000000000000000e+00 
1.586821454111486673e-04 1.533226761966943741e-02 0.000000000000000000e+00 1.000000000000000000e+00 9.935897435897436125e-01 0.000000000000000000e+00 1.000000000000000000e+00 0.000000000000000000e+00 9.873417721518987777e-01 0.000000000000000000e+00 
1.521768572274595499e-04 1.487170904874801636e-02 0.000000000000000000e+00 1.000000000000000000e+00 9.935897435897436125e-01 0.000000000000000000e+00 1.000000000000000000e+00 0.000000000000000000e+00 9.873417721518987777e-01 0.000000000000000000e+00 
1.468224800191819668e-04 1.391111128032207489e-02 0.000000000000000000e+00 1.000000000000000000e+00 9.951923076923077094e-01 0.000000000000000000e+00 1.000000000000000000e+00 0.000000000000000000e+00 9.904761904761905100e-01 0.000000000000000000e+00 
1.306223857682198286e-04 1.468801684677600861e-02 0.000000000000000000e+00 1.000000000000000000e+00 9.935897435897436125e-01 0.000000000000000000e+00 1.000000000000000000e+00 0.000000000000000000e+00 9.873417721518987777e-01 0.000000000000000000e+00 
1.222874561790376902e-04 1.366789732128381729e-02 0.000000000000000000e+00 1.000000000000000000e+00 9.951923076923077094e-01 0.000000000000000000e+00 1.000000000000000000e+00 0.000000000000000000e+00 9.904761904761905100e-01 0.000000000000000000e+00 
1.176900696009397507e-04 1.293815579265356064e-02 0.000000000000000000e+00 1.000000000000000000e+00 9.951923076923077094e-01 0.000000000000000000e+00 1.000000000000000000e+00 0.000000000000000000e+00 9.904761904761905100e-01 0.000000000000000000e+00 
1.049775164574384689e-04 1.308106910437345505e-02 0.000000000000000000e+00 1.000000000000000000e+00 9.951923076923077094e-01 0.000000000000000000e+00 1.000000000000000000e+00 0.000000000000000000e+00 9.904761904761905100e-01 0.000000000000000000e+00 
1.098510838346555829e-04 1.255314610898494720e-02 0.000000000000000000e+00 1.000000000000000000e+00 9.951923076923077094e-01 0.000000000000000000e+00 1.000000000000000000e+00 0.000000000000000000e+00 9.904761904761905100e-01 0.000000000000000000e+00 
9.650508582126349211e-05 1.266931276768445969e-02 0.000000000000000000e+00 1.000000000000000000e+00 9.951923076923077094e-01 0.000000000000000000e+00 1.000000000000000000e+00 0.000000000000000000e+00 9.904761904761905100e-01 0.000000000000000000e+00 
9.401274292031303048e-05 1.182030793279409409e-02 0.000000000000000000e+00 1.000000000000000000e+00 9.967948717948718063e-01 0.000000000000000000e+00 1.000000000000000000e+00 0.000000000000000000e+00 9.936305732484076447e-01 0.000000000000000000e+00 
9.057761781150475144e-05 1.179001852869987488e-02 0.000000000000000000e+00 1.000000000000000000e+00 9.967948717948718063e-01 0.000000000000000000e+00 1.000000000000000000e+00 0.000000000000000000e+00 9.936305732484076447e-01 0.000000000000000000e+00 
8.611437078798189759e-05 1.146837417036294937e-02 0.000000000000000000e+00 1.000000000000000000e+00 9.967948717948718063e-01 0.000000000000000000e+00 1.000000000000000000e+00 0.000000000000000000e+00 9.936305732484076447e-01 0.000000000000000000e+00 
8.411369344685226679e-05 1.148059871047735214e-02 0.000000000000000000e+00 1.000000000000000000e+00 9.967948717948718063e-01 0.000000000000000000e+00 1.000000000000000000e+00 0.000000000000000000e+00 9.936305732484076447e-01 0.000000000000000000e+00 
8.366308611584827304e-05 1.065457519143819809e-02 0.000000000000000000e+00 1.000000000000000000e+00 9.967948717948718063e-01 0.000000000000000000e+00 1.000000000000000000e+00 0.000000000000000000e+00 9.936305732484076447e-01 0.000000000000000000e+00 
7.318636926356703043e-05 1.043611206114292145e-02 0.000000000000000000e+00 1.000000000000000000e+00 9.967948717948718063e-01 0.000000000000000000e+00 1.000000000000000000e+00 0.000000000000000000e+00 9.936305732484076447e-01 0.000000000000000000e+00 
7.080948853399604559e-05 1.008431240916252136e-02 0.000000000000000000e+00 1.000000000000000000e+00 9.967948717948718063e-01 0.000000000000000000e+00 1.000000000000000000e+00 0.000000000000000000e+00 9.936305732484076447e-01 0.000000000000000000e+00 
6.676711200270801783e-05 1.015138905495405197e-02 0.000000000000000000e+00 1.000000000000000000e+00 9.967948717948718063e-01 0.000000000000000000e+00 1.000000000000000000e+00 0.000000000000000000e+00 9.936305732484076447e-01 0.000000000000000000e+00 
6.541478796862065792e-05 1.005775853991508484e-02 0.000000000000000000e+00 1.000000000000000000e+00 9.967948717948718063e-01 0.000000000000000000e+00 1.000000000000000000e+00 0.000000000000000000e+00 9.936305732484076447e-01 0.000000000000000000e+00 
6.149550608824938536e-05 9.948831051588058472e-03 0.000000000000000000e+00 1.000000000000000000e+00 9.967948717948718063e-01 0.000000000000000000e+00 1.000000000000000000e+00 0.000000000000000000e+00 9.936305732484076447e-01 0.000000000000000000e+00 
5.871250323252752423e-05 1.003072783350944519e-02 0.000000000000000000e+00 1.000000000000000000e+00 9.967948717948718063e-01 0.000000000000000000e+00 1.000000000000000000e+00 0.000000000000000000e+00 9.936305732484076447e-01 0.000000000000000000e+00 
5.494600918609648943e-05 9.508348070085048676e-03 0.000000000000000000e+00 1.000000000000000000e+00 9.967948717948718063e-01 0.000000000000000000e+00 1.000000000000000000e+00 0.000000000000000000e+00 9.936305732484076447e-01 0.000000000000000000e+00 
5.521793718799017370e-05 9.063122794032096863e-03 0.000000000000000000e+00 1.000000000000000000e+00 9.967948717948718063e-01 0.000000000000000000e+00 1.000000000000000000e+00 0.000000000000000000e+00 9.936305732484076447e-01 0.000000000000000000e+00 
5.153340316610410810e-05 9.200950153172016144e-03 0.000000000000000000e+00 1.000000000000000000e+00 9.967948717948718063e-01 0.000000000000000000e+00 1.000000000000000000e+00 0.000000000000000000e+00 9.936305732484076447e-01 0.000000000000000000e+00 
5.097085886518470943e-05 8.715717121958732605e-03 0.000000000000000000e+00 1.000000000000000000e+00 9.967948717948718063e-01 0.000000000000000000e+00 1.000000000000000000e+00 0.000000000000000000e+00 9.936305732484076447e-01 0.000000000000000000e+00 
4.842263297177851200e-05 9.122284129261970520e-03 0.000000000000000000e+00 1.000000000000000000e+00 9.967948717948718063e-01 0.000000000000000000e+00 1.000000000000000000e+00 0.000000000000000000e+00 9.936305732484076447e-01 0.000000000000000000e+00 
4.603085108101367950e-05 8.394923061132431030e-03 0.000000000000000000e+00 1.000000000000000000e+00 9.967948717948718063e-01 0.000000000000000000e+00 1.000000000000000000e+00 0.000000000000000000e+00 9.936305732484076447e-01 0.000000000000000000e+00 
4.675736272474750876e-05 8.208871819078922272e-03 0.000000000000000000e+00 1.000000000000000000e+00 9.967948717948718063e-01 0.000000000000000000e+00 1.000000000000000000e+00 0.000000000000000000e+00 9.936305732484076447e-01 0.000000000000000000e+00 
4.392598566482774913e-05 8.732222951948642731e-03 0.000000000000000000e+00 1.000000000000000000e+00 9.967948717948718063e-01 0.000000000000000000e+00 1.000000000000000000e+00 0.000000000000000000e+00 9.936305732484076447e-01 0.000000000000000000e+00 
4.132932008360512555e-05 7.685731165111064911e-03 0.000000000000000000e+00 1.000000000000000000e+00 9.967948717948718063e-01 0.000000000000000000e+00 1.000000000000000000e+00 0.000000000000000000e+00 9.936305732484076447e-01 0.000000000000000000e+00 
3.961560287280008197e-05 7.791093084961175919e-03 0.000000000000000000e+00 1.000000000000000000e+00 9.967948717948718063e-01 0.000000000000000000e+00 1.000000000000000000e+00 0.000000000000000000e+00 9.936305732484076447e-01 0.000000000000000000e+00 
3.839738201349973679e-05 7.619790732860565186e-03 0.000000000000000000e+00 1.000000000000000000e+00 9.967948717948718063e-01 0.000000000000000000e+00 1.000000000000000000e+00 0.000000000000000000e+00 9.936305732484076447e-01 0.000000000000000000e+00 
3.736542566912248731e-05 7.699965033680200577e-03 0.000000000000000000e+00 1.000000000000000000e+00 9.967948717948718063e-01 0.000000000000000000e+00 1.000000000000000000e+00 0.000000000000000000e+00 9.936305732484076447e-01 0.000000000000000000e+00 
3.628876584116369486e-05 7.747196126729249954e-03 0.000000000000000000e+00 1.000000000000000000e+00 9.967948717948718063e-01 0.000000000000000000e+00 1.000000000000000000e+00 0.000000000000000000e+00 9.936305732484076447e-01 0.000000000000000000e+00 
3.524938074406236410e-05 7.245814893394708633e-03 0.000000000000000000e+00 1.000000000000000000e+00 9.967948717948718063e-01 0.000000000000000000e+00 1.000000000000000000e+00 0.000000000000000000e+00 9.936305732484076447e-01 0.000000000000000000e+00 
3.362507777637802064e-05 7.216125261038541794e-03 0.000000000000000000e+00 1.000000000000000000e+00 9.967948717948718063e-01 0.000000000000000000e+00 1.000000000000000000e+00 0.000000000000000000e+00 9.936305732484076447e-01 0.000000000000000000e+00 
3.369589830981567502e-05 7.061582989990711212e-03 0.000000000000000000e+00 1.000000000000000000e+00 9.967948717948718063e-01 0.000000000000000000e+00 1.000000000000000000e+00 0.000000000000000000e+00 9.936305732484076447e-01 0.000000000000000000e+00 
3.218337224097922444e-05 6.963454652577638626e-03 0.000000000000000000e+00 1.000000000000000000e+00 9.967948717948718063e-01 0.000000000000000000e+00 1.000000000000000000e+00 0.000000000000000000e+00 9.936305732484076447e-01 0.000000000000000000e+00 
3.098377783317118883e-05 6.741419900208711624e-03 0.000000000000000000e+00 1.000000000000000000e+00 9.967948717948718063e-01 0.000000000000000000e+00 1.000000000000000000e+00 0.000000000000000000e+00 9.936305732484076447e-01 0.000000000000000000e+00 
2.949732697743456811e-05 6.607123650610446930e-03 0.000000000000000000e+00 1.000000000000000000e+00 9.967948717948718063e-01 0.000000000000000000e+00 1.000000000000000000e+00 0.000000000000000000e+00 9.936305732484076447e-01 0.000000000000000000e+00 
2.894596400437876582e-05 6.574958097189664841e-03 0.000000000000000000e+00 1.000000000000000000e+00 9.967948717948718063e-01 0.000000000000000000e+00 1.000000000000000000e+00 0.000000000000000000e+00 9.936305732484076447e-01 0.000000000000000000e+00 
2.702737219806294888e-05 6.312942598015069962e-03 0.000000000000000000e+00 1.000000000000000000e+00 9.967948717948718063e-01 0.000000000000000000e+00 1.000000000000000000e+00 0.000000000000000000e+00 9.936305732484076447e-01 0.000000000000000000e+00 
2.702738129300996661e-05 5.976710934191942215e-03 0.000000000000000000e+00 1.000000000000000000e+00 9.967948717948718063e-01 0.000000000000000000e+00 1.000000000000000000e+00 0.000000000000000000e+00 9.936305732484076447e-01 0.000000000000000000e+00 
2.532487269490957260e-05 6.232860963791608810e-03 0.000000000000000000e+00 1.000000000000000000e+00 9.967948717948718063e-01 0.000000000000000000e+00 1.000000000000000000e+00 0.000000000000000000e+00 9.936305732484076447e-01 0.000000000000000000e+00 
2.461332405800931156e-05 6.064274348318576813e-03 0.000000000000000000e+00 1.000000000000000000e+00 9.967948717948718063e-01 0.000000000000000000e+00 1.000000000000000000e+00 0.000000000000000000e+00 9.936305732484076447e-01 0.000000000000000000e+00 
2.408431828371249139e-05 5.742889363318681717e-03 0.000000000000000000e+00 1.000000000000000000e+00 9.967948717948718063e-01 0.000000000000000000e+00 1.000000000000000000e+00 0.000000000000000000e+00 9.936305732484076447e-01 0.000000000000000000e+00 
2.285493974341079593e-05 5.405591800808906555e-03 0.000000000000000000e+00 1.000000000000000000e+00 9.967948717948718063e-01 0.000000000000000000e+00 1.000000000000000000e+00 0.000000000000000000e+00 9.936305732484076447e-01 0.000000000000000000e+00 
2.291827331646345556e-05 5.431482102721929550e-03 0.000000000000000000e+00 1.000000000000000000e+00 9.967948717948718063e-01 0.000000000000000000e+00 1.000000000000000000e+00 0.000000000000000000e+00 9.936305732484076447e-01 0.000000000000000000e+00 
2.214339110651053488e-05 5.354538094252347946e-03 0.000000000000000000e+00 1.000000000000000000e+00 9.967948717948718063e-01 0.000000000000000000e+00 1.000000000000000000e+00 0.000000000000000000e+00 9.936305732484076447e-01 0.000000000000000000e+00 
2.195712113461922854e-05 5.299812182784080505e-03 0.000000000000000000e+00 1.000000000000000000e+00 9.967948717948718063e-01 0.000000000000000000e+00 1.000000000000000000e+00 0.000000000000000000e+00 9.936305732484076447e-01 0.000000000000000000e+00 
2.092147042276337743e-05 5.232461728155612946e-03 0.000000000000000000e+00 1.000000000000000000e+00 9.967948717948718063e-01 0.000000000000000000e+00 1.000000000000000000e+00 0.000000000000000000e+00 9.936305732484076447e-01 0.000000000000000000e+00 
2.056383345916401595e-05 5.098635330796241760e-03 0.000000000000000000e+00 1.000000000000000000e+00 9.967948717948718063e-01 0.000000000000000000e+00 1.000000000000000000e+00 0.000000000000000000e+00 9.936305732484076447e-01 0.000000000000000000e+00 
1.827644882723689079e-05 5.235618911683559418e-03 0.000000000000000000e+00 1.000000000000000000e+00 9.967948717948718063e-01 0.000000000000000000e+00 1.000000000000000000e+00 0.000000000000000000e+00 9.936305732484076447e-01 0.000000000000000000e+00 
1.573202644067350775e-05 4.366639535874128342e-03 0.000000000000000000e+00 1.000000000000000000e+00 9.967948717948718063e-01 0.000000000000000000e+00 1.000000000000000000e+00 0.000000000000000000e+00 9.936305732484076447e-01 0.000000000000000000e+00 
1.534459261165466160e-05 4.162453114986419678e-03 0.000000000000000000e+00 1.000000000000000000e+00 9.967948717948718063e-01 0.000000000000000000e+00 1.000000000000000000e+00 0.000000000000000000e+00 9.936305732484076447e-01 0.000000000000000000e+00 
1.525518382550217211e-05 4.325337707996368408e-03 0.000000000000000000e+00 1.000000000000000000e+00 9.967948717948718063e-01 0.000000000000000000e+00 1.000000000000000000e+00 0.000000000000000000e+00 9.936305732484076447e-01 0.000000000000000000e+00 
1.473736301704775542e-05 4.086784552782773972e-03 0.000000000000000000e+00 1.000000000000000000e+00 9.967948717948718063e-01 0.000000000000000000e+00 1.000000000000000000e+00 0.000000000000000000e+00 9.936305732484076447e-01 0.000000000000000000e+00 
1.456599420635029674e-05 4.529886879026889801e-03 0.000000000000000000e+00 1.000000000000000000e+00 9.967948717948718063e-01 0.000000000000000000e+00 1.000000000000000000e+00 0.000000000000000000e+00 9.936305732484076447e-01 0.000000000000000000e+00 
1.396248990204185247e-05 4.148608539253473282e-03 0.000000000000000000e+00 1.000000000000000000e+00 9.967948717948718063e-01 0.000000000000000000e+00 1.000000000000000000e+00 0.000000000000000000e+00 9.936305732484076447e-01 0.000000000000000000e+00 
1.330310351477237418e-05 4.153051413595676422e-03 0.000000000000000000e+00 1.000000000000000000e+00 9.967948717948718063e-01 0.000000000000000000e+00 1.000000000000000000e+00 0.000000000000000000e+00 9.936305732484076447e-01 0.000000000000000000e+00 
1.248725311597809196e-05 4.463980440050363541e-03 0.000000000000000000e+00 1.000000000000000000e+00 9.967948717948718063e-01 0.000000000000000000e+00 1.000000000000000000e+00 0.000000000000000000e+00 9.936305732484076447e-01 0.000000000000000000e+00 
1.257293661183211952e-05 4.760228097438812256e-03 0.000000000000000000e+00 1.000000000000000000e+00 9.967948717948718063e-01 0.000000000000000000e+00 1.000000000000000000e+00 0.000000000000000000e+00 9.936305732484076447e-01 0.000000000000000000e+00 
1.193217849504435435e-05 4.789648577570915222e-03 0.000000000000000000e+00 1.000000000000000000e+00 9.967948717948718063e-01 0.000000000000000000e+00 1.000000000000000000e+00 0.000000000000000000e+00 9.936305732484076447e-01 0.000000000000000000e+00 
1.185022119898349047e-05 4.914785269647836685e-03 0.000000000000000000e+00 1.000000000000000000e+00 9.967948717948718063e-01 0.000000000000000000e+00 1.000000000000000000e+00 0.000000000000000000e+00 9.936305732484076447e-01 0.000000000000000000e+00 
1.162670105259167030e-05 4.929952323436737061e-03 0.000000000000000000e+00 1.000000000000000000e+00 9.967948717948718063e-01 0.000000000000000000e+00 1.000000000000000000e+00 0.000000000000000000e+00 9.936305732484076447e-01 0.000000000000000000e+00 
1.152239110524533316e-05 5.334132816642522812e-03 0.000000000000000000e+00 1.000000000000000000e+00 9.967948717948718063e-01 0.000000000000000000e+00 1.000000000000000000e+00 0.000000000000000000e+00 9.936305732484076447e-01 0.000000000000000000e+00 
1.123926631407812238e-05 4.727965686470270157e-03 0.000000000000000000e+00 1.000000000000000000e+00 9.967948717948718063e-01 0.000000000000000000e+00 1.000000000000000000e+00 0.000000000000000000e+00 9.936305732484076447e-01 0.000000000000000000e+00 
1.059478381648659706e-05 5.114950705319643021e-03 0.000000000000000000e+00 1.000000000000000000e+00 9.967948717948718063e-01 0.000000000000000000e+00 1.000000000000000000e+00 0.000000000000000000e+00 9.936305732484076447e-01 0.000000000000000000e+00 
1.030048224492929876e-05 5.452815443277359009e-03 0.000000000000000000e+00 1.000000000000000000e+00 9.967948717948718063e-01 0.000000000000000000e+00 1.000000000000000000e+00 0.000000000000000000e+00 9.936305732484076447e-01 0.000000000000000000e+00 
1.012166649161372334e-05 5.204760935157537460e-03 0.000000000000000000e+00 1.000000000000000000e+00 9.967948717948718063e-01 0.000000000000000000e+00 1.000000000000000000e+00 0.000000000000000000e+00 9.936305732484076447e-01 0.000000000000000000e+00 
1.002480894385371357e-05 5.432474892586469650e-03 0.000000000000000000e+00 1.000000000000000000e+00 9.967948717948718063e-01 0.000000000000000000e+00 1.000000000000000000e+00 0.000000000000000000e+00 9.936305732484076447e-01 0.000000000000000000e+00 
1.015519592328928411e-05 5.278827156871557236e-03 0.000000000000000000e+00 1.000000000000000000e+00 9.967948717948718063e-01 0.000000000000000000e+00 1.000000000000000000e+00 0.000000000000000000e+00 9.936305732484076447e-01 0.000000000000000000e+00 
9.652276276028715074e-06 5.261186975985765457e-03 0.000000000000000000e+00 1.000000000000000000e+00 9.967948717948718063e-01 0.000000000000000000e+00 1.000000000000000000e+00 0.000000000000000000e+00 9.936305732484076447e-01 0.000000000000000000e+00 
9.331896762887481600e-06 5.734713282436132431e-03 0.000000000000000000e+00 1.000000000000000000e+00 9.967948717948718063e-01 0.000000000000000000e+00 1.000000000000000000e+00 0.000000000000000000e+00 9.936305732484076447e-01 0.000000000000000000e+00 
9.287194188800640404e-06 5.615070462226867676e-03 0.000000000000000000e+00 1.000000000000000000e+00 9.967948717948718063e-01 0.000000000000000000e+00 1.000000000000000000e+00 0.000000000000000000e+00 9.936305732484076447e-01 0.000000000000000000e+00 
9.018969649332575500e-06 5.828765220940113068e-03 0.000000000000000000e+00 1.000000000000000000e+00 9.967948717948718063e-01 0.000000000000000000e+00 1.000000000000000000e+00 0.000000000000000000e+00 9.936305732484076447e-01 0.000000000000000000e+00 
8.840154805511701852e-06 5.718078464269638062e-03 0.000000000000000000e+00 1.000000000000000000e+00 9.967948717948718063e-01 0.000000000000000000e+00 1.000000000000000000e+00 0.000000000000000000e+00 9.936305732484076447e-01 0.000000000000000000e+00 
8.676240213389974087e-06 5.849278997629880905e-03 0.000000000000000000e+00 1.000000000000000000e+00 9.967948717948718063e-01 0.000000000000000000e+00 1.000000000000000000e+00 0.000000000000000000e+00 9.936305732484076447e-01 0.000000000000000000e+00 
8.560755304642952979e-06 5.947372876107692719e-03 0.000000000000000000e+00 1.000000000000000000e+00 9.967948717948718063e-01 0.000000000000000000e+00 1.000000000000000000e+00 0.000000000000000000e+00 9.936305732484076447e-01 0.000000000000000000e+00 
8.150969733833335340e-06 6.184885744005441666e-03 0.000000000000000000e+00 1.000000000000000000e+00 9.967948717948718063e-01 0.000000000000000000e+00 1.000000000000000000e+00 0.000000000000000000e+00 9.936305732484076447e-01 0.000000000000000000e+00 
7.964703399920836091e-06 6.137684453278779984e-03 0.000000000000000000e+00 1.000000000000000000e+00 9.967948717948718063e-01 0.000000000000000000e+00 1.000000000000000000e+00 0.000000000000000000e+00 9.936305732484076447e-01 0.000000000000000000e+00 
8.031759534787852317e-06 6.042086984962224960e-03 0.000000000000000000e+00 1.000000000000000000e+00 9.967948717948718063e-01 0.000000000000000000e+00 1.000000000000000000e+00 0.000000000000000000e+00 9.936305732484076447e-01 0.000000000000000000e+00 
7.584721060993615538e-06 6.013446487486362457e-03 0.000000000000000000e+00 1.000000000000000000e+00 9.967948717948718063e-01 0.000000000000000000e+00 1.000000000000000000e+00 0.000000000000000000e+00 9.936305732484076447e-01 0.000000000000000000e+00 
7.491587894037365913e-06 6.499285809695720673e-03 0.000000000000000000e+00 1.000000000000000000e+00 9.967948717948718063e-01 0.000000000000000000e+00 1.000000000000000000e+00 0.000000000000000000e+00 9.936305732484076447e-01 0.000000000000000000e+00 
7.443159120157361031e-06 6.400784011930227280e-03 0.000000000000000000e+00 1.000000000000000000e+00 9.967948717948718063e-01 0.000000000000000000e+00 1.000000000000000000e+00 0.000000000000000000e+00 9.936305732484076447e-01 0.000000000000000000e+00 
7.167484909587074071e-06 6.267304066568613052e-03 0.000000000000000000e+00 1.000000000000000000e+00 9.967948717948718063e-01 0.000000000000000000e+00 1.000000000000000000e+00 0.000000000000000000e+00 9.936305732484076447e-01 0.000000000000000000e+00 
7.055725745885865763e-06 6.481075193732976913e-03 0.000000000000000000e+00 1.000000000000000000e+00 9.967948717948718063e-01 0.000000000000000000e+00 1.000000000000000000e+00 0.000000000000000000e+00 9.936305732484076447e-01 0.000000000000000000e+00 
7.100429684214759618e-06 6.842452101409435272e-03 0.000000000000000000e+00 1.000000000000000000e+00 9.967948717948718063e-01 0.000000000000000000e+00 1.000000000000000000e+00 0.000000000000000000e+00 9.936305732484076447e-01 0.000000000000000000e+00 
6.865734576422255486e-06 7.019679062068462372e-03 0.000000000000000000e+00 1.000000000000000000e+00 9.967948717948718063e-01 0.000000000000000000e+00 1.000000000000000000e+00 0.000000000000000000e+00 9.936305732484076447e-01 0.000000000000000000e+00 
6.694370313198305666e-06 6.939872168004512787e-03 0.000000000000000000e+00 1.000000000000000000e+00 9.967948717948718063e-01 0.000000000000000000e+00 1.000000000000000000e+00 0.000000000000000000e+00 9.936305732484076447e-01 0.000000000000000000e+00 
6.590061275346670300e-06 7.292785681784152985e-03 0.000000000000000000e+00 1.000000000000000000e+00 9.967948717948718063e-01 0.000000000000000000e+00 1.000000000000000000e+00 0.000000000000000000e+00 9.936305732484076447e-01 0.000000000000000000e+00 
6.437323463615030050e-06 7.059215102344751358e-03 0.000000000000000000e+00 1.000000000000000000e+00 9.967948717948718063e-01 0.000000000000000000e+00 1.000000000000000000e+00 0.000000000000000000e+00 9.936305732484076447e-01 0.000000000000000000e+00 
6.221254807314835489e-06 7.369599305093288422e-03 0.000000000000000000e+00 1.000000000000000000e+00 9.967948717948718063e-01 0.000000000000000000e+00 1.000000000000000000e+00 0.000000000000000000e+00 9.936305732484076447e-01 0.000000000000000000e+00 
6.221254807314835489e-06 7.105330005288124084e-03 0.000000000000000000e+00 1.000000000000000000e+00 9.967948717948718063e-01 0.000000000000000000e+00 1.000000000000000000e+00 0.000000000000000000e+00 9.936305732484076447e-01 0.000000000000000000e+00 
6.128122549853287637e-06 7.438885048031806946e-03 0.000000000000000000e+00 1.000000000000000000e+00 9.967948717948718063e-01 0.000000000000000000e+00 1.000000000000000000e+00 0.000000000000000000e+00 9.936305732484076447e-01 0.000000000000000000e+00 
5.941856670688139275e-06 8.159082382917404175e-03 0.000000000000000000e+00 1.000000000000000000e+00 9.967948717948718063e-01 0.000000000000000000e+00 1.000000000000000000e+00 0.000000000000000000e+00 9.936305732484076447e-01 0.000000000000000000e+00 
5.863625119673088193e-06 8.114091120660305023e-03 0.000000000000000000e+00 1.000000000000000000e+00 9.967948717948718063e-01 0.000000000000000000e+00 1.000000000000000000e+00 0.000000000000000000e+00 9.936305732484076447e-01 0.000000000000000000e+00 
5.759316081821452826e-06 8.817990310490131378e-03 0.000000000000000000e+00 1.000000000000000000e+00 9.967948717948718063e-01 0.000000000000000000e+00 1.000000000000000000e+00 0.000000000000000000e+00 9.936305732484076447e-01 0.000000000000000000e+00 
5.554424205911345780e-06 9.065927937626838684e-03 0.000000000000000000e+00 1.000000000000000000e+00 9.967948717948718063e-01 0.000000000000000000e+00 1.000000000000000000e+00 0.000000000000000000e+00 9.936305732484076447e-01 0.000000000000000000e+00 
5.554424205911345780e-06 9.300175122916698456e-03 0.000000000000000000e+00 1.000000000000000000e+00 9.967948717948718063e-01 0.000000000000000000e+00 1.000000000000000000e+00 0.000000000000000000e+00 9.936305732484076447e-01 0.000000000000000000e+00 
5.319729098118841648e-06 1.022654585540294647e-02 0.000000000000000000e+00 1.000000000000000000e+00 9.967948717948718063e-01 0.000000000000000000e+00 1.000000000000000000e+00 0.000000000000000000e+00 9.936305732484076447e-01 0.000000000000000000e+00 
5.263849743641912937e-06 1.076532155275344849e-02 0.000000000000000000e+00 1.000000000000000000e+00 9.967948717948718063e-01 0.000000000000000000e+00 1.000000000000000000e+00 0.000000000000000000e+00 9.936305732484076447e-01 0.000000000000000000e+00 
5.222871550358831882e-06 1.076349709182977676e-02 0.000000000000000000e+00 1.000000000000000000e+00 9.967948717948718063e-01 0.000000000000000000e+00 1.000000000000000000e+00 0.000000000000000000e+00 9.936305732484076447e-01 0.000000000000000000e+00 
5.222871550358831882e-06 1.158291567116975784e-02 0.000000000000000000e+00 1.000000000000000000e+00 9.967948717948718063e-01 0.000000000000000000e+00 1.000000000000000000e+00 0.000000000000000000e+00 9.936305732484076447e-01 0.000000000000000000e+00 
5.181893357075750828e-06 1.197191048413515091e-02 0.000000000000000000e+00 1.000000000000000000e+00 9.967948717948718063e-01 0.000000000000000000e+00 1.000000000000000000e+00 0.000000000000000000e+00 9.936305732484076447e-01 0.000000000000000000e+00 
4.921121217194013298e-06 1.338163577020168304e-02 0.000000000000000000e+00 1.000000000000000000e+00 9.967948717948718063e-01 0.000000000000000000e+00 1.000000000000000000e+00 0.000000000000000000e+00 9.936305732484076447e-01 0.000000000000000000e+00 
5.021704509999835864e-06 1.341467350721359253e-02 0.000000000000000000e+00 1.000000000000000000e+00 9.967948717948718063e-01 0.000000000000000000e+00 1.000000000000000000e+00 0.000000000000000000e+00 9.936305732484076447e-01 0.000000000000000000e+00 
4.891318894806317985e-06 1.353817898780107498e-02 0.000000000000000000e+00 1.000000000000000000e+00 9.967948717948718063e-01 0.000000000000000000e+00 1.000000000000000000e+00 0.000000000000000000e+00 9.936305732484076447e-01 0.000000000000000000e+00 
4.790735147253144532e-06 1.580088026821613312e-02 0.000000000000000000e+00 1.000000000000000000e+00 9.951923076923077094e-01 0.000000000000000000e+00 1.000000000000000000e+00 0.000000000000000000e+00 9.904761904761905100e-01 0.000000000000000000e+00 
4.727405212179291993e-06 1.697671785950660706e-02 0.000000000000000000e+00 1.000000000000000000e+00 9.951923076923077094e-01 0.000000000000000000e+00 1.000000000000000000e+00 0.000000000000000000e+00 9.904761904761905100e-01 0.000000000000000000e+00 
4.716229341283906251e-06 1.818428747355937958e-02 0.000000000000000000e+00 1.000000000000000000e+00 9.951923076923077094e-01 0.000000000000000000e+00 1.000000000000000000e+00 0.000000000000000000e+00 9.904761904761905100e-01 0.000000000000000000e+00 
4.567216819850727916e-06 1.862351782619953156e-02 0.000000000000000000e+00 1.000000000000000000e+00 9.951923076923077094e-01 0.000000000000000000e+00 1.000000000000000000e+00 0.000000000000000000e+00 9.904761904761905100e-01 0.000000000000000000e+00 
4.511337465373799205e-06 1.952584832906723022e-02 0.000000000000000000e+00 1.000000000000000000e+00 9.951923076923077094e-01 0.000000000000000000e+00 1.000000000000000000e+00 0.000000000000000000e+00 9.904761904761905100e-01 0.000000000000000000e+00 
4.462908691493794322e-06 2.087412029504776001e-02 0.000000000000000000e+00 1.000000000000000000e+00 9.951923076923077094e-01 0.000000000000000000e+00 1.000000000000000000e+00 0.000000000000000000e+00 9.904761904761905100e-01 0.000000000000000000e+00 
4.425655333761824295e-06 2.324994280934333801e-02 0.000000000000000000e+00 1.000000000000000000e+00 9.951923076923077094e-01 0.000000000000000000e+00 1.000000000000000000e+00 0.000000000000000000e+00 9.904761904761905100e-01 0.000000000000000000e+00 
4.339973202149849385e-06 2.457898482680320740e-02 0.000000000000000000e+00 1.000000000000000000e+00 9.935897435897436125e-01 0.000000000000000000e+00 1.000000000000000000e+00 0.000000000000000000e+00 9.873417721518987777e-01 0.000000000000000000e+00 
4.351149073045235127e-06 2.674719691276550293e-02 0.000000000000000000e+00 1.000000000000000000e+00 9.919871794871795156e-01 0.000000000000000000e+00 1.000000000000000000e+00 0.000000000000000000e+00 9.842271293375394192e-01 0.000000000000000000e+00 
4.213312422507442534e-06 2.916127257049083710e-02 0.000000000000000000e+00 1.000000000000000000e+00 9.919871794871795156e-01 0.000000000000000000e+00 1.000000000000000000e+00 0.000000000000000000e+00 9.842271293375394192e-01 0.000000000000000000e+00 
4.213312422507442534e-06 3.092109970748424530e-02 0.000000000000000000e+00 1.000000000000000000e+00 9.919871794871795156e-01 0.000000000000000000e+00 1.000000000000000000e+00 0.000000000000000000e+00 9.842271293375394192e-01 0.000000000000000000e+00 
4.194685971015132964e-06 3.422205150127410889e-02 0.000000000000000000e+00 1.000000000000000000e+00 9.919871794871795156e-01 0.000000000000000000e+00 1.000000000000000000e+00 0.000000000000000000e+00 9.842271293375394192e-01 0.000000000000000000e+00 
4.194685971015132964e-06 3.512747585773468018e-02 0.000000000000000000e+00 1.000000000000000000e+00 9.919871794871795156e-01 0.000000000000000000e+00 1.000000000000000000e+00 0.000000000000000000e+00 9.842271293375394192e-01 0.000000000000000000e+00 
4.109004294150508940e-06 3.795189410448074341e-02 0.000000000000000000e+00 1.000000000000000000e+00 9.919871794871795156e-01 0.000000000000000000e+00 1.000000000000000000e+00 0.000000000000000000e+00 9.842271293375394192e-01 0.000000000000000000e+00 
4.049399194627767429e-06 4.002715274691581726e-02 0.000000000000000000e+00 1.000000000000000000e+00 9.919871794871795156e-01 0.000000000000000000e+00 1.000000000000000000e+00 0.000000000000000000e+00 9.842271293375394192e-01 0.000000000000000000e+00 
4.027047452836995944e-06 4.472992941737174988e-02 0.000000000000000000e+00 1.000000000000000000e+00 9.919871794871795156e-01 0.000000000000000000e+00 1.000000000000000000e+00 0.000000000000000000e+00 9.842271293375394192e-01 0.000000000000000000e+00 
4.019596872240072116e-06 4.418878257274627686e-02 0.000000000000000000e+00 1.000000000000000000e+00 9.919871794871795156e-01 0.000000000000000000e+00 1.000000000000000000e+00 0.000000000000000000e+00 9.842271293375394192e-01 0.000000000000000000e+00 
3.952541192120406777e-06 4.768351092934608459e-02 0.000000000000000000e+00 1.000000000000000000e+00 9.919871794871795156e-01 0.000000000000000000e+00 1.000000000000000000e+00 0.000000000000000000e+00 9.842271293375394192e-01 0.000000000000000000e+00 
3.952541192120406777e-06 5.135634168982505798e-02 0.000000000000000000e+00 1.000000000000000000e+00 9.903846153846154188e-01 0.000000000000000000e+00 1.000000000000000000e+00 0.000000000000000000e+00 9.811320754716981174e-01 0.000000000000000000e+00 
3.971167643612716347e-06 5.147781223058700562e-02 0.000000000000000000e+00 1.000000000000000000e+00 9.903846153846154188e-01 0.000000000000000000e+00 1.000000000000000000e+00 0.000000000000000000e+00 9.811320754716981174e-01 0.000000000000000000e+00 
3.870584350806893781e-06 5.623925104737281799e-02 0.000000000000000000e+00 1.000000000000000000e+00 9.903846153846154188e-01 0.000000000000000000e+00 1.000000000000000000e+00 0.000000000000000000e+00 9.811320754716981174e-01 0.000000000000000000e+00 
3.933914740628097206e-06 5.724985152482986450e-02 0.000000000000000000e+00 1.000000000000000000e+00 9.903846153846154188e-01 0.000000000000000000e+00 1.000000000000000000e+00 0.000000000000000000e+00 9.811320754716981174e-01 0.000000000000000000e+00 
3.885485966748092324e-06 6.232605874538421631e-02 0.000000000000000000e+00 1.000000000000000000e+00 9.903846153846154188e-01 0.000000000000000000e+00 1.000000000000000000e+00 0.000000000000000000e+00 9.811320754716981174e-01 0.000000000000000000e+00 
3.900386673194589093e-06 6.367599219083786011e-02 0.000000000000000000e+00 1.000000000000000000e+00 9.903846153846154188e-01 0.000000000000000000e+00 1.000000000000000000e+00 0.000000000000000000e+00 9.811320754716981174e-01 0.000000000000000000e+00 
3.840782028419198468e-06 7.060684263706207275e-02 0.000000000000000000e+00 1.000000000000000000e+00 9.887820512820513219e-01 0.000000000000000000e+00 1.000000000000000000e+00 0.000000000000000000e+00 9.780564263322883978e-01 0.000000000000000000e+00 
3.866859060508431867e-06 7.508360594511032104e-02 0.000000000000000000e+00 1.000000000000000000e+00 9.871794871794872250e-01 0.000000000000000000e+00 1.000000000000000000e+00 0.000000000000000000e+00 9.749999999999999778e-01 0.000000000000000000e+00 
3.837056738120736554e-06 7.613611221313476562e-02 0.000000000000000000e+00 1.000000000000000000e+00 9.871794871794872250e-01 0.000000000000000000e+00 1.000000000000000000e+00 0.000000000000000000e+00 9.749999999999999778e-01 0.000000000000000000e+00 
3.855683189613046125e-06 7.734739035367965698e-02 0.000000000000000000e+00 1.000000000000000000e+00 9.871794871794872250e-01 0.000000000000000000e+00 1.000000000000000000e+00 0.000000000000000000e+00 9.749999999999999778e-01 0.000000000000000000e+00 
3.792353027165518142e-06 8.558142930269241333e-02 0.000000000000000000e+00 1.000000000000000000e+00 9.855769230769231282e-01 0.000000000000000000e+00 1.000000000000000000e+00 0.000000000000000000e+00 9.719626168224299034e-01 0.000000000000000000e+00 
3.810979706031503156e-06 8.869745582342147827e-02 0.000000000000000000e+00 1.000000000000000000e+00 9.855769230769231282e-01 0.000000000000000000e+00 1.000000000000000000e+00 0.000000000000000000e+00 9.719626168224299034e-01 0.000000000000000000e+00 
3.818430286628426984e-06 9.279669076204299927e-02 0.000000000000000000e+00 1.000000000000000000e+00 9.855769230769231282e-01 0.000000000000000000e+00 1.000000000000000000e+00 0.000000000000000000e+00 9.719626168224299034e-01 0.000000000000000000e+00 
3.755100124180899002e-06 9.717597812414169312e-02 0.000000000000000000e+00 1.000000000000000000e+00 9.855769230769231282e-01 0.000000000000000000e+00 1.000000000000000000e+00 0.000000000000000000e+00 9.719626168224299034e-01 0.000000000000000000e+00 
3.799803380388766527e-06 1.006674841046333313e-01 0.000000000000000000e+00 1.000000000000000000e+00 9.855769230769231282e-01 0.000000000000000000e+00 1.000000000000000000e+00 0.000000000000000000e+00 9.719626168224299034e-01 0.000000000000000000e+00 
3.814704541582614183e-06 1.066559776663780212e-01 0.000000000000000000e+00 1.000000000000000000e+00 9.839743589743589203e-01 0.000000000000000000e+00 1.000000000000000000e+00 0.000000000000000000e+00 9.689440993788820400e-01 0.000000000000000000e+00 
3.829605702776461840e-06 1.205020099878311157e-01 0.000000000000000000e+00 1.000000000000000000e+00 9.823717948717948234e-01 0.000000000000000000e+00 1.000000000000000000e+00 0.000000000000000000e+00 9.659442724458204843e-01 0.000000000000000000e+00 
3.825880867225350812e-06 1.203746199607849121e-01 0.000000000000000000e+00 1.000000000000000000e+00 9.823717948717948234e-01 0.000000000000000000e+00 1.000000000000000000e+00 0.000000000000000000e+00 9.659442724458204843e-01 0.000000000000000000e+00 
3.866859060508431867e-06 1.271992772817611694e-01 0.000000000000000000e+00 1.000000000000000000e+00 9.823717948717948234e-01 0.000000000000000000e+00 1.000000000000000000e+00 0.000000000000000000e+00 9.659442724458204843e-01 0.000000000000000000e+00 
3.859408025164157152e-06 1.276276260614395142e-01 0.000000000000000000e+00 1.000000000000000000e+00 9.823717948717948234e-01 0.000000000000000000e+00 1.000000000000000000e+00 0.000000000000000000e+00 9.659442724458204843e-01 0.000000000000000000e+00 
3.900386673194589093e-06 1.357236504554748535e-01 0.000000000000000000e+00 1.000000000000000000e+00 9.823717948717948234e-01 0.000000000000000000e+00 1.000000000000000000e+00 0.000000000000000000e+00 9.659442724458204843e-01 0.000000000000000000e+00 
3.978618224209640175e-06 1.427315175533294678e-01 0.000000000000000000e+00 1.000000000000000000e+00 9.807692307692307265e-01 0.000000000000000000e+00 1.000000000000000000e+00 0.000000000000000000e+00 9.629629629629629095e-01 0.000000000000000000e+00 
3.933914740628097206e-06 1.486996710300445557e-01 0.000000000000000000e+00 1.000000000000000000e+00 9.807692307692307265e-01 0.000000000000000000e+00 1.000000000000000000e+00 0.000000000000000000e+00 9.629629629629629095e-01 0.000000000000000000e+00 
3.963717063015792519e-06 1.534490585327148438e-01 0.000000000000000000e+00 1.000000000000000000e+00 9.791666666666666297e-01 0.000000000000000000e+00 1.000000000000000000e+00 0.000000000000000000e+00 9.599999999999999645e-01 0.000000000000000000e+00 
3.989794095105025917e-06 1.602765172719955444e-01 0.000000000000000000e+00 1.000000000000000000e+00 9.791666666666666297e-01 0.000000000000000000e+00 1.000000000000000000e+00 0.000000000000000000e+00 9.599999999999999645e-01 0.000000000000000000e+00 
3.982343514508102089e-06 1.644551604986190796e-01 0.000000000000000000e+00 1.000000000000000000e+00 9.791666666666666297e-01 0.000000000000000000e+00 1.000000000000000000e+00 0.000000000000000000e+00 9.599999999999999645e-01 0.000000000000000000e+00 
4.064299901074264199e-06 1.676486432552337646e-01 0.000000000000000000e+00 1.000000000000000000e+00 9.791666666666666297e-01 0.000000000000000000e+00 1.000000000000000000e+00 0.000000000000000000e+00 9.599999999999999645e-01 0.000000000000000000e+00 
4.086651642865035683e-06 1.884267777204513550e-01 0.000000000000000000e+00 1.000000000000000000e+00 9.743589743589743390e-01 0.000000000000000000e+00 1.000000000000000000e+00 0.000000000000000000e+00 9.512195121951219079e-01 0.000000000000000000e+00 
4.187235390418209136e-06 2.169020473957061768e-01 0.000000000000000000e+00 1.000000000000000000e+00 9.679487179487179516e-01 0.000000000000000000e+00 1.000000000000000000e+00 0.000000000000000000e+00 9.397590361445783413e-01 0.000000000000000000e+00 
4.217037712805904448e-06 2.409141510725021362e-01 0.000000000000000000e+00 1.000000000000000000e+00 9.663461538461538547e-01 0.000000000000000000e+00 1.000000000000000000e+00 0.000000000000000000e+00 9.369369369369369149e-01 0.000000000000000000e+00 
4.235664164298214018e-06 2.206650227308273315e-01 0.000000000000000000e+00 1.000000000000000000e+00 9.679487179487179516e-01 0.000000000000000000e+00 1.000000000000000000e+00 0.000000000000000000e+00 9.397590361445783413e-01 0.000000000000000000e+00 
4.269191776984371245e-06 2.387905418872833252e-01 0.000000000000000000e+00 1.000000000000000000e+00 9.663461538461538547e-01 0.000000000000000000e+00 1.000000000000000000e+00 0.000000000000000000e+00 9.369369369369369149e-01 0.000000000000000000e+00 
4.369775069790193811e-06 2.461970895528793335e-01 0.000000000000000000e+00 1.000000000000000000e+00 9.663461538461538547e-01 0.000000000000000000e+00 1.000000000000000000e+00 0.000000000000000000e+00 9.369369369369369149e-01 0.000000000000000000e+00 
4.339972292655147612e-06 2.393040806055068970e-01 0.000000000000000000e+00 1.000000000000000000e+00 9.663461538461538547e-01 0.000000000000000000e+00 1.000000000000000000e+00 0.000000000000000000e+00 9.369369369369369149e-01 0.000000000000000000e+00 
4.451731911103706807e-06 2.836420238018035889e-01 0.000000000000000000e+00 1.000000000000000000e+00 9.647435897435897578e-01 0.000000000000000000e+00 1.000000000000000000e+00 0.000000000000000000e+00 9.341317365269461437e-01 0.000000000000000000e+00 
4.507611265580635518e-06 2.805256545543670654e-01 0.000000000000000000e+00 1.000000000000000000e+00 9.647435897435897578e-01 0.000000000000000000e+00 1.000000000000000000e+00 0.000000000000000000e+00 9.341317365269461437e-01 0.000000000000000000e+00 
4.500160684983711690e-06 2.681122422218322754e-01 0.000000000000000000e+00 1.000000000000000000e+00 9.647435897435897578e-01 0.000000000000000000e+00 1.000000000000000000e+00 0.000000000000000000e+00 9.341317365269461437e-01 0.000000000000000000e+00 
4.529963462118757889e-06 2.821798622608184814e-01 0.000000000000000000e+00 1.000000000000000000e+00 9.647435897435897578e-01 0.000000000000000000e+00 1.000000000000000000e+00 0.000000000000000000e+00 9.341317365269461437e-01 0.000000000000000000e+00 
4.578392235998762771e-06 3.089054226875305176e-01 0.000000000000000000e+00 1.000000000000000000e+00 9.631410256410256610e-01 0.000000000000000000e+00 1.000000000000000000e+00 0.000000000000000000e+00 9.313432835820895095e-01 0.000000000000000000e+00 
4.723679467133479193e-06 3.021474480628967285e-01 0.000000000000000000e+00 1.000000000000000000e+00 9.647435897435897578e-01 0.000000000000000000e+00 1.000000000000000000e+00 0.000000000000000000e+00 9.341317365269461437e-01 0.000000000000000000e+00 
4.645447916118428111e-06 3.365153968334197998e-01 0.000000000000000000e+00 1.000000000000000000e+00 9.615384615384615641e-01 0.000000000000000000e+00 1.000000000000000000e+00 0.000000000000000000e+00 9.285714285714286031e-01 0.000000000000000000e+00 
4.790735147253144532e-06 3.866010606288909912e-01 0.000000000000000000e+00 1.000000000000000000e+00 9.583333333333333703e-01 0.000000000000000000e+00 1.000000000000000000e+00 0.000000000000000000e+00 9.230769230769231282e-01 0.000000000000000000e+00 
4.719953722087666392e-06 3.563070893287658691e-01 0.000000000000000000e+00 1.000000000000000000e+00 9.599358974358974672e-01 0.000000000000000000e+00 1.000000000000000000e+00 0.000000000000000000e+00 9.258160237388723957e-01 0.000000000000000000e+00 
4.813086889043916017e-06 3.639542758464813232e-01 0.000000000000000000e+00 1.000000000000000000e+00 9.599358974358974672e-01 0.000000000000000000e+00 1.000000000000000000e+00 0.000000000000000000e+00 9.258160237388723957e-01 0.000000000000000000e+00 
4.835438630834687501e-06 3.342073261737823486e-01 0.000000000000000000e+00 1.000000000000000000e+00 9.615384615384615641e-01 0.000000000000000000e+00 1.000000000000000000e+00 0.000000000000000000e+00 9.285714285714286031e-01 0.000000000000000000e+00 
4.820537469640839845e-06 3.395620584487915039e-01 0.000000000000000000e+00 1.000000000000000000e+00 9.615384615384615641e-01 0.000000000000000000e+00 1.000000000000000000e+00 0.000000000000000000e+00 9.285714285714286031e-01 0.000000000000000000e+00 
4.898769020655890927e-06 3.815070390701293945e-01 0.000000000000000000e+00 1.000000000000000000e+00 9.567307692307692735e-01 0.000000000000000000e+00 1.000000000000000000e+00 0.000000000000000000e+00 9.203539823008849430e-01 0.000000000000000000e+00 
4.965824700775556266e-06 4.506305754184722900e-01 0.000000000000000000e+00 1.000000000000000000e+00 9.487179487179486781e-01 0.000000000000000000e+00 1.000000000000000000e+00 0.000000000000000000e+00 9.069767441860464574e-01 0.000000000000000000e+00 
4.921120762446662411e-06 3.829843699932098389e-01 0.000000000000000000e+00 1.000000000000000000e+00 9.551282051282051766e-01 0.000000000000000000e+00 9.930555555555555802e-01 0.000000000000000000e+00 9.226190476190476719e-01 0.000000000000000000e+00 
