7.465904951095581055e-01 7.450067400932312012e-01 0.000000000000000000e+00 5.000000000000000000e-01 5.000000000000000000e-01 0.000000000000000000e+00 5.000000000000000000e-01 0.000000000000000000e+00 0.000000000000000000e+00 0.000000000000000000e+00 
6.666352152824401855e-01 6.978493928909301758e-01 0.000000000000000000e+00 8.750000000000000000e-01 4.903846153846153633e-01 0.000000000000000000e+00 4.931192660550458573e-01 0.000000000000000000e+00 4.840425531914893664e-01 0.000000000000000000e+00 
2.888202071189880371e-01 3.389486074447631836e-01 0.000000000000000000e+00 1.000000000000000000e+00 9.983974358974359031e-01 0.000000000000000000e+00 1.000000000000000000e+00 0.000000000000000000e+00 9.968051118210862205e-01 0.000000000000000000e+00 
1.106077656149864197e-01 1.241660043597221375e-01 0.000000000000000000e+00 1.000000000000000000e+00 1.000000000000000000e+00 0.000000000000000000e+00 1.000000000000000000e+00 0.000000000000000000e+00 1.000000000000000000e+00 0.000000000000000000e+00 
5.838493257761001587e-02 6.327989697456359863e-02 0.000000000000000000e+00 1.000000000000000000e+00 1.000000000000000000e+00 0.000000000000000000e+00 1.000000000000000000e+00 0.000000000000000000e+00 1.000000000000000000e+00 0.000000000000000000e+00 
3.517309203743934631e-02 3.794078528881072998e-02 0.000000000000000000e+00 1.000000000000000000e+00 1.000000000000000000e+00 0.000000000000000000e+00 1.000000000000000000e+00 0.000000000000000000e+00 1.000000000000000000e+00 0.000000000000000000e+00 
2.379577793180942535e-02 2.529586851596832275e-02 0.000000000000000000e+00 1.000000000000000000e+00 1.000000000000000000e+00 0.000000000000000000e+00 1.000000000000000000e+00 0.000000000000000000e+00 1.000000000000000000e+00 0.000000000000000000e+00 
1.747163571417331696e-02 1.844681799411773682e-02 0.000000000000000000e+00 1.000000000000000000e+00 1.000000000000000000e+00 0.000000000000000000e+00 1.000000000000000000e+00 0.000000000000000000e+00 1.000000000000000000e+00 0.000000000000000000e+00 
1.337817311286926270e-02 1.418120414018630981e-02 0.000000000000000000e+00 1.000000000000000000e+00 1.000000000000000000e+00 0.000000000000000000e+00 1.000000000000000000e+00 0.000000000000000000e+00 1.000000000000000000e+00 0.000000000000000000e+00 
1.072709448635578156e-02 1.125460769981145859e-02 0.000000000000000000e+00 1.000000000000000000e+00 1.000000000000000000e+00 0.000000000000000000e+00 1.000000000000000000e+00 0.000000000000000000e+00 1.000000000000000000e+00 0.000000000000000000e+00 
8.674234151840209961e-03 9.159574285149574280e-03 0.000000000000000000e+00 1.000000000000000000e+00 1.000000000000000000e+00 0.000000000000000000e+00 1.000000000000000000e+00 0.000000000000000000e+00 1.000000000000000000e+00 0.000000000000000000e+00 
7.185080554336309433e-03 7.608464453369379044e-03 0.000000000000000000e+00 1.000000000000000000e+00 1.000000000000000000e+00 0.000000000000000000e+00 1.000000000000000000e+00 0.000000000000000000e+00 1.000000000000000000e+00 0.000000000000000000e+00 
6.166337989270687103e-03 6.431225221604108810e-03 0.000000000000000000e+00 1.000000000000000000e+00 1.000000000000000000e+00 0.000000000000000000e+00 1.000000000000000000e+00 0.000000000000000000e+00 1.000000000000000000e+00 0.000000000000000000e+00 
5.242409184575080872e-03 5.509855691343545914e-03 0.000000000000000000e+00 1.000000000000000000e+00 1.000000000000000000e+00 0.000000000000000000e+00 1.000000000000000000e+00 0.000000000000000000e+00 1.000000000000000000e+00 0.000000000000000000e+00 
4.536467604339122772e-03 4.793144296854734421e-03 0.000000000000000000e+00 1.000000000000000000e+00 1.000000000000000000e+00 0.000000000000000000e+00 1.000000000000000000e+00 0.000000000000000000e+00 1.000000000000000000e+00 0.000000000000000000e+00 
4.015728831291198730e-03 4.223165102303028107e-03 0.000000000000000000e+00 1.000000000000000000e+00 1.000000000000000000e+00 0.000000000000000000e+00 1.000000000000000000e+00 0.000000000000000000e+00 1.000000000000000000e+00 0.000000000000000000e+00 
3.525625215843319893e-03 3.743681358173489571e-03 0.000000000000000000e+00 1.000000000000000000e+00 1.000000000000000000e+00 0.000000000000000000e+00 1.000000000000000000e+00 0.000000000000000000e+00 1.000000000000000000e+00 0.000000000000000000e+00 
3.175302408635616302e-03 3.355910535901784897e-03 0.000000000000000000e+00 1.000000000000000000e+00 1.000000000000000000e+00 0.000000000000000000e+00 1.000000000000000000e+00 0.000000000000000000e+00 1.000000000000000000e+00 0.000000000000000000e+00 
2.850642427802085876e-03 3.040543058887124062e-03 0.000000000000000000e+00 1.000000000000000000e+00 1.000000000000000000e+00 0.000000000000000000e+00 1.000000000000000000e+00 0.000000000000000000e+00 1.000000000000000000e+00 0.000000000000000000e+00 
2.570885000750422478e-03 2.764330012723803520e-03 0.000000000000000000e+00 1.000000000000000000e+00 1.000000000000000000e+00 0.000000000000000000e+00 1.000000000000000000e+00 0.000000000000000000e+00 1.000000000000000000e+00 0.000000000000000000e+00 
2.355878474190831184e-03 2.541496418416500092e-03 0.000000000000000000e+00 1.000000000000000000e+00 1.000000000000000000e+00 0.000000000000000000e+00 1.000000000000000000e+00 0.000000000000000000e+00 1.000000000000000000e+00 0.000000000000000000e+00 
2.162544056773185730e-03 2.340868581086397171e-03 0.000000000000000000e+00 1.000000000000000000e+00 1.000000000000000000e+00 0.000000000000000000e+00 1.000000000000000000e+00 0.000000000000000000e+00 1.000000000000000000e+00 0.000000000000000000e+00 
1.987116876989603043e-03 2.176731126382946968e-03 0.000000000000000000e+00 1.000000000000000000e+00 1.000000000000000000e+00 0.000000000000000000e+00 1.000000000000000000e+00 0.000000000000000000e+00 1.000000000000000000e+00 0.000000000000000000e+00 
1.856355927884578705e-03 2.032701158896088600e-03 0.000000000000000000e+00 1.000000000000000000e+00 1.000000000000000000e+00 0.000000000000000000e+00 1.000000000000000000e+00 0.000000000000000000e+00 1.000000000000000000e+00 0.000000000000000000e+00 
1.707865740172564983e-03 1.918493537232279778e-03 0.000000000000000000e+00 1.000000000000000000e+00 1.000000000000000000e+00 0.000000000000000000e+00 1.000000000000000000e+00 0.000000000000000000e+00 1.000000000000000000e+00 0.000000000000000000e+00 
1.616621389985084534e-03 1.810079440474510193e-03 0.000000000000000000e+00 1.000000000000000000e+00 1.000000000000000000e+00 0.000000000000000000e+00 1.000000000000000000e+00 0.000000000000000000e+00 1.000000000000000000e+00 0.000000000000000000e+00 
1.530838315375149250e-03 1.712287310510873795e-03 0.000000000000000000e+00 1.000000000000000000e+00 1.000000000000000000e+00 0.000000000000000000e+00 1.000000000000000000e+00 0.000000000000000000e+00 1.000000000000000000e+00 0.000000000000000000e+00 
1.436405116692185402e-03 1.643486903049051762e-03 0.000000000000000000e+00 1.000000000000000000e+00 1.000000000000000000e+00 0.000000000000000000e+00 1.000000000000000000e+00 0.000000000000000000e+00 1.000000000000000000e+00 0.000000000000000000e+00 
1.347071956843137741e-03 1.562575576826930046e-03 0.000000000000000000e+00 1.000000000000000000e+00 1.000000000000000000e+00 0.000000000000000000e+00 1.000000000000000000e+00 0.000000000000000000e+00 1.000000000000000000e+00 0.000000000000000000e+00 
1.285652862861752510e-03 1.521824509836733341e-03 0.000000000000000000e+00 1.000000000000000000e+00 1.000000000000000000e+00 0.000000000000000000e+00 1.000000000000000000e+00 0.000000000000000000e+00 1.000000000000000000e+00 0.000000000000000000e+00 
1.209584763273596764e-03 1.478059682995080948e-03 0.000000000000000000e+00 1.000000000000000000e+00 1.000000000000000000e+00 0.000000000000000000e+00 1.000000000000000000e+00 0.000000000000000000e+00 1.000000000000000000e+00 0.000000000000000000e+00 
1.157945254817605019e-03 1.404795446433126926e-03 0.000000000000000000e+00 1.000000000000000000e+00 1.000000000000000000e+00 0.000000000000000000e+00 1.000000000000000000e+00 0.000000000000000000e+00 1.000000000000000000e+00 0.000000000000000000e+00 
1.126611721701920033e-03 1.383164548315107822e-03 0.000000000000000000e+00 1.000000000000000000e+00 1.000000000000000000e+00 0.000000000000000000e+00 1.000000000000000000e+00 0.000000000000000000e+00 1.000000000000000000e+00 0.000000000000000000e+00 
1.063445582985877991e-03 1.302175107412040234e-03 0.000000000000000000e+00 1.000000000000000000e+00 1.000000000000000000e+00 0.000000000000000000e+00 1.000000000000000000e+00 0.000000000000000000e+00 1.000000000000000000e+00 0.000000000000000000e+00 
1.006589620374143124e-03 1.255166833288967609e-03 0.000000000000000000e+00 1.000000000000000000e+00 1.000000000000000000e+00 0.000000000000000000e+00 1.000000000000000000e+00 0.000000000000000000e+00 1.000000000000000000e+00 0.000000000000000000e+00 
9.706648415885865688e-04 1.234518946148455143e-03 0.000000000000000000e+00 1.000000000000000000e+00 1.000000000000000000e+00 0.000000000000000000e+00 1.000000000000000000e+00 0.000000000000000000e+00 1.000000000000000000e+00 0.000000000000000000e+00 
9.383414871990680695e-04 1.167861279100179672e-03 0.000000000000000000e+00 1.000000000000000000e+00 1.000000000000000000e+00 0.000000000000000000e+00 1.000000000000000000e+00 0.000000000000000000e+00 1.000000000000000000e+00 0.000000000000000000e+00 
8.963698055595159531e-04 1.125977840274572372e-03 0.000000000000000000e+00 1.000000000000000000e+00 1.000000000000000000e+00 0.000000000000000000e+00 1.000000000000000000e+00 0.000000000000000000e+00 1.000000000000000000e+00 0.000000000000000000e+00 
8.565690368413925171e-04 1.125035923905670643e-03 0.000000000000000000e+00 1.000000000000000000e+00 1.000000000000000000e+00 0.000000000000000000e+00 1.000000000000000000e+00 0.000000000000000000e+00 1.000000000000000000e+00 0.000000000000000000e+00 
8.391883457079529762e-04 1.050452934578061104e-03 0.000000000000000000e+00 1.000000000000000000e+00 1.000000000000000000e+00 0.000000000000000000e+00 1.000000000000000000e+00 0.000000000000000000e+00 1.000000000000000000e+00 0.000000000000000000e+00 
8.184345206245779991e-04 1.003067474812269211e-03 0.000000000000000000e+00 1.000000000000000000e+00 1.000000000000000000e+00 0.000000000000000000e+00 1.000000000000000000e+00 0.000000000000000000e+00 1.000000000000000000e+00 0.000000000000000000e+00 
7.690203492529690266e-04 9.693656465969979763e-04 0.000000000000000000e+00 1.000000000000000000e+00 1.000000000000000000e+00 0.000000000000000000e+00 1.000000000000000000e+00 0.000000000000000000e+00 1.000000000000000000e+00 0.000000000000000000e+00 
7.484846282750368118e-04 9.660308132879436016e-04 0.000000000000000000e+00 1.000000000000000000e+00 1.000000000000000000e+00 0.000000000000000000e+00 1.000000000000000000e+00 0.000000000000000000e+00 1.000000000000000000e+00 0.000000000000000000e+00 
7.206542650237679482e-04 8.885698043741285801e-04 0.000000000000000000e+00 1.000000000000000000e+00 1.000000000000000000e+00 0.000000000000000000e+00 1.000000000000000000e+00 0.000000000000000000e+00 1.000000000000000000e+00 0.000000000000000000e+00 
6.884894100949168205e-04 8.589547360315918922e-04 0.000000000000000000e+00 1.000000000000000000e+00 1.000000000000000000e+00 0.000000000000000000e+00 1.000000000000000000e+00 0.000000000000000000e+00 1.000000000000000000e+00 0.000000000000000000e+00 
6.749161402694880962e-04 8.345238748006522655e-04 0.000000000000000000e+00 1.000000000000000000e+00 1.000000000000000000e+00 0.000000000000000000e+00 1.000000000000000000e+00 0.000000000000000000e+00 1.000000000000000000e+00 0.000000000000000000e+00 
6.470211665146052837e-04 7.959273643791675568e-04 0.000000000000000000e+00 1.000000000000000000e+00 1.000000000000000000e+00 0.000000000000000000e+00 1.000000000000000000e+00 0.000000000000000000e+00 1.000000000000000000e+00 0.000000000000000000e+00 
6.184782250784337521e-04 7.726209587417542934e-04 0.000000000000000000e+00 1.000000000000000000e+00 1.000000000000000000e+00 0.000000000000000000e+00 1.000000000000000000e+00 0.000000000000000000e+00 1.000000000000000000e+00 0.000000000000000000e+00 
5.999221466481685638e-04 7.372610853053629398e-04 0.000000000000000000e+00 1.000000000000000000e+00 1.000000000000000000e+00 0.000000000000000000e+00 1.000000000000000000e+00 0.000000000000000000e+00 1.000000000000000000e+00 0.000000000000000000e+00 
5.746944807469844818e-04 7.180651882663369179e-04 0.000000000000000000e+00 1.000000000000000000e+00 1.000000000000000000e+00 0.000000000000000000e+00 1.000000000000000000e+00 0.000000000000000000e+00 1.000000000000000000e+00 0.000000000000000000e+00 
5.594082758761942387e-04 6.972615374252200127e-04 0.000000000000000000e+00 1.000000000000000000e+00 1.000000000000000000e+00 0.000000000000000000e+00 1.000000000000000000e+00 0.000000000000000000e+00 1.000000000000000000e+00 0.000000000000000000e+00 
5.536871030926704407e-04 6.757752271369099617e-04 0.000000000000000000e+00 1.000000000000000000e+00 1.000000000000000000e+00 0.000000000000000000e+00 1.000000000000000000e+00 0.000000000000000000e+00 1.000000000000000000e+00 0.000000000000000000e+00 
5.243307678028941154e-04 6.461049779318273067e-04 0.000000000000000000e+00 1.000000000000000000e+00 1.000000000000000000e+00 0.000000000000000000e+00 1.000000000000000000e+00 0.000000000000000000e+00 1.000000000000000000e+00 0.000000000000000000e+00 
5.081470590084791183e-04 6.258580251596868038e-04 0.000000000000000000e+00 1.000000000000000000e+00 1.000000000000000000e+00 0.000000000000000000e+00 1.000000000000000000e+00 0.000000000000000000e+00 1.000000000000000000e+00 0.000000000000000000e+00 
4.901189240626990795e-04 6.070929812267422676e-04 0.000000000000000000e+00 1.000000000000000000e+00 1.000000000000000000e+00 0.000000000000000000e+00 1.000000000000000000e+00 0.000000000000000000e+00 1.000000000000000000e+00 0.000000000000000000e+00 
4.719269927591085434e-04 5.893108318559825420e-04 0.000000000000000000e+00 1.000000000000000000e+00 1.000000000000000000e+00 0.000000000000000000e+00 1.000000000000000000e+00 0.000000000000000000e+00 1.000000000000000000e+00 0.000000000000000000e+00 
4.577793879434466362e-04 5.680723697878420353e-04 0.000000000000000000e+00 1.000000000000000000e+00 1.000000000000000000e+00 0.000000000000000000e+00 1.000000000000000000e+00 0.000000000000000000e+00 1.000000000000000000e+00 0.000000000000000000e+00 
4.462147480808198452e-04 5.511172348633408546e-04 0.000000000000000000e+00 1.000000000000000000e+00 1.000000000000000000e+00 0.000000000000000000e+00 1.000000000000000000e+00 0.000000000000000000e+00 1.000000000000000000e+00 0.000000000000000000e+00 
4.297341511119157076e-04 5.333891022019088268e-04 0.000000000000000000e+00 1.000000000000000000e+00 1.000000000000000000e+00 0.000000000000000000e+00 1.000000000000000000e+00 0.000000000000000000e+00 1.000000000000000000e+00 0.000000000000000000e+00 
4.154753114562481642e-04 5.193349206820130348e-04 0.000000000000000000e+00 1.000000000000000000e+00 1.000000000000000000e+00 0.000000000000000000e+00 1.000000000000000000e+00 0.000000000000000000e+00 1.000000000000000000e+00 0.000000000000000000e+00 
4.081077349837869406e-04 4.962246166542172432e-04 0.000000000000000000e+00 1.000000000000000000e+00 1.000000000000000000e+00 0.000000000000000000e+00 1.000000000000000000e+00 0.000000000000000000e+00 1.000000000000000000e+00 0.000000000000000000e+00 
3.978777094744145870e-04 4.851855919696390629e-04 0.000000000000000000e+00 1.000000000000000000e+00 1.000000000000000000e+00 0.000000000000000000e+00 1.000000000000000000e+00 0.000000000000000000e+00 1.000000000000000000e+00 0.000000000000000000e+00 
3.744139103218913078e-04 4.662135033868253231e-04 0.000000000000000000e+00 1.000000000000000000e+00 1.000000000000000000e+00 0.000000000000000000e+00 1.000000000000000000e+00 0.000000000000000000e+00 1.000000000000000000e+00 0.000000000000000000e+00 
3.655110485851764679e-04 4.568134318105876446e-04 0.000000000000000000e+00 1.000000000000000000e+00 1.000000000000000000e+00 0.000000000000000000e+00 1.000000000000000000e+00 0.000000000000000000e+00 1.000000000000000000e+00 0.000000000000000000e+00 
3.547671367414295673e-04 4.367147339507937431e-04 0.000000000000000000e+00 1.000000000000000000e+00 1.000000000000000000e+00 0.000000000000000000e+00 1.000000000000000000e+00 0.000000000000000000e+00 1.000000000000000000e+00 0.000000000000000000e+00 
3.411314683035016060e-04 4.241287824697792530e-04 0.000000000000000000e+00 1.000000000000000000e+00 1.000000000000000000e+00 0.000000000000000000e+00 1.000000000000000000e+00 0.000000000000000000e+00 1.000000000000000000e+00 0.000000000000000000e+00 
3.287779982201755047e-04 4.120965022593736649e-04 0.000000000000000000e+00 1.000000000000000000e+00 1.000000000000000000e+00 0.000000000000000000e+00 1.000000000000000000e+00 0.000000000000000000e+00 1.000000000000000000e+00 0.000000000000000000e+00 
3.206357359886169434e-04 3.966782242059707642e-04 0.000000000000000000e+00 1.000000000000000000e+00 1.000000000000000000e+00 0.000000000000000000e+00 1.000000000000000000e+00 0.000000000000000000e+00 1.000000000000000000e+00 0.000000000000000000e+00 
3.085247008129954338e-04 3.857312840409576893e-04 0.000000000000000000e+00 1.000000000000000000e+00 1.000000000000000000e+00 0.000000000000000000e+00 1.000000000000000000e+00 0.000000000000000000e+00 1.000000000000000000e+00 0.000000000000000000e+00 
3.008780477102845907e-04 3.724671259988099337e-04 0.000000000000000000e+00 1.000000000000000000e+00 1.000000000000000000e+00 0.000000000000000000e+00 1.000000000000000000e+00 0.000000000000000000e+00 1.000000000000000000e+00 0.000000000000000000e+00 
2.913906937465071678e-04 3.601501812227070332e-04 0.000000000000000000e+00 1.000000000000000000e+00 1.000000000000000000e+00 0.000000000000000000e+00 1.000000000000000000e+00 0.000000000000000000e+00 1.000000000000000000e+00 0.000000000000000000e+00 
2.824251423589885235e-04 3.488989314064383507e-04 0.000000000000000000e+00 1.000000000000000000e+00 1.000000000000000000e+00 0.000000000000000000e+00 1.000000000000000000e+00 0.000000000000000000e+00 1.000000000000000000e+00 0.000000000000000000e+00 
2.710635308176279068e-04 3.371395578142255545e-04 0.000000000000000000e+00 1.000000000000000000e+00 1.000000000000000000e+00 0.000000000000000000e+00 1.000000000000000000e+00 0.000000000000000000e+00 1.000000000000000000e+00 0.000000000000000000e+00 
2.633836702443659306e-04 3.252396709285676479e-04 0.000000000000000000e+00 1.000000000000000000e+00 1.000000000000000000e+00 0.000000000000000000e+00 1.000000000000000000e+00 0.000000000000000000e+00 1.000000000000000000e+00 0.000000000000000000e+00 
2.565833856351673603e-04 3.141571360174566507e-04 0.000000000000000000e+00 1.000000000000000000e+00 1.000000000000000000e+00 0.000000000000000000e+00 1.000000000000000000e+00 0.000000000000000000e+00 1.000000000000000000e+00 0.000000000000000000e+00 
2.443798002786934376e-04 3.036193375010043383e-04 0.000000000000000000e+00 1.000000000000000000e+00 1.000000000000000000e+00 0.000000000000000000e+00 1.000000000000000000e+00 0.000000000000000000e+00 1.000000000000000000e+00 0.000000000000000000e+00 
2.366852131672203541e-04 2.960598794743418694e-04 0.000000000000000000e+00 1.000000000000000000e+00 1.000000000000000000e+00 0.000000000000000000e+00 1.000000000000000000e+00 0.000000000000000000e+00 1.000000000000000000e+00 0.000000000000000000e+00 
2.286105591338127851e-04 2.829191798809915781e-04 0.000000000000000000e+00 1.000000000000000000e+00 1.000000000000000000e+00 0.000000000000000000e+00 1.000000000000000000e+00 0.000000000000000000e+00 1.000000000000000000e+00 0.000000000000000000e+00 
2.205881901318207383e-04 2.744999655988067389e-04 0.000000000000000000e+00 1.000000000000000000e+00 1.000000000000000000e+00 0.000000000000000000e+00 1.000000000000000000e+00 0.000000000000000000e+00 1.000000000000000000e+00 0.000000000000000000e+00 
2.141420845873653889e-04 2.654348791111260653e-04 0.000000000000000000e+00 1.000000000000000000e+00 1.000000000000000000e+00 0.000000000000000000e+00 1.000000000000000000e+00 0.000000000000000000e+00 1.000000000000000000e+00 0.000000000000000000e+00 
2.082958817481994629e-04 2.579212305136024952e-04 0.000000000000000000e+00 1.000000000000000000e+00 1.000000000000000000e+00 0.000000000000000000e+00 1.000000000000000000e+00 0.000000000000000000e+00 1.000000000000000000e+00 0.000000000000000000e+00 
1.992787001654505730e-04 2.497253881301730871e-04 0.000000000000000000e+00 1.000000000000000000e+00 1.000000000000000000e+00 0.000000000000000000e+00 1.000000000000000000e+00 0.000000000000000000e+00 1.000000000000000000e+00 0.000000000000000000e+00 
1.924973330460488796e-04 2.401952660875394940e-04 0.000000000000000000e+00 1.000000000000000000e+00 1.000000000000000000e+00 0.000000000000000000e+00 1.000000000000000000e+00 0.000000000000000000e+00 1.000000000000000000e+00 0.000000000000000000e+00 
1.867146347649395466e-04 2.334965683985501528e-04 0.000000000000000000e+00 1.000000000000000000e+00 1.000000000000000000e+00 0.000000000000000000e+00 1.000000000000000000e+00 0.000000000000000000e+00 1.000000000000000000e+00 0.000000000000000000e+00 
1.808201050153002143e-04 2.242417103843763471e-04 0.000000000000000000e+00 1.000000000000000000e+00 1.000000000000000000e+00 0.000000000000000000e+00 1.000000000000000000e+00 0.000000000000000000e+00 1.000000000000000000e+00 0.000000000000000000e+00 
1.738338905852288008e-04 2.162595046684145927e-04 0.000000000000000000e+00 1.000000000000000000e+00 1.000000000000000000e+00 0.000000000000000000e+00 1.000000000000000000e+00 0.000000000000000000e+00 1.000000000000000000e+00 0.000000000000000000e+00 
1.691578654572367668e-04 2.088702894980087876e-04 0.000000000000000000e+00 1.000000000000000000e+00 1.000000000000000000e+00 0.000000000000000000e+00 1.000000000000000000e+00 0.000000000000000000e+00 1.000000000000000000e+00 0.000000000000000000e+00 
1.622127165319398046e-04 2.030587929766625166e-04 0.000000000000000000e+00 1.000000000000000000e+00 1.000000000000000000e+00 0.000000000000000000e+00 1.000000000000000000e+00 0.000000000000000000e+00 1.000000000000000000e+00 0.000000000000000000e+00 
1.562437973916530609e-04 1.942102971952408552e-04 0.000000000000000000e+00 1.000000000000000000e+00 1.000000000000000000e+00 0.000000000000000000e+00 1.000000000000000000e+00 0.000000000000000000e+00 1.000000000000000000e+00 0.000000000000000000e+00 
1.508115092292428017e-04 1.876120804809033871e-04 0.000000000000000000e+00 1.000000000000000000e+00 1.000000000000000000e+00 0.000000000000000000e+00 1.000000000000000000e+00 0.000000000000000000e+00 1.000000000000000000e+00 0.000000000000000000e+00 
1.471303839934989810e-04 1.798707671696320176e-04 0.000000000000000000e+00 1.000000000000000000e+00 1.000000000000000000e+00 0.000000000000000000e+00 1.000000000000000000e+00 0.000000000000000000e+00 1.000000000000000000e+00 0.000000000000000000e+00 
1.409789983881637454e-04 1.739035797072574496e-04 0.000000000000000000e+00 1.000000000000000000e+00 1.000000000000000000e+00 0.000000000000000000e+00 1.000000000000000000e+00 0.000000000000000000e+00 1.000000000000000000e+00 0.000000000000000000e+00 
1.362434850307181478e-04 1.684142916928976774e-04 0.000000000000000000e+00 1.000000000000000000e+00 1.000000000000000000e+00 0.000000000000000000e+00 1.000000000000000000e+00 0.000000000000000000e+00 1.000000000000000000e+00 0.000000000000000000e+00 
1.307106576859951019e-04 1.615718647371977568e-04 0.000000000000000000e+00 1.000000000000000000e+00 1.000000000000000000e+00 0.000000000000000000e+00 1.000000000000000000e+00 0.000000000000000000e+00 1.000000000000000000e+00 0.000000000000000000e+00 
1.265079772565513849e-04 1.561806711833924055e-04 0.000000000000000000e+00 1.000000000000000000e+00 1.000000000000000000e+00 0.000000000000000000e+00 1.000000000000000000e+00 0.000000000000000000e+00 1.000000000000000000e+00 0.000000000000000000e+00 
1.228306500706821680e-04 1.494241441832855344e-04 0.000000000000000000e+00 1.000000000000000000e+00 1.000000000000000000e+00 0.000000000000000000e+00 1.000000000000000000e+00 0.000000000000000000e+00 1.000000000000000000e+00 0.000000000000000000e+00 
1.180355902761220932e-04 1.444248046027496457e-04 0.000000000000000000e+00 1.000000000000000000e+00 1.000000000000000000e+00 0.000000000000000000e+00 1.000000000000000000e+00 0.000000000000000000e+00 1.000000000000000000e+00 0.000000000000000000e+00 
1.145855712820775807e-04 1.406644732924178243e-04 0.000000000000000000e+00 1.000000000000000000e+00 1.000000000000000000e+00 0.000000000000000000e+00 1.000000000000000000e+00 0.000000000000000000e+00 1.000000000000000000e+00 0.000000000000000000e+00 
1.102488313335925341e-04 1.340494054602459073e-04 0.000000000000000000e+00 1.000000000000000000e+00 1.000000000000000000e+00 0.000000000000000000e+00 1.000000000000000000e+00 0.000000000000000000e+00 1.000000000000000000e+00 0.000000000000000000e+00 
1.065268443198874593e-04 1.301524607697501779e-04 0.000000000000000000e+00 1.000000000000000000e+00 1.000000000000000000e+00 0.000000000000000000e+00 1.000000000000000000e+00 0.000000000000000000e+00 1.000000000000000000e+00 0.000000000000000000e+00 
1.026632889988832176e-04 1.265075843548402190e-04 0.000000000000000000e+00 1.000000000000000000e+00 1.000000000000000000e+00 0.000000000000000000e+00 1.000000000000000000e+00 0.000000000000000000e+00 1.000000000000000000e+00 0.000000000000000000e+00 
9.945176134351640940e-05 1.217364479089155793e-04 0.000000000000000000e+00 1.000000000000000000e+00 1.000000000000000000e+00 0.000000000000000000e+00 1.000000000000000000e+00 0.000000000000000000e+00 1.000000000000000000e+00 0.000000000000000000e+00 
9.570373367751017213e-05 1.172825286630541086e-04 0.000000000000000000e+00 1.000000000000000000e+00 1.000000000000000000e+00 0.000000000000000000e+00 1.000000000000000000e+00 0.000000000000000000e+00 1.000000000000000000e+00 0.000000000000000000e+00 
9.241026418749243021e-05 1.130004020524211228e-04 0.000000000000000000e+00 1.000000000000000000e+00 1.000000000000000000e+00 0.000000000000000000e+00 1.000000000000000000e+00 0.000000000000000000e+00 1.000000000000000000e+00 0.000000000000000000e+00 
8.912424527807161212e-05 1.093814280466176569e-04 0.000000000000000000e+00 1.000000000000000000e+00 1.000000000000000000e+00 0.000000000000000000e+00 1.000000000000000000e+00 0.000000000000000000e+00 1.000000000000000000e+00 0.000000000000000000e+00 
8.671004616189748049e-05 1.051365034072659910e-04 0.000000000000000000e+00 1.000000000000000000e+00 1.000000000000000000e+00 0.000000000000000000e+00 1.000000000000000000e+00 0.000000000000000000e+00 1.000000000000000000e+00 0.000000000000000000e+00 
8.318187610711902380e-05 1.010168489301577210e-04 0.000000000000000000e+00 1.000000000000000000e+00 1.000000000000000000e+00 0.000000000000000000e+00 1.000000000000000000e+00 0.000000000000000000e+00 1.000000000000000000e+00 0.000000000000000000e+00 
8.112534123938530684e-05 9.813926590140908957e-05 0.000000000000000000e+00 1.000000000000000000e+00 1.000000000000000000e+00 0.000000000000000000e+00 1.000000000000000000e+00 0.000000000000000000e+00 1.000000000000000000e+00 0.000000000000000000e+00 
7.726562034804373980e-05 9.482700988883152604e-05 0.000000000000000000e+00 1.000000000000000000e+00 1.000000000000000000e+00 0.000000000000000000e+00 1.000000000000000000e+00 0.000000000000000000e+00 1.000000000000000000e+00 0.000000000000000000e+00 
7.492968870792537928e-05 9.119396418100222945e-05 0.000000000000000000e+00 1.000000000000000000e+00 1.000000000000000000e+00 0.000000000000000000e+00 1.000000000000000000e+00 0.000000000000000000e+00 1.000000000000000000e+00 0.000000000000000000e+00 
7.194549834821373224e-05 8.823174721328541636e-05 0.000000000000000000e+00 1.000000000000000000e+00 1.000000000000000000e+00 0.000000000000000000e+00 1.000000000000000000e+00 0.000000000000000000e+00 1.000000000000000000e+00 0.000000000000000000e+00 
7.023919897619634867e-05 8.517535752616822720e-05 0.000000000000000000e+00 1.000000000000000000e+00 1.000000000000000000e+00 0.000000000000000000e+00 1.000000000000000000e+00 0.000000000000000000e+00 1.000000000000000000e+00 0.000000000000000000e+00 
6.766109436284750700e-05 8.215966954594478011e-05 0.000000000000000000e+00 1.000000000000000000e+00 1.000000000000000000e+00 0.000000000000000000e+00 1.000000000000000000e+00 0.000000000000000000e+00 1.000000000000000000e+00 0.000000000000000000e+00 
6.556734297191724181e-05 7.914589514257386327e-05 0.000000000000000000e+00 1.000000000000000000e+00 1.000000000000000000e+00 0.000000000000000000e+00 1.000000000000000000e+00 0.000000000000000000e+00 1.000000000000000000e+00 0.000000000000000000e+00 
6.301906978478655219e-05 7.684185402467846870e-05 0.000000000000000000e+00 1.000000000000000000e+00 1.000000000000000000e+00 0.000000000000000000e+00 1.000000000000000000e+00 0.000000000000000000e+00 1.000000000000000000e+00 0.000000000000000000e+00 
6.113023846410214901e-05 7.417868619086220860e-05 0.000000000000000000e+00 1.000000000000000000e+00 1.000000000000000000e+00 0.000000000000000000e+00 1.000000000000000000e+00 0.000000000000000000e+00 1.000000000000000000e+00 0.000000000000000000e+00 
5.932335625402629375e-05 7.110723527148365974e-05 0.000000000000000000e+00 1.000000000000000000e+00 1.000000000000000000e+00 0.000000000000000000e+00 1.000000000000000000e+00 0.000000000000000000e+00 1.000000000000000000e+00 0.000000000000000000e+00 
5.665960634360089898e-05 6.920289160916581750e-05 0.000000000000000000e+00 1.000000000000000000e+00 1.000000000000000000e+00 0.000000000000000000e+00 1.000000000000000000e+00 0.000000000000000000e+00 1.000000000000000000e+00 0.000000000000000000e+00 
5.508743925020098686e-05 6.631659198319539428e-05 0.000000000000000000e+00 1.000000000000000000e+00 1.000000000000000000e+00 0.000000000000000000e+00 1.000000000000000000e+00 0.000000000000000000e+00 1.000000000000000000e+00 0.000000000000000000e+00 
5.276645606500096619e-05 6.397148536052554846e-05 0.000000000000000000e+00 1.000000000000000000e+00 1.000000000000000000e+00 0.000000000000000000e+00 1.000000000000000000e+00 0.000000000000000000e+00 1.000000000000000000e+00 0.000000000000000000e+00 
5.124272865941748023e-05 6.172667781356722116e-05 0.000000000000000000e+00 1.000000000000000000e+00 1.000000000000000000e+00 0.000000000000000000e+00 1.000000000000000000e+00 0.000000000000000000e+00 1.000000000000000000e+00 0.000000000000000000e+00 
4.957371129421517253e-05 6.002412192174233496e-05 0.000000000000000000e+00 1.000000000000000000e+00 1.000000000000000000e+00 0.000000000000000000e+00 1.000000000000000000e+00 0.000000000000000000e+00 1.000000000000000000e+00 0.000000000000000000e+00 
4.772959800902754068e-05 5.816582415718585253e-05 0.000000000000000000e+00 1.000000000000000000e+00 1.000000000000000000e+00 0.000000000000000000e+00 1.000000000000000000e+00 0.000000000000000000e+00 1.000000000000000000e+00 0.000000000000000000e+00 
4.627294401871040463e-05 5.596059054369106889e-05 0.000000000000000000e+00 1.000000000000000000e+00 1.000000000000000000e+00 0.000000000000000000e+00 1.000000000000000000e+00 0.000000000000000000e+00 1.000000000000000000e+00 0.000000000000000000e+00 
4.479020572034642100e-05 5.388556019170209765e-05 0.000000000000000000e+00 1.000000000000000000e+00 1.000000000000000000e+00 0.000000000000000000e+00 1.000000000000000000e+00 0.000000000000000000e+00 1.000000000000000000e+00 0.000000000000000000e+00 
4.382903716759756207e-05 5.197856444283388555e-05 0.000000000000000000e+00 1.000000000000000000e+00 1.000000000000000000e+00 0.000000000000000000e+00 1.000000000000000000e+00 0.000000000000000000e+00 1.000000000000000000e+00 0.000000000000000000e+00 
4.207062011118978262e-05 4.997051655664108694e-05 0.000000000000000000e+00 1.000000000000000000e+00 1.000000000000000000e+00 0.000000000000000000e+00 1.000000000000000000e+00 0.000000000000000000e+00 1.000000000000000000e+00 0.000000000000000000e+00 
4.056181205669417977e-05 4.878302934230305254e-05 0.000000000000000000e+00 1.000000000000000000e+00 1.000000000000000000e+00 0.000000000000000000e+00 1.000000000000000000e+00 0.000000000000000000e+00 1.000000000000000000e+00 0.000000000000000000e+00 
3.904928234987892210e-05 4.746651029563508928e-05 0.000000000000000000e+00 1.000000000000000000e+00 1.000000000000000000e+00 0.000000000000000000e+00 1.000000000000000000e+00 0.000000000000000000e+00 1.000000000000000000e+00 0.000000000000000000e+00 
3.786831803154200315e-05 4.521887603914365172e-05 0.000000000000000000e+00 1.000000000000000000e+00 1.000000000000000000e+00 0.000000000000000000e+00 1.000000000000000000e+00 0.000000000000000000e+00 1.000000000000000000e+00 0.000000000000000000e+00 
3.658676723716780543e-05 4.404277569847181439e-05 0.000000000000000000e+00 1.000000000000000000e+00 1.000000000000000000e+00 0.000000000000000000e+00 1.000000000000000000e+00 0.000000000000000000e+00 1.000000000000000000e+00 0.000000000000000000e+00 
3.528659362928010523e-05 4.277401239960454404e-05 0.000000000000000000e+00 1.000000000000000000e+00 1.000000000000000000e+00 0.000000000000000000e+00 1.000000000000000000e+00 0.000000000000000000e+00 1.000000000000000000e+00 0.000000000000000000e+00 
3.402739821467548609e-05 4.140732926316559315e-05 0.000000000000000000e+00 1.000000000000000000e+00 1.000000000000000000e+00 0.000000000000000000e+00 1.000000000000000000e+00 0.000000000000000000e+00 1.000000000000000000e+00 0.000000000000000000e+00 
3.303271296317689121e-05 3.980816109105944633e-05 0.000000000000000000e+00 1.000000000000000000e+00 1.000000000000000000e+00 0.000000000000000000e+00 1.000000000000000000e+00 0.000000000000000000e+00 1.000000000000000000e+00 0.000000000000000000e+00 
3.205293251085095108e-05 3.855639806715771556e-05 0.000000000000000000e+00 1.000000000000000000e+00 1.000000000000000000e+00 0.000000000000000000e+00 1.000000000000000000e+00 0.000000000000000000e+00 1.000000000000000000e+00 0.000000000000000000e+00 
3.099118839600123465e-05 3.755580473807640374e-05 0.000000000000000000e+00 1.000000000000000000e+00 1.000000000000000000e+00 0.000000000000000000e+00 1.000000000000000000e+00 0.000000000000000000e+00 1.000000000000000000e+00 0.000000000000000000e+00 
2.996669718413613737e-05 3.650988583103753626e-05 0.000000000000000000e+00 1.000000000000000000e+00 1.000000000000000000e+00 0.000000000000000000e+00 1.000000000000000000e+00 0.000000000000000000e+00 1.000000000000000000e+00 0.000000000000000000e+00 
2.900181789300404489e-05 3.513616684358566999e-05 0.000000000000000000e+00 1.000000000000000000e+00 1.000000000000000000e+00 0.000000000000000000e+00 1.000000000000000000e+00 0.000000000000000000e+00 1.000000000000000000e+00 0.000000000000000000e+00 
2.820085865096189082e-05 3.428704076213762164e-05 0.000000000000000000e+00 1.000000000000000000e+00 1.000000000000000000e+00 0.000000000000000000e+00 1.000000000000000000e+00 0.000000000000000000e+00 1.000000000000000000e+00 0.000000000000000000e+00 
2.720990232774056494e-05 3.279332668171264231e-05 0.000000000000000000e+00 1.000000000000000000e+00 1.000000000000000000e+00 0.000000000000000000e+00 1.000000000000000000e+00 0.000000000000000000e+00 1.000000000000000000e+00 0.000000000000000000e+00 
2.630463131936267018e-05 3.181078864145092666e-05 0.000000000000000000e+00 1.000000000000000000e+00 1.000000000000000000e+00 0.000000000000000000e+00 1.000000000000000000e+00 0.000000000000000000e+00 1.000000000000000000e+00 0.000000000000000000e+00 
2.544778908486478031e-05 3.089617894147522748e-05 0.000000000000000000e+00 1.000000000000000000e+00 1.000000000000000000e+00 0.000000000000000000e+00 1.000000000000000000e+00 0.000000000000000000e+00 1.000000000000000000e+00 0.000000000000000000e+00 
2.475859582773409784e-05 3.011249282280914485e-05 0.000000000000000000e+00 1.000000000000000000e+00 1.000000000000000000e+00 0.000000000000000000e+00 1.000000000000000000e+00 0.000000000000000000e+00 1.000000000000000000e+00 0.000000000000000000e+00 
2.406567364232614636e-05 2.904643588408362120e-05 0.000000000000000000e+00 1.000000000000000000e+00 1.000000000000000000e+00 0.000000000000000000e+00 1.000000000000000000e+00 0.000000000000000000e+00 1.000000000000000000e+00 0.000000000000000000e+00 
2.342490734008606523e-05 2.836718522303272039e-05 0.000000000000000000e+00 1.000000000000000000e+00 1.000000000000000000e+00 0.000000000000000000e+00 1.000000000000000000e+00 0.000000000000000000e+00 1.000000000000000000e+00 0.000000000000000000e+00 
2.248238524771295488e-05 2.778615817078389227e-05 0.000000000000000000e+00 1.000000000000000000e+00 1.000000000000000000e+00 0.000000000000000000e+00 1.000000000000000000e+00 0.000000000000000000e+00 1.000000000000000000e+00 0.000000000000000000e+00 
2.185279663535766304e-05 2.706288432818837464e-05 0.000000000000000000e+00 1.000000000000000000e+00 1.000000000000000000e+00 0.000000000000000000e+00 1.000000000000000000e+00 0.000000000000000000e+00 1.000000000000000000e+00 0.000000000000000000e+00 
2.134614624083042145e-05 2.618781763885635883e-05 0.000000000000000000e+00 1.000000000000000000e+00 1.000000000000000000e+00 0.000000000000000000e+00 1.000000000000000000e+00 0.000000000000000000e+00 1.000000000000000000e+00 0.000000000000000000e+00 
2.072028473776299506e-05 2.547021904319990426e-05 0.000000000000000000e+00 1.000000000000000000e+00 1.000000000000000000e+00 0.000000000000000000e+00 1.000000000000000000e+00 0.000000000000000000e+00 1.000000000000000000e+00 0.000000000000000000e+00 
2.016520375036634505e-05 2.481418050592765212e-05 0.000000000000000000e+00 1.000000000000000000e+00 1.000000000000000000e+00 0.000000000000000000e+00 1.000000000000000000e+00 0.000000000000000000e+00 1.000000000000000000e+00 0.000000000000000000e+00 
1.946483462234027684e-05 2.496811248420272022e-05 0.000000000000000000e+00 1.000000000000000000e+00 1.000000000000000000e+00 0.000000000000000000e+00 1.000000000000000000e+00 0.000000000000000000e+00 1.000000000000000000e+00 0.000000000000000000e+00 
1.876446549431420863e-05 2.399686673015821725e-05 0.000000000000000000e+00 1.000000000000000000e+00 1.000000000000000000e+00 0.000000000000000000e+00 1.000000000000000000e+00 0.000000000000000000e+00 1.000000000000000000e+00 0.000000000000000000e+00 
1.843291101977229118e-05 2.445907375658862293e-05 0.000000000000000000e+00 1.000000000000000000e+00 1.000000000000000000e+00 0.000000000000000000e+00 1.000000000000000000e+00 0.000000000000000000e+00 1.000000000000000000e+00 0.000000000000000000e+00 
1.778469777491409332e-05 2.359004247409757227e-05 0.000000000000000000e+00 1.000000000000000000e+00 1.000000000000000000e+00 0.000000000000000000e+00 1.000000000000000000e+00 0.000000000000000000e+00 1.000000000000000000e+00 0.000000000000000000e+00 
1.721471744531299919e-05 3.489668233669362962e-05 0.000000000000000000e+00 1.000000000000000000e+00 1.000000000000000000e+00 0.000000000000000000e+00 1.000000000000000000e+00 0.000000000000000000e+00 1.000000000000000000e+00 0.000000000000000000e+00 
1.686453288129996508e-05 2.626515924930572510e-05 0.000000000000000000e+00 1.000000000000000000e+00 1.000000000000000000e+00 0.000000000000000000e+00 1.000000000000000000e+00 0.000000000000000000e+00 1.000000000000000000e+00 0.000000000000000000e+00 
1.631690611247904599e-05 1.192208001157268882e-04 0.000000000000000000e+00 1.000000000000000000e+00 1.000000000000000000e+00 0.000000000000000000e+00 1.000000000000000000e+00 0.000000000000000000e+00 1.000000000000000000e+00 0.000000000000000000e+00 
1.589966632309369743e-05 2.236733562313020229e-04 0.000000000000000000e+00 1.000000000000000000e+00 1.000000000000000000e+00 0.000000000000000000e+00 1.000000000000000000e+00 0.000000000000000000e+00 1.000000000000000000e+00 0.000000000000000000e+00 
1.553458423586562276e-05 6.251248996704816818e-04 0.000000000000000000e+00 1.000000000000000000e+00 1.000000000000000000e+00 0.000000000000000000e+00 1.000000000000000000e+00 0.000000000000000000e+00 1.000000000000000000e+00 0.000000000000000000e+00 
1.518440058134729043e-05 5.159631837159395218e-04 0.000000000000000000e+00 1.000000000000000000e+00 1.000000000000000000e+00 0.000000000000000000e+00 1.000000000000000000e+00 0.000000000000000000e+00 1.000000000000000000e+00 0.000000000000000000e+00 
1.474853524996433407e-05 9.634360321797430515e-04 0.000000000000000000e+00 1.000000000000000000e+00 1.000000000000000000e+00 0.000000000000000000e+00 1.000000000000000000e+00 0.000000000000000000e+00 1.000000000000000000e+00 0.000000000000000000e+00 
1.439835250494070351e-05 1.052873092703521252e-03 0.000000000000000000e+00 1.000000000000000000e+00 1.000000000000000000e+00 0.000000000000000000e+00 1.000000000000000000e+00 0.000000000000000000e+00 1.000000000000000000e+00 0.000000000000000000e+00 
1.400346627633552998e-05 4.531955346465110779e-03 0.000000000000000000e+00 1.000000000000000000e+00 9.983974358974359031e-01 0.000000000000000000e+00 1.000000000000000000e+00 0.000000000000000000e+00 9.968051118210862205e-01 0.000000000000000000e+00 
1.360485384793719277e-05 5.387408658862113953e-03 0.000000000000000000e+00 1.000000000000000000e+00 9.983974358974359031e-01 0.000000000000000000e+00 1.000000000000000000e+00 0.000000000000000000e+00 9.968051118210862205e-01 0.000000000000000000e+00 
1.334035550826229155e-05 1.056948490440845490e-02 0.000000000000000000e+00 1.000000000000000000e+00 9.967948717948718063e-01 0.000000000000000000e+00 1.000000000000000000e+00 0.000000000000000000e+00 9.936305732484076447e-01 0.000000000000000000e+00 
1.299762425333028659e-05 1.216314453631639481e-02 0.000000000000000000e+00 1.000000000000000000e+00 9.967948717948718063e-01 0.000000000000000000e+00 1.000000000000000000e+00 0.000000000000000000e+00 9.936305732484076447e-01 0.000000000000000000e+00 
1.266234266950050369e-05 1.210216991603374481e-02 0.000000000000000000e+00 1.000000000000000000e+00 9.967948717948718063e-01 0.000000000000000000e+00 1.000000000000000000e+00 0.000000000000000000e+00 9.936305732484076447e-01 0.000000000000000000e+00 
1.246117517439415678e-05 1.948765665292739868e-02 0.000000000000000000e+00 1.000000000000000000e+00 9.967948717948718063e-01 0.000000000000000000e+00 1.000000000000000000e+00 0.000000000000000000e+00 9.936305732484076447e-01 0.000000000000000000e+00 
1.228980909218080342e-05 1.818328909575939178e-02 0.000000000000000000e+00 1.000000000000000000e+00 9.967948717948718063e-01 0.000000000000000000e+00 1.000000000000000000e+00 0.000000000000000000e+00 9.936305732484076447e-01 0.000000000000000000e+00 
1.182414234790485352e-05 2.374692261219024658e-02 0.000000000000000000e+00 1.000000000000000000e+00 9.951923076923077094e-01 0.000000000000000000e+00 1.000000000000000000e+00 0.000000000000000000e+00 9.904761904761905100e-01 0.000000000000000000e+00 
1.169375536846928298e-05 2.430492453277111053e-02 0.000000000000000000e+00 1.000000000000000000e+00 9.951923076923077094e-01 0.000000000000000000e+00 1.000000000000000000e+00 0.000000000000000000e+00 9.904761904761905100e-01 0.000000000000000000e+00 
1.130259443016257137e-05 3.258103877305984497e-02 0.000000000000000000e+00 1.000000000000000000e+00 9.951923076923077094e-01 0.000000000000000000e+00 1.000000000000000000e+00 0.000000000000000000e+00 9.904761904761905100e-01 0.000000000000000000e+00 
1.126161623687949032e-05 3.163977339863777161e-02 0.000000000000000000e+00 1.000000000000000000e+00 9.951923076923077094e-01 0.000000000000000000e+00 1.000000000000000000e+00 0.000000000000000000e+00 9.904761904761905100e-01 0.000000000000000000e+00 
1.085183066606987268e-05 4.005582630634307861e-02 0.000000000000000000e+00 1.000000000000000000e+00 9.935897435897436125e-01 0.000000000000000000e+00 1.000000000000000000e+00 0.000000000000000000e+00 9.873417721518987777e-01 0.000000000000000000e+00 
1.074379542842507362e-05 8.650262653827667236e-02 0.000000000000000000e+00 1.000000000000000000e+00 9.855769230769231282e-01 0.000000000000000000e+00 1.000000000000000000e+00 0.000000000000000000e+00 9.719626168224299034e-01 0.000000000000000000e+00 
1.048302146955393255e-05 3.618444502353668213e-02 0.000000000000000000e+00 1.000000000000000000e+00 9.951923076923077094e-01 0.000000000000000000e+00 1.000000000000000000e+00 0.000000000000000000e+00 9.904761904761905100e-01 0.000000000000000000e+00 
1.018872171698603779e-05 4.924587532877922058e-02 0.000000000000000000e+00 1.000000000000000000e+00 9.919871794871795156e-01 0.000000000000000000e+00 1.000000000000000000e+00 0.000000000000000000e+00 9.842271293375394192e-01 0.000000000000000000e+00 
1.000617976387729868e-05 6.999348104000091553e-02 0.000000000000000000e+00 1.000000000000000000e+00 9.887820512820513219e-01 0.000000000000000000e+00 1.000000000000000000e+00 0.000000000000000000e+00 9.780564263322883978e-01 0.000000000000000000e+00 
9.719329682411625981e-06 5.755541846156120300e-02 0.000000000000000000e+00 1.000000000000000000e+00 9.919871794871795156e-01 0.000000000000000000e+00 1.000000000000000000e+00 0.000000000000000000e+00 9.842271293375394192e-01 0.000000000000000000e+00 
9.678351489128544927e-06 7.754257321357727051e-02 0.000000000000000000e+00 1.000000000000000000e+00 9.887820512820513219e-01 0.000000000000000000e+00 1.000000000000000000e+00 0.000000000000000000e+00 9.780564263322883978e-01 0.000000000000000000e+00 
9.395226697961334139e-06 8.228883892297744751e-02 0.000000000000000000e+00 1.000000000000000000e+00 9.887820512820513219e-01 0.000000000000000000e+00 1.000000000000000000e+00 0.000000000000000000e+00 9.780564263322883978e-01 0.000000000000000000e+00 
9.372874046675860882e-06 8.836431801319122314e-02 0.000000000000000000e+00 1.000000000000000000e+00 9.887820512820513219e-01 0.000000000000000000e+00 1.000000000000000000e+00 0.000000000000000000e+00 9.780564263322883978e-01 0.000000000000000000e+00 
9.253664757125079632e-06 8.862402290105819702e-02 0.000000000000000000e+00 1.000000000000000000e+00 9.887820512820513219e-01 0.000000000000000000e+00 1.000000000000000000e+00 0.000000000000000000e+00 9.780564263322883978e-01 0.000000000000000000e+00 
9.074849003809504211e-06 8.284221589565277100e-02 0.000000000000000000e+00 1.000000000000000000e+00 9.887820512820513219e-01 0.000000000000000000e+00 1.000000000000000000e+00 0.000000000000000000e+00 9.780564263322883978e-01 0.000000000000000000e+00 
8.750745109864510596e-06 9.254670888185501099e-02 0.000000000000000000e+00 1.000000000000000000e+00 9.887820512820513219e-01 0.000000000000000000e+00 1.000000000000000000e+00 0.000000000000000000e+00 9.780564263322883978e-01 0.000000000000000000e+00 
8.713492206879891455e-06 6.872216612100601196e-02 0.000000000000000000e+00 1.000000000000000000e+00 9.919871794871795156e-01 0.000000000000000000e+00 1.000000000000000000e+00 0.000000000000000000e+00 9.842271293375394192e-01 0.000000000000000000e+00 
8.575655556342098862e-06 9.273142367601394653e-02 0.000000000000000000e+00 1.000000000000000000e+00 9.887820512820513219e-01 0.000000000000000000e+00 1.000000000000000000e+00 0.000000000000000000e+00 9.780564263322883978e-01 0.000000000000000000e+00 
8.463895937893539667e-06 1.073371469974517822e-01 0.000000000000000000e+00 1.000000000000000000e+00 9.871794871794872250e-01 0.000000000000000000e+00 1.000000000000000000e+00 0.000000000000000000e+00 9.749999999999999778e-01 0.000000000000000000e+00 
8.281354894279502332e-06 1.124324202537536621e-01 0.000000000000000000e+00 1.000000000000000000e+00 9.871794871794872250e-01 0.000000000000000000e+00 1.000000000000000000e+00 0.000000000000000000e+00 9.749999999999999778e-01 0.000000000000000000e+00 
8.188221727323252708e-06 7.275272905826568604e-02 0.000000000000000000e+00 1.000000000000000000e+00 9.919871794871795156e-01 0.000000000000000000e+00 1.000000000000000000e+00 0.000000000000000000e+00 9.842271293375394192e-01 0.000000000000000000e+00 
8.113715011859312654e-06 1.289574503898620605e-01 0.000000000000000000e+00 1.000000000000000000e+00 9.839743589743589203e-01 0.000000000000000000e+00 1.000000000000000000e+00 0.000000000000000000e+00 9.689440993788820400e-01 0.000000000000000000e+00 
7.949801329232286662e-06 1.158741489052772522e-01 0.000000000000000000e+00 1.000000000000000000e+00 9.855769230769231282e-01 0.000000000000000000e+00 1.000000000000000000e+00 0.000000000000000000e+00 9.719626168224299034e-01 0.000000000000000000e+00 
7.882745194365270436e-06 7.880757004022598267e-02 0.000000000000000000e+00 1.000000000000000000e+00 9.903846153846154188e-01 0.000000000000000000e+00 9.967532467532467244e-01 0.000000000000000000e+00 9.841772151898734444e-01 0.000000000000000000e+00 
7.707654731348156929e-06 9.736682474613189697e-02 0.000000000000000000e+00 1.000000000000000000e+00 9.887820512820513219e-01 0.000000000000000000e+00 1.000000000000000000e+00 0.000000000000000000e+00 9.780564263322883978e-01 0.000000000000000000e+00 
7.655500667169690132e-06 9.828092902898788452e-02 0.000000000000000000e+00 1.000000000000000000e+00 9.887820512820513219e-01 0.000000000000000000e+00 1.000000000000000000e+00 0.000000000000000000e+00 9.780564263322883978e-01 0.000000000000000000e+00 
7.655500667169690132e-06 8.311290293931961060e-02 0.000000000000000000e+00 1.000000000000000000e+00 9.903846153846154188e-01 0.000000000000000000e+00 9.967532467532467244e-01 0.000000000000000000e+00 9.841772151898734444e-01 0.000000000000000000e+00 
7.513939181080786511e-06 1.154997423291206360e-01 0.000000000000000000e+00 1.000000000000000000e+00 9.871794871794872250e-01 0.000000000000000000e+00 1.000000000000000000e+00 0.000000000000000000e+00 9.749999999999999778e-01 0.000000000000000000e+00 
7.368651495198719203e-06 1.377010047435760498e-01 0.000000000000000000e+00 1.000000000000000000e+00 9.807692307692307265e-01 0.000000000000000000e+00 1.000000000000000000e+00 0.000000000000000000e+00 9.629629629629629095e-01 0.000000000000000000e+00 
7.361200914601795375e-06 1.273872405290603638e-01 0.000000000000000000e+00 1.000000000000000000e+00 9.839743589743589203e-01 0.000000000000000000e+00 1.000000000000000000e+00 0.000000000000000000e+00 9.689440993788820400e-01 0.000000000000000000e+00 
7.305321105377515778e-06 9.394525736570358276e-02 0.000000000000000000e+00 1.000000000000000000e+00 9.871794871794872250e-01 0.000000000000000000e+00 9.967320261437908613e-01 0.000000000000000000e+00 9.779874213836478036e-01 0.000000000000000000e+00 
7.286694199137855321e-06 2.660742402076721191e-01 0.000000000000000000e+00 1.000000000000000000e+00 9.631410256410256610e-01 0.000000000000000000e+00 1.000000000000000000e+00 0.000000000000000000e+00 9.313432835820895095e-01 0.000000000000000000e+00 
