5.072302818298339844e-01 5.132532177043458432e-10 -1.571790071127542000e-16 7.940629374646069595e-19 
5.072320699691772461e-01 5.119203394521321115e-10 -2.316527378737532521e-16 7.838567177778331430e-19 
5.081461668014526367e-01 3.638657597448968772e-09 3.386779500916909866e-15 4.000950531060582036e-17 
5.081508755683898926e-01 3.615800769907195900e-09 1.819216283014844435e-15 3.935805094738355789e-17 
4.866005480289459229e-01 2.341368166014490271e-08 2.369997102215359863e-13 1.656333117807263361e-15 
4.866218268871307373e-01 2.333844406621210510e-08 -1.313725468471069191e-13 1.622105045804309118e-15 
4.916944503784179688e-01 1.836753540374047589e-07 8.393694268284124238e-13 1.013011357198397022e-13 
4.917844831943511963e-01 1.819143591319516418e-07 -1.492318530034453250e-12 9.819505912599460484e-14 
4.996413886547088623e-01 8.345444371116172988e-07 3.634643150687844049e-12 2.089536876859199310e-12 
4.998634457588195801e-01 8.322373901137325447e-07 -2.659100890867183153e-11 2.050211129339674088e-12 
4.946979284286499023e-01 5.525752840185305104e-06 3.493494105111238923e-10 9.240930243237244213e-11 
4.953028261661529541e-01 5.618836439680308104e-06 -2.402559748371224657e-11 9.460163902241802703e-11 
5.065876841545104980e-01 3.682453825604170561e-05 2.445653013438686685e-09 4.154842248027534879e-09 
5.082343220710754395e-01 3.716354331118054688e-05 -8.035051735078013735e-09 4.154867117023286482e-09 
4.946460723876953125e-01 1.355529238935559988e-04 -5.079806020269472810e-11 5.572211136950500077e-08 
4.978204965591430664e-01 1.354607229586690664e-04 -7.999481255183127359e-08 5.527816071548841137e-08 
4.962411820888519287e-01 3.097166772931814194e-04 -1.127003486089961370e-07 2.839013859556871466e-07 
5.011683106422424316e-01 3.103098133578896523e-04 -3.180979888384172227e-07 2.878246618820412550e-07 
5.071699619293212891e-01 5.289283581078052521e-04 -2.279520714409954962e-07 8.428438036389707122e-07 
5.135655403137207031e-01 5.230709793977439404e-04 -9.950699677574448287e-07 8.175694006240519229e-07 
4.948471784591674805e-01 8.711616392247378826e-04 -5.642561973218107596e-07 2.246008079964667559e-06 
5.030243396759033203e-01 8.709072135388851166e-04 -1.539083996249246411e-06 2.254804712720215321e-06 
4.944007992744445801e-01 1.141772721894085407e-03 -1.026249151436786633e-06 3.857904175674775615e-06 
5.039778947830200195e-01 1.137295854277908802e-03 -2.543340997362975031e-06 3.837062649836298078e-06 
4.943018853664398193e-01 1.515462645329535007e-03 -1.201198870148800779e-06 6.781377123843412846e-06 
5.054587125778198242e-01 1.506164320744574070e-03 -4.338568487582961097e-06 6.687374025204917416e-06 
4.918240606784820557e-01 1.758606405928730965e-03 -8.067952990131743718e-07 9.132747436524368823e-06 
5.040044784545898438e-01 1.742700464092195034e-03 -6.085890163376461715e-06 8.965273082139901817e-06 
4.858796596527099609e-01 2.012850483879446983e-03 -1.215586706848625909e-07 1.196967059513553977e-05 
4.990377128124237061e-01 1.994491787627339363e-03 -6.672717972833197564e-06 1.165386947832303122e-05 
4.895404875278472900e-01 2.275568665936589241e-03 -1.832525981626531575e-06 1.520108253316720948e-05 
5.034900903701782227e-01 2.261658199131488800e-03 -7.408782494167098776e-06 1.505326872575096786e-05 
4.964272379875183105e-01 2.425434999167919159e-03 -2.608978320495225489e-06 1.735849764372687787e-05 
5.110519528388977051e-01 2.402304438874125481e-03 -9.959766430256422609e-06 1.697988045634701848e-05 
4.907403886318206787e-01 2.686370396986603737e-03 -7.319218866541632451e-07 2.123952799593098462e-05 
5.063126683235168457e-01 2.643202431499958038e-03 -1.195335153170162812e-05 2.046940426225773990e-05 
4.824334681034088135e-01 2.921802690252661705e-03 8.511328815075103194e-07 2.513626532163470984e-05 
4.988254904747009277e-01 2.883589593693614006e-03 -1.095253537641838193e-05 2.440263051539659500e-05 
4.890900552272796631e-01 3.155862679705023766e-03 -1.043164701286514173e-07 2.896123078244272619e-05 
5.061732530593872070e-01 3.106326563283801079e-03 -1.252981019206345081e-05 2.816756750689819455e-05 
4.857745170593261719e-01 3.465327667072415352e-03 4.785423243447439745e-06 3.486767673166468740e-05 
5.038518309593200684e-01 3.431307850405573845e-03 -2.096295065712183714e-05 3.437551276874728501e-05 
4.671621620655059814e-01 3.334498498588800430e-03 9.988352758227847517e-06 3.226175613235682249e-05 
4.855144023895263672e-01 3.309885971248149872e-03 -9.912135283229872584e-06 3.187881520716473460e-05 
4.881187081336975098e-01 3.764758352190256119e-03 1.815762516343966126e-06 4.047633410664275289e-05 
5.076299905776977539e-01 3.725374117493629456e-03 -1.620134389668237418e-05 4.012576755485497415e-05 
4.841633737087249756e-01 4.070557188242673874e-03 6.364134605973958969e-06 4.771724707097746432e-05 
5.053684115409851074e-01 4.027739632874727249e-03 -2.108988519466947764e-05 4.707716652774251997e-05 
4.894573390483856201e-01 4.222813993692398071e-03 5.260361831460613757e-06 5.066518497187644243e-05 
5.116716027259826660e-01 4.167470149695873260e-03 -2.038618549704551697e-05 4.969984729541465640e-05 
4.876831769943237305e-01 4.601360298693180084e-03 1.405634338880190626e-05 5.992268779664300382e-05 
5.125020742416381836e-01 4.521861206740140915e-03 -2.401728488621301949e-05 5.843858889420516789e-05 
4.841108620166778564e-01 4.883178509771823883e-03 1.287216127821011469e-05 6.735870556440204382e-05 
5.107775330543518066e-01 4.809712991118431091e-03 -2.448032319080084562e-05 6.597848550882190466e-05 
4.979737401008605957e-01 4.909397568553686142e-03 -4.105925555109024572e-08 6.703660619677975774e-05 
5.253444314002990723e-01 4.808691330254077911e-03 -3.532830669428221881e-05 6.593872240046039224e-05 
4.864335954189300537e-01 5.315632093697786331e-03 1.525241987110348418e-05 7.892396388342604041e-05 
5.156120061874389648e-01 5.241642706096172333e-03 -3.722809196915477514e-05 7.836506847525015473e-05 
4.758710563182830811e-01 6.215244997292757034e-03 2.973259870486799628e-05 1.079364810721017420e-04 
5.073949098587036133e-01 6.140016019344329834e-03 -3.418426422285847366e-05 1.061000511981546879e-04 
4.727996289730072021e-01 5.988307762891054153e-03 2.912402669608127326e-05 9.989648970076814294e-05 
5.046470761299133301e-01 5.915941204875707626e-03 -3.418149935896508396e-05 9.843876614468172193e-05 
4.976556897163391113e-01 6.143757607787847519e-03 4.282820555090438575e-06 1.045723765855655074e-04 
5.298303961753845215e-01 5.975877400487661362e-03 -5.269985194900073111e-05 1.005176163744181395e-04 
4.992826581001281738e-01 6.476901937276124954e-03 2.391910491894577717e-08 1.148150331573560834e-04 
5.330355167388916016e-01 6.271456833928823471e-03 -6.070177914807572961e-05 1.115246268454939127e-04 
4.922943413257598877e-01 6.283198017627000809e-03 6.197561106091598049e-06 1.088083736249245703e-04 
5.261742472648620605e-01 6.115425378084182739e-03 -4.935364268021658063e-05 1.056970504578202963e-04 
4.929862618446350098e-01 6.857892498373985291e-03 4.926624114887090400e-06 1.287254126509651542e-04 
5.289594531059265137e-01 6.658287718892097473e-03 -5.914484427194111049e-05 1.241731224581599236e-04 
4.715277552604675293e-01 7.555784191936254501e-03 3.572113564587198198e-05 1.564059784868732095e-04 
5.096410512924194336e-01 7.402795832604169846e-03 -4.913234079140238464e-05 1.540229859529063106e-04 
4.982895851135253906e-01 7.245311979204416275e-03 -9.792699529498349875e-06 1.428964606020599604e-04 
5.356835722923278809e-01 6.996836978942155838e-03 -7.085190009092912078e-05 1.382920891046524048e-04 
4.782738685607910156e-01 7.767065428197383881e-03 1.673531005508266389e-05 1.634259097045287490e-04 
5.177528262138366699e-01 7.557663135230541229e-03 -5.634332774206995964e-05 1.608495804248377681e-04 
4.743153154850006104e-01 7.784863468259572983e-03 3.348179234308190644e-05 1.666843891143798828e-04 
5.143218040466308594e-01 7.611085660755634308e-03 -5.670569589710794389e-05 1.608786551514640450e-04 
4.688856303691864014e-01 8.512148633599281311e-03 3.386257230886258185e-05 1.974196784431114793e-04 
5.114548206329345703e-01 8.314910344779491425e-03 -6.023824244039133191e-05 1.907313853735104203e-04 
4.740327000617980957e-01 8.487727493047714233e-03 2.891407712013460696e-05 1.959170767804607749e-04 
5.167306661605834961e-01 8.246546611189842224e-03 -6.206866964930668473e-05 1.885929814307019114e-04 
4.630714356899261475e-01 8.778158575296401978e-03 4.879494372289627790e-05 2.094274532282724977e-04 
5.062313675880432129e-01 8.568301796913146973e-03 -4.614124190993607044e-05 2.042101696133613586e-04 
4.974228143692016602e-01 8.520871400833129883e-03 -1.846968734753318131e-05 1.985563285415992141e-04 
5.409083366394042969e-01 8.171457797288894653e-03 -9.767463780008256435e-05 1.850978151196613908e-04 
4.765633940696716309e-01 8.649252355098724365e-03 2.226553806394804269e-05 2.037091617239639163e-04 
5.206402540206909180e-01 8.401000872254371643e-03 -7.728009950369596481e-05 1.947432610904797912e-04 
4.614094495773315430e-01 9.408417157828807831e-03 4.972262104274705052e-05 2.385962870903313160e-04 
5.075397491455078125e-01 9.215822443366050720e-03 -5.165776019566692412e-05 2.330527931917458773e-04 
4.904274940490722656e-01 9.427095763385295868e-03 -2.220046326328883879e-06 2.423018158879131079e-04 
5.366649627685546875e-01 8.986337110400199890e-03 -1.143864137702621520e-04 2.250922552775591612e-04 
4.524793624877929688e-01 1.001021638512611389e-02 8.193233952624723315e-05 2.707083185669034719e-04 
5.005273222923278809e-01 9.881624951958656311e-03 -5.172302189748734236e-05 2.655996358953416348e-04 
4.778806865215301514e-01 9.477705694735050201e-03 1.995309321500826627e-05 2.450477040838450193e-04 
5.254237651824951172e-01 9.141081944108009338e-03 -9.473425598116591573e-05 2.294485893798992038e-04 
4.917356669902801514e-01 9.966665878891944885e-03 -1.756173151079565287e-05 2.680720936041325331e-04 
5.403669476509094238e-01 9.451802819967269897e-03 -1.262703590327873826e-04 2.464556018821895123e-04 
4.767791032791137695e-01 1.020101271569728851e-02 2.113682603521738201e-05 2.830005541909486055e-04 
5.268298387527465820e-01 9.835541248321533203e-03 -1.089474390028044581e-04 2.639696758706122637e-04 
