6.884614825248718262e-01 6.808285117149353027e-01 6.914575695991516113e-01 6.746008396148681641e-01 6.939213275909423828e-01 6.938969492912292480e-01 7.085535526275634766e-01 6.804066896438598633e-01 7.005651593208312988e-01 7.256140112876892090e-01 6.907446980476379395e-01 6.927599906921386719e-01 6.969940066337585449e-01 6.840312480926513672e-01 6.879284977912902832e-01 6.798552274703979492e-01 6.819260716438293457e-01 6.726563572883605957e-01 6.702734827995300293e-01 6.568286418914794922e-01 6.487095355987548828e-01 6.705657839775085449e-01 0.000000000000000000e+00 0.000000000000000000e+00 
8.047797717154026031e-03 1.199633907526731491e-02 1.064719073474407196e-02 1.117385458201169968e-02 1.124013122171163559e-02 1.078719273209571838e-02 1.083331461995840073e-02 1.169512234628200531e-02 1.125376485288143158e-02 1.011390890926122665e-02 1.060393452644348145e-02 1.050851587206125259e-02 1.052946597337722778e-02 1.047458406537771225e-02 1.088496204465627670e-02 1.100823655724525452e-02 1.105456799268722534e-02 1.184890419244766235e-02 1.045365910977125168e-02 1.055831927806138992e-02 1.089994423091411591e-02 7.662440650165081024e-03 0.000000000000000000e+00 0.000000000000000000e+00 
5.441860556602478027e-01 5.402854681015014648e-01 5.399105548858642578e-01 5.389888882637023926e-01 5.512986779212951660e-01 5.416513085365295410e-01 5.568203330039978027e-01 5.384890437126159668e-01 5.565709471702575684e-01 5.776540040969848633e-01 5.425480604171752930e-01 5.518814325332641602e-01 5.577095150947570801e-01 5.455848574638366699e-01 5.466094613075256348e-01 5.471525788307189941e-01 5.479153990745544434e-01 5.480580329895019531e-01 5.309917330741882324e-01 5.323899984359741211e-01 5.264794826507568359e-01 5.465549826622009277e-01 0.000000000000000000e+00 0.000000000000000000e+00 
6.681712344288825989e-03 9.419790469110012054e-03 8.586280047893524170e-03 8.732527494430541992e-03 9.583951905369758606e-03 8.400399237871170044e-03 9.060764685273170471e-03 9.646919555962085724e-03 9.499547071754932404e-03 8.439242839813232422e-03 9.149115532636642456e-03 8.897554129362106323e-03 8.595732972025871277e-03 8.642338216304779053e-03 8.204931393265724182e-03 9.157342836260795593e-03 8.880048990249633789e-03 9.698949754238128662e-03 8.321352303028106689e-03 8.371918462216854095e-03 8.237792178988456726e-03 6.161186844110488892e-03 0.000000000000000000e+00 0.000000000000000000e+00 
4.940543472766876221e-01 4.935726225376129150e-01 4.841038584709167480e-01 4.867287576198577881e-01 5.077948570251464844e-01 5.015557408332824707e-01 5.215069651603698730e-01 4.822856187820434570e-01 5.182684063911437988e-01 5.413777232170104980e-01 5.009270906448364258e-01 5.196840167045593262e-01 5.348598957061767578e-01 5.179675221443176270e-01 5.097091197967529297e-01 5.174369215965270996e-01 5.242338776588439941e-01 5.281656980514526367e-01 5.061888694763183594e-01 5.173974633216857910e-01 5.052688717842102051e-01 5.309067964553833008e-01 0.000000000000000000e+00 0.000000000000000000e+00 
9.612300433218479156e-03 1.362949050962924957e-02 1.268554292619228363e-02 1.284028682857751846e-02 1.337631233036518097e-02 1.230061706155538559e-02 1.255906466394662857e-02 1.369562838226556778e-02 1.349094696342945099e-02 1.259773690253496170e-02 1.310649421066045761e-02 1.323509402573108673e-02 1.184676308184862137e-02 1.298243179917335510e-02 1.225842442363500595e-02 1.337621826678514481e-02 1.351339276880025864e-02 1.404958404600620270e-02 1.258467324078083038e-02 1.317845843732357025e-02 1.245784200727939606e-02 9.293070062994956970e-03 0.000000000000000000e+00 0.000000000000000000e+00 
5.231698155403137207e-01 5.320530533790588379e-01 5.188320875167846680e-01 5.203488469123840332e-01 5.521814823150634766e-01 5.455682873725891113e-01 5.819259285926818848e-01 5.014832615852355957e-01 5.753195285797119141e-01 5.993064641952514648e-01 5.575747489929199219e-01 5.836825966835021973e-01 6.234142184257507324e-01 5.934246778488159180e-01 5.797860026359558105e-01 5.914433002471923828e-01 6.024855375289916992e-01 6.224281191825866699e-01 6.011680364608764648e-01 6.216222047805786133e-01 6.169559955596923828e-01 6.439419984817504883e-01 0.000000000000000000e+00 0.000000000000000000e+00 
1.530499756336212158e-02 2.185764163732528687e-02 2.136413939297199249e-02 2.119138091802597046e-02 2.152957953512668610e-02 2.071515657007694244e-02 2.019856683909893036e-02 2.130257152020931244e-02 2.143113873898983002e-02 2.018545567989349365e-02 2.109643071889877319e-02 2.129050157964229584e-02 1.915277354419231415e-02 2.175878547132015228e-02 1.999374292790889740e-02 2.163819223642349243e-02 2.187030576169490814e-02 2.169563807547092438e-02 2.051887474954128265e-02 2.102791145443916321e-02 2.016708068549633026e-02 1.441273652017116547e-02 0.000000000000000000e+00 0.000000000000000000e+00 
4.101861715316772461e-01 4.249543845653533936e-01 4.198809266090393066e-01 4.042207598686218262e-01 4.484829902648925781e-01 4.436624050140380859e-01 4.895275831222534180e-01 3.780381381511688232e-01 4.862549602985382080e-01 5.064521431922912598e-01 4.622459411621093750e-01 4.905228316783905029e-01 5.529209375381469727e-01 5.347621440887451172e-01 4.962367117404937744e-01 5.409989953041076660e-01 5.412777662277221680e-01 5.872232317924499512e-01 5.505801439285278320e-01 5.951766371726989746e-01 5.955801606178283691e-01 6.245105266571044922e-01 0.000000000000000000e+00 0.000000000000000000e+00 
1.961782574653625488e-02 2.812075056135654449e-02 2.783916331827640533e-02 2.664086595177650452e-02 2.775599062442779541e-02 2.794384583830833435e-02 2.759324200451374054e-02 2.700409665703773499e-02 2.829706110060214996e-02 2.832690626382827759e-02 2.781437337398529053e-02 2.866601385176181793e-02 2.758673578500747681e-02 2.928528375923633575e-02 2.787812799215316772e-02 2.881890721619129181e-02 2.945294044911861420e-02 2.899350970983505249e-02 2.789113670587539673e-02 2.835926041007041931e-02 2.743267454206943512e-02 1.973810978233814240e-02 0.000000000000000000e+00 0.000000000000000000e+00 
4.075333178043365479e-01 4.249444603919982910e-01 4.289620220661163330e-01 4.043819010257720947e-01 4.481236934661865234e-01 4.504626691341400146e-01 4.970442056655883789e-01 3.739848434925079346e-01 4.926770627498626709e-01 5.105805993080139160e-01 4.791406095027923584e-01 4.990661740303039551e-01 5.743994116783142090e-01 5.601587295532226562e-01 5.192228555679321289e-01 5.737761855125427246e-01 5.647264122962951660e-01 6.214017868041992188e-01 5.909453034400939941e-01 6.458286643028259277e-01 6.589398980140686035e-01 6.812840700149536133e-01 0.000000000000000000e+00 0.000000000000000000e+00 
2.208428829908370972e-02 3.147988766431808472e-02 3.155741840600967407e-02 3.046512976288795471e-02 3.102928400039672852e-02 3.155072778463363647e-02 3.119008988142013550e-02 3.039089404046535492e-02 3.165457025170326233e-02 3.206709772348403931e-02 3.162316232919692993e-02 3.227823600172996521e-02 3.146536648273468018e-02 3.278178349137306213e-02 3.174819797277450562e-02 3.215369209647178650e-02 3.270988166332244873e-02 3.134744986891746521e-02 3.122064657509326935e-02 3.081307932734489441e-02 2.976911514997482300e-02 2.107786014676094055e-02 0.000000000000000000e+00 0.000000000000000000e+00 
4.677136838436126709e-01 4.879715144634246826e-01 4.969562590122222900e-01 4.825882613658905029e-01 5.182040929794311523e-01 5.202136039733886719e-01 5.722600221633911133e-01 4.385404288768768311e-01 5.704696774482727051e-01 5.742303729057312012e-01 5.498813986778259277e-01 5.659057497978210449e-01 6.503903269767761230e-01 6.211315989494323730e-01 6.088246107101440430e-01 6.497949361801147461e-01 6.324551701545715332e-01 7.033073306083679199e-01 6.855682730674743652e-01 7.281231284141540527e-01 7.518948912620544434e-01 7.684099078178405762e-01 0.000000000000000000e+00 0.000000000000000000e+00 
2.358321845531463623e-02 3.385613858699798584e-02 3.395937383174896240e-02 3.334220126271247864e-02 3.342264890670776367e-02 3.364822268486022949e-02 3.288756683468818665e-02 3.328869491815567017e-02 3.313497826457023621e-02 3.329271823167800903e-02 3.339353948831558228e-02 3.344087675213813782e-02 3.184761852025985718e-02 3.402598947286605835e-02 3.162679076194763184e-02 3.269261866807937622e-02 3.273091465234756470e-02 3.029547445476055145e-02 3.086414374411106110e-02 2.994677610695362091e-02 2.913123369216918945e-02 2.007023803889751434e-02 0.000000000000000000e+00 0.000000000000000000e+00 
3.994806706905364990e-01 4.177393913269042969e-01 4.144750833511352539e-01 3.982226848602294922e-01 4.454197883605957031e-01 4.420134723186492920e-01 4.894461929798126221e-01 3.676133751869201660e-01 4.865427613258361816e-01 5.020417571067810059e-01 4.775579273700714111e-01 4.997194707393646240e-01 5.791003108024597168e-01 5.684985518455505371e-01 5.178647637367248535e-01 5.826578140258789062e-01 5.671274065971374512e-01 6.361055374145507812e-01 6.165234446525573730e-01 6.786895990371704102e-01 6.908870339393615723e-01 7.148979902267456055e-01 0.000000000000000000e+00 0.000000000000000000e+00 
2.334455214440822601e-02 3.356243297457695007e-02 3.349039331078529358e-02 3.284484520554542542e-02 3.304014354944229126e-02 3.344283252954483032e-02 3.305603191256523132e-02 3.259569406509399414e-02 3.354903683066368103e-02 3.419127687811851501e-02 3.395460173487663269e-02 3.432956710457801819e-02 3.391852229833602905e-02 3.485164791345596313e-02 3.402227908372879028e-02 3.398543968796730042e-02 3.415027260780334473e-02 3.298655152320861816e-02 3.331151232123374939e-02 3.223274648189544678e-02 3.109128959476947784e-02 2.167670987546443939e-02 0.000000000000000000e+00 0.000000000000000000e+00 
3.830189108848571777e-01 3.971771299839019775e-01 3.964442610740661621e-01 3.785333335399627686e-01 4.230191707611083984e-01 4.259237647056579590e-01 4.661482870578765869e-01 3.531060516834259033e-01 4.623533785343170166e-01 4.860112071037292480e-01 4.633911848068237305e-01 4.830984473228454590e-01 5.645492672920227051e-01 5.557274222373962402e-01 5.040974617004394531e-01 5.714854598045349121e-01 5.545779466629028320e-01 6.246873140335083008e-01 6.025663614273071289e-01 6.719146370887756348e-01 6.835719943046569824e-01 7.047950625419616699e-01 0.000000000000000000e+00 0.000000000000000000e+00 
2.342845313251018524e-02 3.369014710187911987e-02 3.371061384677886963e-02 3.320697695016860962e-02 3.320570662617683411e-02 3.383264318108558655e-02 3.348947688937187195e-02 3.267617151141166687e-02 3.388057649135589600e-02 3.475498035550117493e-02 3.420285508036613464e-02 3.485961258411407471e-02 3.470389917492866516e-02 3.535458818078041077e-02 3.484299033880233765e-02 3.460244089365005493e-02 3.484608605504035950e-02 3.395207598805427551e-02 3.418279066681861877e-02 3.280141577124595642e-02 3.163401409983634949e-02 2.226536720991134644e-02 0.000000000000000000e+00 0.000000000000000000e+00 
3.931203484535217285e-01 4.117972552776336670e-01 3.977509140968322754e-01 3.863664865493774414e-01 4.342104494571685791e-01 4.338863492012023926e-01 4.772029221057891846e-01 3.635840713977813721e-01 4.775990843772888184e-01 4.935378432273864746e-01 4.673620760440826416e-01 4.964992403984069824e-01 5.779235959053039551e-01 5.606506466865539551e-01 5.090206265449523926e-01 5.861079096794128418e-01 5.683073997497558594e-01 6.318716406822204590e-01 6.228261590003967285e-01 6.940812468528747559e-01 6.952485442161560059e-01 7.229033708572387695e-01 0.000000000000000000e+00 0.000000000000000000e+00 
2.384691871702671051e-02 3.433248773217201233e-02 3.443460166454315186e-02 3.359986841678619385e-02 3.388946503400802612e-02 3.420477360486984253e-02 3.437371551990509033e-02 3.327259421348571777e-02 3.435262665152549744e-02 3.538524359464645386e-02 3.494848683476448059e-02 3.534966334700584412e-02 3.507982939481735229e-02 3.565834462642669678e-02 3.519473224878311157e-02 3.487161174416542053e-02 3.480328619480133057e-02 3.407482802867889404e-02 3.463659062981605530e-02 3.265141323208808899e-02 3.215928003191947937e-02 2.207393944263458252e-02 0.000000000000000000e+00 0.000000000000000000e+00 
3.591123819351196289e-01 3.747034668922424316e-01 3.724605441093444824e-01 3.573994338512420654e-01 3.960055410861968994e-01 4.075947701930999756e-01 4.433170258998870850e-01 3.358671665191650391e-01 4.424249827861785889e-01 4.647291004657745361e-01 4.363160729408264160e-01 4.651167392730712891e-01 5.530171394348144531e-01 5.360609292984008789e-01 4.868242442607879639e-01 5.642055869102478027e-01 5.385380387306213379e-01 6.123982667922973633e-01 5.986623167991638184e-01 6.740683317184448242e-01 6.737168431282043457e-01 7.026159763336181641e-01 0.000000000000000000e+00 0.000000000000000000e+00 
2.360026538372039795e-02 3.422539681196212769e-02 3.408141806721687317e-02 3.352056443691253662e-02 3.352520987391471863e-02 3.415127471089363098e-02 3.434743359684944153e-02 3.269759565591812134e-02 3.460035845637321472e-02 3.570662811398506165e-02 3.490833938121795654e-02 3.559453412890434265e-02 3.556411340832710266e-02 3.580312803387641907e-02 3.572724387049674988e-02 3.527011349797248840e-02 3.556731343269348145e-02 3.509095311164855957e-02 3.510877117514610291e-02 3.361841291189193726e-02 3.291898965835571289e-02 2.280819229781627655e-02 0.000000000000000000e+00 0.000000000000000000e+00 
2.821814417839050293e-01 3.039970099925994873e-01 2.808181941509246826e-01 2.841663062572479248e-01 2.958544194698333740e-01 3.051266670227050781e-01 3.432968556880950928e-01 2.510060966014862061e-01 3.530534207820892334e-01 3.872667253017425537e-01 3.417348265647888184e-01 3.759302198886871338e-01 4.653902351856231689e-01 4.516262114048004150e-01 4.092990756034851074e-01 4.711247086524963379e-01 4.604541957378387451e-01 5.435492992401123047e-01 5.144560337066650391e-01 5.935304760932922363e-01 5.710207819938659668e-01 6.175462007522583008e-01 0.000000000000000000e+00 0.000000000000000000e+00 
2.166651003062725067e-02 3.237777948379516602e-02 3.037213347852230072e-02 3.078645281493663788e-02 3.074295073747634888e-02 3.158526122570037842e-02 3.294746950268745422e-02 2.909014932811260223e-02 3.337074816226959229e-02 3.472109511494636536e-02 3.246941044926643372e-02 3.392222896218299866e-02 3.498433902859687805e-02 3.523989766836166382e-02 3.464657440781593323e-02 3.456019982695579529e-02 3.612020239233970642e-02 3.575221449136734009e-02 3.570991009473800659e-02 3.475001081824302673e-02 3.459777683019638062e-02 2.446641586720943451e-02 0.000000000000000000e+00 0.000000000000000000e+00 
4.969260394573211670e-01 5.102896094322204590e-01 5.063834786415100098e-01 5.106727480888366699e-01 5.408409237861633301e-01 5.482980608940124512e-01 5.970799326896667480e-01 4.619605243206024170e-01 5.949719548225402832e-01 5.924219489097595215e-01 5.746620297431945801e-01 6.145500540733337402e-01 6.848193407058715820e-01 6.470669507980346680e-01 6.563022136688232422e-01 6.928035020828247070e-01 6.862604022026062012e-01 7.580315470695495605e-01 7.399145364761352539e-01 7.934604287147521973e-01 7.971644997596740723e-01 8.259167671203613281e-01 0.000000000000000000e+00 0.000000000000000000e+00 
2.540946379303932190e-02 3.627379238605499268e-02 3.624820336699485779e-02 3.565644845366477966e-02 3.580965474247932434e-02 3.581641241908073425e-02 3.547108918428421021e-02 3.600561246275901794e-02 3.531240299344062805e-02 3.528185561299324036e-02 3.545024245977401733e-02 3.439141064882278442e-02 3.368492051959037781e-02 3.561040014028549194e-02 3.354280069470405579e-02 3.435992076992988586e-02 3.317236527800559998e-02 3.020197898149490356e-02 3.196508064866065979e-02 2.928804792463779449e-02 2.995400875806808472e-02 1.977030187845230103e-02 0.000000000000000000e+00 0.000000000000000000e+00 
3.347943127155303955e-01 3.490521609783172607e-01 3.432444036006927490e-01 3.378102183341979980e-01 3.687300682067871094e-01 3.772738277912139893e-01 4.164699018001556396e-01 3.130310475826263428e-01 4.221332669258117676e-01 4.400644600391387939e-01 4.107980132102966309e-01 4.391635060310363770e-01 5.359967947006225586e-01 5.165367126464843750e-01 4.734844863414764404e-01 5.456088781356811523e-01 5.236191153526306152e-01 6.057274937629699707e-01 5.841848850250244141e-01 6.649339199066162109e-01 6.550076603889465332e-01 6.930039525032043457e-01 0.000000000000000000e+00 0.000000000000000000e+00 
2.354090288281440735e-02 3.417336195707321167e-02 3.346059843897819519e-02 3.352423384785652161e-02 3.335255756974220276e-02 3.367223218083381653e-02 3.424987941980361938e-02 3.206739574670791626e-02 3.517065942287445068e-02 3.568963706493377686e-02 3.464805707335472107e-02 3.597410768270492554e-02 3.609306365251541138e-02 3.619633615016937256e-02 3.594007343053817749e-02 3.557908907532691956e-02 3.597749397158622742e-02 3.573550656437873840e-02 3.531943634152412415e-02 3.396234661340713501e-02 3.407249227166175842e-02 2.346502244472503662e-02 0.000000000000000000e+00 0.000000000000000000e+00 
4.995064735412597656e-01 5.250821113586425781e-01 5.103400349617004395e-01 5.214330554008483887e-01 5.546374917030334473e-01 5.555871725082397461e-01 5.979243516921997070e-01 4.705365896224975586e-01 6.037965416908264160e-01 6.058029532432556152e-01 5.697467327117919922e-01 6.319431662559509277e-01 6.946818828582763672e-01 6.539134383201599121e-01 6.761465072631835938e-01 6.912868618965148926e-01 6.962665915489196777e-01 7.809252142906188965e-01 7.507664561271667480e-01 8.098510503768920898e-01 8.055183887481689453e-01 8.405413627624511719e-01 0.000000000000000000e+00 0.000000000000000000e+00 
2.554376050829887390e-02 3.702475875616073608e-02 3.669412434101104736e-02 3.606949374079704285e-02 3.640873730182647705e-02 3.605167195200920105e-02 3.605299443006515503e-02 3.621508181095123291e-02 3.503266721963882446e-02 3.559455275535583496e-02 3.574348241090774536e-02 3.446602821350097656e-02 3.367514908313751221e-02 3.524515405297279358e-02 3.288671001791954041e-02 3.437209501862525940e-02 3.303294256329536438e-02 2.965687587857246399e-02 3.194366395473480225e-02 2.842785045504570007e-02 2.947972714900970459e-02 1.919347606599330902e-02 0.000000000000000000e+00 0.000000000000000000e+00 
