6.896423697471618652e-01 7.031937837600708008e-01 0.000000000000000000e+00 5.000000000000000000e-01 5.320512820512820484e-01 0.000000000000000000e+00 5.226244343891403021e-01 0.000000000000000000e+00 5.549450549450549719e-01 0.000000000000000000e+00 
5.739709138870239258e-01 6.523930430412292480e-01 0.000000000000000000e+00 7.500000000000000000e-01 6.217948717948718063e-01 0.000000000000000000e+00 6.696428571428570953e-01 0.000000000000000000e+00 5.949999999999999734e-01 0.000000000000000000e+00 
4.100816249847412109e-01 5.365982651710510254e-01 0.000000000000000000e+00 8.958333333333333703e-01 7.644230769230768718e-01 0.000000000000000000e+00 7.815699658703071373e-01 0.000000000000000000e+00 7.492447129909365344e-01 0.000000000000000000e+00 
1.953872889280319214e-01 3.744321167469024658e-01 0.000000000000000000e+00 9.791666666666666297e-01 8.509615384615384359e-01 0.000000000000000000e+00 8.953068592057761288e-01 0.000000000000000000e+00 8.155619596541786587e-01 0.000000000000000000e+00 
7.729192078113555908e-02 2.347877174615859985e-01 0.000000000000000000e+00 1.000000000000000000e+00 9.230769230769231282e-01 0.000000000000000000e+00 9.285714285714286031e-01 0.000000000000000000e+00 9.177215189873417778e-01 0.000000000000000000e+00 
3.779617697000503540e-02 1.704089343547821045e-01 0.000000000000000000e+00 1.000000000000000000e+00 9.407051282051281937e-01 0.000000000000000000e+00 9.478827361563517684e-01 0.000000000000000000e+00 9.337539432176655829e-01 0.000000000000000000e+00 
1.884797587990760803e-02 1.405950039625167847e-01 0.000000000000000000e+00 1.000000000000000000e+00 9.423076923076922906e-01 0.000000000000000000e+00 9.312500000000000222e-01 0.000000000000000000e+00 9.539473684210526550e-01 0.000000000000000000e+00 
1.149433106184005737e-02 1.190607845783233643e-01 0.000000000000000000e+00 1.000000000000000000e+00 9.551282051282051766e-01 0.000000000000000000e+00 9.580645161290322065e-01 0.000000000000000000e+00 9.522292993630573354e-01 0.000000000000000000e+00 
8.590142242610454559e-03 1.061205118894577026e-01 0.000000000000000000e+00 1.000000000000000000e+00 9.599358974358974672e-01 0.000000000000000000e+00 9.614147909967846184e-01 0.000000000000000000e+00 9.584664536741214214e-01 0.000000000000000000e+00 
6.316709797829389572e-03 9.726184606552124023e-02 0.000000000000000000e+00 1.000000000000000000e+00 9.583333333333333703e-01 0.000000000000000000e+00 9.642857142857143016e-01 0.000000000000000000e+00 9.525316455696202222e-01 0.000000000000000000e+00 
4.978405311703681946e-03 9.118445962667465210e-02 0.000000000000000000e+00 1.000000000000000000e+00 9.615384615384615641e-01 0.000000000000000000e+00 9.645161290322580294e-01 0.000000000000000000e+00 9.585987261146496907e-01 0.000000000000000000e+00 
4.351813346147537231e-03 8.650846779346466064e-02 0.000000000000000000e+00 1.000000000000000000e+00 9.615384615384615641e-01 0.000000000000000000e+00 9.645161290322580294e-01 0.000000000000000000e+00 9.585987261146496907e-01 0.000000000000000000e+00 
9.184233844280242920e-03 8.701565861701965332e-02 0.000000000000000000e+00 1.000000000000000000e+00 9.631410256410256610e-01 0.000000000000000000e+00 9.768976897689769512e-01 0.000000000000000000e+00 9.501557632398753839e-01 0.000000000000000000e+00 
2.987517742440104485e-03 7.346937805414199829e-02 0.000000000000000000e+00 1.000000000000000000e+00 9.743589743589743390e-01 0.000000000000000000e+00 9.743589743589743390e-01 0.000000000000000000e+00 9.743589743589743390e-01 0.000000000000000000e+00 
2.429136773571372032e-03 7.015924155712127686e-02 0.000000000000000000e+00 1.000000000000000000e+00 9.727564102564102422e-01 0.000000000000000000e+00 9.682539682539682557e-01 0.000000000000000000e+00 9.773462783171521506e-01 0.000000000000000000e+00 
2.784237964078783989e-03 6.807779520750045776e-02 0.000000000000000000e+00 1.000000000000000000e+00 9.743589743589743390e-01 0.000000000000000000e+00 9.713375796178344013e-01 0.000000000000000000e+00 9.774193548387096753e-01 0.000000000000000000e+00 
2.209846861660480499e-03 7.188560068607330322e-02 0.000000000000000000e+00 1.000000000000000000e+00 9.711538461538461453e-01 0.000000000000000000e+00 9.867549668874172619e-01 0.000000000000000000e+00 9.565217391304348116e-01 0.000000000000000000e+00 
1.742436434142291546e-03 6.500837206840515137e-02 0.000000000000000000e+00 1.000000000000000000e+00 9.727564102564102422e-01 0.000000000000000000e+00 9.623824451410658565e-01 0.000000000000000000e+00 9.836065573770491621e-01 0.000000000000000000e+00 
1.698800362646579742e-03 6.260165572166442871e-02 0.000000000000000000e+00 1.000000000000000000e+00 9.727564102564102422e-01 0.000000000000000000e+00 9.623824451410658565e-01 0.000000000000000000e+00 9.836065573770491621e-01 0.000000000000000000e+00 
1.674602972343564034e-03 5.992028117179870605e-02 0.000000000000000000e+00 1.000000000000000000e+00 9.791666666666666297e-01 0.000000000000000000e+00 9.746031746031745824e-01 0.000000000000000000e+00 9.838187702265371870e-01 0.000000000000000000e+00 
1.784229651093482971e-03 7.497208565473556519e-02 0.000000000000000000e+00 1.000000000000000000e+00 9.695512820512820484e-01 0.000000000000000000e+00 9.899665551839464950e-01 0.000000000000000000e+00 9.507692307692308109e-01 0.000000000000000000e+00 
1.315908972173929214e-03 5.794690176844596863e-02 0.000000000000000000e+00 1.000000000000000000e+00 9.823717948717948234e-01 0.000000000000000000e+00 9.808306709265175449e-01 0.000000000000000000e+00 9.839228295819936188e-01 0.000000000000000000e+00 
1.212238217703998089e-03 5.897559225559234619e-02 0.000000000000000000e+00 1.000000000000000000e+00 9.743589743589743390e-01 0.000000000000000000e+00 9.654088050314465486e-01 0.000000000000000000e+00 9.836601307189541954e-01 0.000000000000000000e+00 
1.151616685092449188e-03 5.591143295168876648e-02 0.000000000000000000e+00 1.000000000000000000e+00 9.823717948717948234e-01 0.000000000000000000e+00 9.808306709265175449e-01 0.000000000000000000e+00 9.839228295819936188e-01 0.000000000000000000e+00 
1.259092241525650024e-03 5.511651933193206787e-02 0.000000000000000000e+00 1.000000000000000000e+00 9.823717948717948234e-01 0.000000000000000000e+00 9.808306709265175449e-01 0.000000000000000000e+00 9.839228295819936188e-01 0.000000000000000000e+00 
9.861942380666732788e-04 5.530796200037002563e-02 0.000000000000000000e+00 1.000000000000000000e+00 9.775641025641025328e-01 0.000000000000000000e+00 9.715189873417721111e-01 0.000000000000000000e+00 9.837662337662337331e-01 0.000000000000000000e+00 
9.905730839818716049e-04 5.525607988238334656e-02 0.000000000000000000e+00 1.000000000000000000e+00 9.759615384615384359e-01 0.000000000000000000e+00 9.655172413793103869e-01 0.000000000000000000e+00 9.868852459016393963e-01 0.000000000000000000e+00 
8.775983005762100220e-04 5.319726094603538513e-02 0.000000000000000000e+00 1.000000000000000000e+00 9.807692307692307265e-01 0.000000000000000000e+00 9.777070063694267565e-01 0.000000000000000000e+00 9.838709677419354982e-01 0.000000000000000000e+00 
9.278825018554925919e-04 5.287628993391990662e-02 0.000000000000000000e+00 1.000000000000000000e+00 9.807692307692307265e-01 0.000000000000000000e+00 9.777070063694267565e-01 0.000000000000000000e+00 9.838709677419354982e-01 0.000000000000000000e+00 
8.483391720801591873e-04 5.390085279941558838e-02 0.000000000000000000e+00 1.000000000000000000e+00 9.791666666666666297e-01 0.000000000000000000e+00 9.686520376175548064e-01 0.000000000000000000e+00 9.901639344262295195e-01 0.000000000000000000e+00 
7.393279811367392540e-04 5.244324356317520142e-02 0.000000000000000000e+00 1.000000000000000000e+00 9.823717948717948234e-01 0.000000000000000000e+00 9.777777777777777457e-01 0.000000000000000000e+00 9.870550161812298162e-01 0.000000000000000000e+00 
7.398778107017278671e-04 5.331126227974891663e-02 0.000000000000000000e+00 1.000000000000000000e+00 9.791666666666666297e-01 0.000000000000000000e+00 9.686520376175548064e-01 0.000000000000000000e+00 9.901639344262295195e-01 0.000000000000000000e+00 
7.212434429675340652e-04 5.067637935280799866e-02 0.000000000000000000e+00 1.000000000000000000e+00 9.823717948717948234e-01 0.000000000000000000e+00 9.777777777777777457e-01 0.000000000000000000e+00 9.870550161812298162e-01 0.000000000000000000e+00 
6.904583424329757690e-04 5.121702328324317932e-02 0.000000000000000000e+00 1.000000000000000000e+00 9.839743589743589203e-01 0.000000000000000000e+00 9.778481012658227778e-01 0.000000000000000000e+00 9.902597402597402843e-01 0.000000000000000000e+00 
6.297680083662271500e-04 4.983028024435043335e-02 0.000000000000000000e+00 1.000000000000000000e+00 9.807692307692307265e-01 0.000000000000000000e+00 9.777070063694267565e-01 0.000000000000000000e+00 9.838709677419354982e-01 0.000000000000000000e+00 
6.854929961264133453e-04 1.380487829446792603e-01 0.000000000000000000e+00 1.000000000000000000e+00 9.551282051282051766e-01 0.000000000000000000e+00 9.176470588235293713e-01 0.000000000000000000e+00 1.000000000000000000e+00 0.000000000000000000e+00 
8.760535856708884239e-04 1.850052177906036377e-01 0.000000000000000000e+00 1.000000000000000000e+00 9.471153846153845812e-01 0.000000000000000000e+00 1.000000000000000000e+00 0.000000000000000000e+00 9.043478260869565188e-01 0.000000000000000000e+00 
5.043562268838286400e-04 6.597436219453811646e-02 0.000000000000000000e+00 1.000000000000000000e+00 9.775641025641025328e-01 0.000000000000000000e+00 9.627329192546584258e-01 0.000000000000000000e+00 9.933774834437085755e-01 0.000000000000000000e+00 
5.007592262700200081e-04 4.834346845746040344e-02 0.000000000000000000e+00 1.000000000000000000e+00 9.823717948717948234e-01 0.000000000000000000e+00 9.747634069400631374e-01 0.000000000000000000e+00 9.902280130293159566e-01 0.000000000000000000e+00 
4.735689726658165455e-04 4.909889400005340576e-02 0.000000000000000000e+00 1.000000000000000000e+00 9.823717948717948234e-01 0.000000000000000000e+00 9.747634069400631374e-01 0.000000000000000000e+00 9.902280130293159566e-01 0.000000000000000000e+00 
5.521405255421996117e-04 5.129107087850570679e-02 0.000000000000000000e+00 1.000000000000000000e+00 9.807692307692307265e-01 0.000000000000000000e+00 9.716981132075471761e-01 0.000000000000000000e+00 9.901960784313725839e-01 0.000000000000000000e+00 
4.276781692169606686e-04 4.749188572168350220e-02 0.000000000000000000e+00 1.000000000000000000e+00 9.839743589743589203e-01 0.000000000000000000e+00 9.778481012658227778e-01 0.000000000000000000e+00 9.902597402597402843e-01 0.000000000000000000e+00 
3.918271395377814770e-04 5.165433883666992188e-02 0.000000000000000000e+00 1.000000000000000000e+00 9.807692307692307265e-01 0.000000000000000000e+00 9.716981132075471761e-01 0.000000000000000000e+00 9.901960784313725839e-01 0.000000000000000000e+00 
3.819321864284574986e-04 5.447209253907203674e-02 0.000000000000000000e+00 1.000000000000000000e+00 9.791666666666666297e-01 0.000000000000000000e+00 9.686520376175548064e-01 0.000000000000000000e+00 9.901639344262295195e-01 0.000000000000000000e+00 
3.655909094959497452e-04 5.490942671895027161e-02 0.000000000000000000e+00 1.000000000000000000e+00 9.791666666666666297e-01 0.000000000000000000e+00 9.686520376175548064e-01 0.000000000000000000e+00 9.901639344262295195e-01 0.000000000000000000e+00 
3.522847546264529228e-04 5.360341072082519531e-02 0.000000000000000000e+00 1.000000000000000000e+00 9.791666666666666297e-01 0.000000000000000000e+00 9.686520376175548064e-01 0.000000000000000000e+00 9.901639344262295195e-01 0.000000000000000000e+00 
3.460166626609861851e-04 5.407895892858505249e-02 0.000000000000000000e+00 1.000000000000000000e+00 9.791666666666666297e-01 0.000000000000000000e+00 9.686520376175548064e-01 0.000000000000000000e+00 9.901639344262295195e-01 0.000000000000000000e+00 
3.423992893658578396e-04 5.318067222833633423e-02 0.000000000000000000e+00 1.000000000000000000e+00 9.807692307692307265e-01 0.000000000000000000e+00 9.716981132075471761e-01 0.000000000000000000e+00 9.901960784313725839e-01 0.000000000000000000e+00 
3.276186471339315176e-04 5.311998352408409119e-02 0.000000000000000000e+00 1.000000000000000000e+00 9.807692307692307265e-01 0.000000000000000000e+00 9.716981132075471761e-01 0.000000000000000000e+00 9.901960784313725839e-01 0.000000000000000000e+00 
3.319455718155950308e-04 5.170787870883941650e-02 0.000000000000000000e+00 1.000000000000000000e+00 9.839743589743589203e-01 0.000000000000000000e+00 9.778481012658227778e-01 0.000000000000000000e+00 9.902597402597402843e-01 0.000000000000000000e+00 
3.188978880643844604e-04 5.276982113718986511e-02 0.000000000000000000e+00 1.000000000000000000e+00 9.823717948717948234e-01 0.000000000000000000e+00 9.747634069400631374e-01 0.000000000000000000e+00 9.902280130293159566e-01 0.000000000000000000e+00 
3.167032846249639988e-04 5.234373733401298523e-02 0.000000000000000000e+00 1.000000000000000000e+00 9.839743589743589203e-01 0.000000000000000000e+00 9.778481012658227778e-01 0.000000000000000000e+00 9.902597402597402843e-01 0.000000000000000000e+00 
3.061643219552934170e-04 5.096021667122840881e-02 0.000000000000000000e+00 1.000000000000000000e+00 9.839743589743589203e-01 0.000000000000000000e+00 9.778481012658227778e-01 0.000000000000000000e+00 9.902597402597402843e-01 0.000000000000000000e+00 
2.905794244725257158e-04 5.105273053050041199e-02 0.000000000000000000e+00 1.000000000000000000e+00 9.839743589743589203e-01 0.000000000000000000e+00 9.778481012658227778e-01 0.000000000000000000e+00 9.902597402597402843e-01 0.000000000000000000e+00 
2.845099370460957289e-04 4.707302898168563843e-02 0.000000000000000000e+00 1.000000000000000000e+00 9.839743589743589203e-01 0.000000000000000000e+00 9.808917197452229342e-01 0.000000000000000000e+00 9.870967741935483541e-01 0.000000000000000000e+00 
2.825995325110852718e-04 5.038890987634658813e-02 0.000000000000000000e+00 1.000000000000000000e+00 9.839743589743589203e-01 0.000000000000000000e+00 9.778481012658227778e-01 0.000000000000000000e+00 9.902597402597402843e-01 0.000000000000000000e+00 
2.640993916429579258e-04 4.981151595711708069e-02 0.000000000000000000e+00 1.000000000000000000e+00 9.839743589743589203e-01 0.000000000000000000e+00 9.778481012658227778e-01 0.000000000000000000e+00 9.902597402597402843e-01 0.000000000000000000e+00 
2.675134455785155296e-04 5.066478997468948364e-02 0.000000000000000000e+00 1.000000000000000000e+00 9.839743589743589203e-01 0.000000000000000000e+00 9.778481012658227778e-01 0.000000000000000000e+00 9.902597402597402843e-01 0.000000000000000000e+00 
2.646776265464723110e-04 5.125834792852401733e-02 0.000000000000000000e+00 1.000000000000000000e+00 9.839743589743589203e-01 0.000000000000000000e+00 9.778481012658227778e-01 0.000000000000000000e+00 9.902597402597402843e-01 0.000000000000000000e+00 
2.576220140326768160e-04 5.185809731483459473e-02 0.000000000000000000e+00 1.000000000000000000e+00 9.839743589743589203e-01 0.000000000000000000e+00 9.778481012658227778e-01 0.000000000000000000e+00 9.902597402597402843e-01 0.000000000000000000e+00 
2.665384090505540371e-04 4.425746574997901917e-02 0.000000000000000000e+00 1.000000000000000000e+00 9.855769230769231282e-01 0.000000000000000000e+00 9.840255591054313244e-01 0.000000000000000000e+00 9.871382636655948728e-01 0.000000000000000000e+00 
2.453789056744426489e-04 4.684776440262794495e-02 0.000000000000000000e+00 1.000000000000000000e+00 9.839743589743589203e-01 0.000000000000000000e+00 9.778481012658227778e-01 0.000000000000000000e+00 9.902597402597402843e-01 0.000000000000000000e+00 
2.458138624206185341e-04 4.961713403463363647e-02 0.000000000000000000e+00 1.000000000000000000e+00 9.839743589743589203e-01 0.000000000000000000e+00 9.778481012658227778e-01 0.000000000000000000e+00 9.902597402597402843e-01 0.000000000000000000e+00 
2.329716226086020470e-04 4.991706088185310364e-02 0.000000000000000000e+00 1.000000000000000000e+00 9.839743589743589203e-01 0.000000000000000000e+00 9.778481012658227778e-01 0.000000000000000000e+00 9.902597402597402843e-01 0.000000000000000000e+00 
2.373126335442066193e-04 5.049423873424530029e-02 0.000000000000000000e+00 1.000000000000000000e+00 9.839743589743589203e-01 0.000000000000000000e+00 9.778481012658227778e-01 0.000000000000000000e+00 9.902597402597402843e-01 0.000000000000000000e+00 
2.346850233152508736e-04 4.815879464149475098e-02 0.000000000000000000e+00 1.000000000000000000e+00 9.839743589743589203e-01 0.000000000000000000e+00 9.778481012658227778e-01 0.000000000000000000e+00 9.902597402597402843e-01 0.000000000000000000e+00 
2.295538288308307528e-04 4.845255985856056213e-02 0.000000000000000000e+00 1.000000000000000000e+00 9.839743589743589203e-01 0.000000000000000000e+00 9.778481012658227778e-01 0.000000000000000000e+00 9.902597402597402843e-01 0.000000000000000000e+00 
2.165440237149596214e-04 4.841579124331474304e-02 0.000000000000000000e+00 1.000000000000000000e+00 9.839743589743589203e-01 0.000000000000000000e+00 9.778481012658227778e-01 0.000000000000000000e+00 9.902597402597402843e-01 0.000000000000000000e+00 
2.334044256713241339e-04 4.921005293726921082e-02 0.000000000000000000e+00 1.000000000000000000e+00 9.839743589743589203e-01 0.000000000000000000e+00 9.778481012658227778e-01 0.000000000000000000e+00 9.902597402597402843e-01 0.000000000000000000e+00 
2.133559610228985548e-04 4.793628305196762085e-02 0.000000000000000000e+00 1.000000000000000000e+00 9.839743589743589203e-01 0.000000000000000000e+00 9.778481012658227778e-01 0.000000000000000000e+00 9.902597402597402843e-01 0.000000000000000000e+00 
