7.048960924148559570e-01 6.991865038871765137e-01 0.000000000000000000e+00 5.000000000000000000e-01 5.048076923076922906e-01 0.000000000000000000e+00 6.363636363636363535e-01 0.000000000000000000e+00 5.024469820554648969e-01 0.000000000000000000e+00 
6.949176192283630371e-01 6.931673288345336914e-01 0.000000000000000000e+00 4.249999999999999889e-01 5.224358974358974672e-01 0.000000000000000000e+00 5.673076923076922906e-01 0.000000000000000000e+00 5.134615384615384137e-01 0.000000000000000000e+00 
6.912754774093627930e-01 6.909647583961486816e-01 0.000000000000000000e+00 5.000000000000000000e-01 5.320512820512820484e-01 0.000000000000000000e+00 5.409836065573770947e-01 0.000000000000000000e+00 5.263157894736841813e-01 0.000000000000000000e+00 
6.895541548728942871e-01 6.895835399627685547e-01 0.000000000000000000e+00 5.500000000000000444e-01 5.544871794871795156e-01 0.000000000000000000e+00 5.574324324324324564e-01 0.000000000000000000e+00 5.518292682926829729e-01 0.000000000000000000e+00 
6.861972808837890625e-01 6.879807710647583008e-01 0.000000000000000000e+00 6.500000000000000222e-01 5.721153846153845812e-01 0.000000000000000000e+00 5.742574257425742124e-01 0.000000000000000000e+00 5.700934579439251859e-01 0.000000000000000000e+00 
6.829212307929992676e-01 6.860669255256652832e-01 0.000000000000000000e+00 6.500000000000000222e-01 5.769230769230768718e-01 0.000000000000000000e+00 5.745341614906832595e-01 0.000000000000000000e+00 5.794701986754966505e-01 0.000000000000000000e+00 
6.765220761299133301e-01 6.837130188941955566e-01 0.000000000000000000e+00 7.249999999999999778e-01 5.897435897435897578e-01 0.000000000000000000e+00 5.833333333333333703e-01 0.000000000000000000e+00 5.972222222222222099e-01 0.000000000000000000e+00 
6.685091853141784668e-01 6.806332468986511230e-01 0.000000000000000000e+00 7.750000000000000222e-01 6.025641025641025328e-01 0.000000000000000000e+00 5.946745562130177909e-01 0.000000000000000000e+00 6.118881118881118741e-01 0.000000000000000000e+00 
6.693443655967712402e-01 6.766738295555114746e-01 0.000000000000000000e+00 7.249999999999999778e-01 6.250000000000000000e-01 0.000000000000000000e+00 6.107954545454545858e-01 0.000000000000000000e+00 6.433823529411765163e-01 0.000000000000000000e+00 
6.641232371330261230e-01 6.713846921920776367e-01 0.000000000000000000e+00 8.000000000000000444e-01 6.490384615384615641e-01 0.000000000000000000e+00 6.267029972752043987e-01 0.000000000000000000e+00 6.809338521400778443e-01 0.000000000000000000e+00 
6.532785892486572266e-01 6.641623973846435547e-01 0.000000000000000000e+00 8.249999999999999556e-01 6.746794871794872250e-01 0.000000000000000000e+00 6.493150684931506822e-01 0.000000000000000000e+00 7.104247104247104483e-01 0.000000000000000000e+00 
6.373237967491149902e-01 6.544726490974426270e-01 0.000000000000000000e+00 8.499999999999999778e-01 7.179487179487179516e-01 0.000000000000000000e+00 6.857923497267759405e-01 0.000000000000000000e+00 7.635658914728682412e-01 0.000000000000000000e+00 
6.264449954032897949e-01 6.416031122207641602e-01 0.000000000000000000e+00 9.250000000000000444e-01 7.612179487179486781e-01 0.000000000000000000e+00 7.196765498652291093e-01 0.000000000000000000e+00 8.221343873517786838e-01 0.000000000000000000e+00 
6.108995079994201660e-01 6.249024271965026855e-01 0.000000000000000000e+00 8.750000000000000000e-01 7.884615384615384359e-01 0.000000000000000000e+00 7.393617021276596146e-01 0.000000000000000000e+00 8.629032258064516236e-01 0.000000000000000000e+00 
5.924746394157409668e-01 6.037967205047607422e-01 0.000000000000000000e+00 9.000000000000000222e-01 8.253205128205127750e-01 0.000000000000000000e+00 7.735849056603774088e-01 0.000000000000000000e+00 9.011857707509881577e-01 0.000000000000000000e+00 
5.605022311210632324e-01 5.781900882720947266e-01 0.000000000000000000e+00 9.250000000000000444e-01 8.541666666666666297e-01 0.000000000000000000e+00 8.044077134986226119e-01 0.000000000000000000e+00 9.233716475095785636e-01 0.000000000000000000e+00 
5.314051508903503418e-01 5.485633015632629395e-01 0.000000000000000000e+00 9.000000000000000222e-01 8.782051282051281937e-01 0.000000000000000000e+00 8.277777777777777235e-01 0.000000000000000000e+00 9.469696969696970168e-01 0.000000000000000000e+00 
4.938083589076995850e-01 5.160915851593017578e-01 0.000000000000000000e+00 9.250000000000000444e-01 9.006410256410256610e-01 0.000000000000000000e+00 8.591954022988506079e-01 0.000000000000000000e+00 9.528985507246376940e-01 0.000000000000000000e+00 
4.566882252693176270e-01 4.818476736545562744e-01 0.000000000000000000e+00 9.499999999999999556e-01 9.166666666666666297e-01 0.000000000000000000e+00 8.823529411764705621e-01 0.000000000000000000e+00 9.577464788732393819e-01 0.000000000000000000e+00 
4.267074763774871826e-01 4.475937485694885254e-01 0.000000000000000000e+00 9.250000000000000444e-01 9.230769230769231282e-01 0.000000000000000000e+00 8.928571428571429047e-01 0.000000000000000000e+00 9.583333333333333703e-01 0.000000000000000000e+00 
3.845449388027191162e-01 4.145774841308593750e-01 0.000000000000000000e+00 9.749999999999999778e-01 9.407051282051281937e-01 0.000000000000000000e+00 9.204892966360855855e-01 0.000000000000000000e+00 9.629629629629629095e-01 0.000000000000000000e+00 
3.564961850643157959e-01 3.838243186473846436e-01 0.000000000000000000e+00 1.000000000000000000e+00 9.519230769230768718e-01 0.000000000000000000e+00 9.378881987577639689e-01 0.000000000000000000e+00 9.668874172185430993e-01 0.000000000000000000e+00 
3.304213285446166992e-01 3.556540906429290771e-01 0.000000000000000000e+00 9.749999999999999778e-01 9.615384615384615641e-01 0.000000000000000000e+00 9.499999999999999556e-01 0.000000000000000000e+00 9.736842105263158187e-01 0.000000000000000000e+00 
2.875030934810638428e-01 3.306245207786560059e-01 0.000000000000000000e+00 1.000000000000000000e+00 9.615384615384615641e-01 0.000000000000000000e+00 9.499999999999999556e-01 0.000000000000000000e+00 9.736842105263158187e-01 0.000000000000000000e+00 
2.668457031250000000e-01 3.090589344501495361e-01 0.000000000000000000e+00 1.000000000000000000e+00 9.631410256410256610e-01 0.000000000000000000e+00 9.529780564263322651e-01 0.000000000000000000e+00 9.737704918032786816e-01 0.000000000000000000e+00 
2.372108995914459229e-01 2.896055877208709717e-01 0.000000000000000000e+00 1.000000000000000000e+00 9.631410256410256610e-01 0.000000000000000000e+00 9.529780564263322651e-01 0.000000000000000000e+00 9.737704918032786816e-01 0.000000000000000000e+00 
2.308657616376876831e-01 2.727904617786407471e-01 0.000000000000000000e+00 1.000000000000000000e+00 9.647435897435897578e-01 0.000000000000000000e+00 9.559748427672956073e-01 0.000000000000000000e+00 9.738562091503267792e-01 0.000000000000000000e+00 
2.106107771396636963e-01 2.580574154853820801e-01 0.000000000000000000e+00 1.000000000000000000e+00 9.679487179487179516e-01 0.000000000000000000e+00 9.620253164556962222e-01 0.000000000000000000e+00 9.740259740259740173e-01 0.000000000000000000e+00 
1.978164911270141602e-01 2.447672635316848755e-01 0.000000000000000000e+00 1.000000000000000000e+00 9.727564102564102422e-01 0.000000000000000000e+00 9.652996845425867445e-01 0.000000000000000000e+00 9.804560260586319131e-01 0.000000000000000000e+00 
1.761224716901779175e-01 2.330878674983978271e-01 0.000000000000000000e+00 1.000000000000000000e+00 9.743589743589743390e-01 0.000000000000000000e+00 9.683544303797468888e-01 0.000000000000000000e+00 9.805194805194805685e-01 0.000000000000000000e+00 
1.729044914245605469e-01 2.228033691644668579e-01 0.000000000000000000e+00 1.000000000000000000e+00 9.759615384615384359e-01 0.000000000000000000e+00 9.714285714285714191e-01 0.000000000000000000e+00 9.805825242718446688e-01 0.000000000000000000e+00 
1.644492596387863159e-01 2.134992182254791260e-01 0.000000000000000000e+00 1.000000000000000000e+00 9.759615384615384359e-01 0.000000000000000000e+00 9.744408945686900969e-01 0.000000000000000000e+00 9.774919614147909996e-01 0.000000000000000000e+00 
1.533904522657394409e-01 2.052035778760910034e-01 0.000000000000000000e+00 1.000000000000000000e+00 9.759615384615384359e-01 0.000000000000000000e+00 9.744408945686900969e-01 0.000000000000000000e+00 9.774919614147909996e-01 0.000000000000000000e+00 
1.494980305433273315e-01 1.977241784334182739e-01 0.000000000000000000e+00 1.000000000000000000e+00 9.743589743589743390e-01 0.000000000000000000e+00 9.743589743589743390e-01 0.000000000000000000e+00 9.743589743589743390e-01 0.000000000000000000e+00 
1.388908475637435913e-01 1.910164058208465576e-01 0.000000000000000000e+00 1.000000000000000000e+00 9.759615384615384359e-01 0.000000000000000000e+00 9.774919614147909996e-01 0.000000000000000000e+00 9.744408945686900969e-01 0.000000000000000000e+00 
1.358523219823837280e-01 1.848765611648559570e-01 0.000000000000000000e+00 1.000000000000000000e+00 9.759615384615384359e-01 0.000000000000000000e+00 9.774919614147909996e-01 0.000000000000000000e+00 9.744408945686900969e-01 0.000000000000000000e+00 
1.268691718578338623e-01 1.791934370994567871e-01 0.000000000000000000e+00 1.000000000000000000e+00 9.759615384615384359e-01 0.000000000000000000e+00 9.774919614147909996e-01 0.000000000000000000e+00 9.744408945686900969e-01 0.000000000000000000e+00 
1.221444532275199890e-01 1.741689145565032959e-01 0.000000000000000000e+00 1.000000000000000000e+00 9.759615384615384359e-01 0.000000000000000000e+00 9.774919614147909996e-01 0.000000000000000000e+00 9.744408945686900969e-01 0.000000000000000000e+00 
1.189248338341712952e-01 1.693976074457168579e-01 0.000000000000000000e+00 1.000000000000000000e+00 9.759615384615384359e-01 0.000000000000000000e+00 9.774919614147909996e-01 0.000000000000000000e+00 9.744408945686900969e-01 0.000000000000000000e+00 
1.138124242424964905e-01 1.649896949529647827e-01 0.000000000000000000e+00 1.000000000000000000e+00 9.759615384615384359e-01 0.000000000000000000e+00 9.774919614147909996e-01 0.000000000000000000e+00 9.744408945686900969e-01 0.000000000000000000e+00 
1.095402017235755920e-01 1.608751267194747925e-01 0.000000000000000000e+00 1.000000000000000000e+00 9.759615384615384359e-01 0.000000000000000000e+00 9.774919614147909996e-01 0.000000000000000000e+00 9.744408945686900969e-01 0.000000000000000000e+00 
1.090983375906944275e-01 1.571182608604431152e-01 0.000000000000000000e+00 1.000000000000000000e+00 9.759615384615384359e-01 0.000000000000000000e+00 9.774919614147909996e-01 0.000000000000000000e+00 9.744408945686900969e-01 0.000000000000000000e+00 
1.028020977973937988e-01 1.535534709692001343e-01 0.000000000000000000e+00 1.000000000000000000e+00 9.759615384615384359e-01 0.000000000000000000e+00 9.774919614147909996e-01 0.000000000000000000e+00 9.744408945686900969e-01 0.000000000000000000e+00 
1.016460284590721130e-01 1.501782089471817017e-01 0.000000000000000000e+00 1.000000000000000000e+00 9.759615384615384359e-01 0.000000000000000000e+00 9.774919614147909996e-01 0.000000000000000000e+00 9.744408945686900969e-01 0.000000000000000000e+00 
9.790413826704025269e-02 1.469197422266006470e-01 0.000000000000000000e+00 1.000000000000000000e+00 9.759615384615384359e-01 0.000000000000000000e+00 9.774919614147909996e-01 0.000000000000000000e+00 9.744408945686900969e-01 0.000000000000000000e+00 
9.206288307905197144e-02 1.438427865505218506e-01 0.000000000000000000e+00 1.000000000000000000e+00 9.759615384615384359e-01 0.000000000000000000e+00 9.774919614147909996e-01 0.000000000000000000e+00 9.744408945686900969e-01 0.000000000000000000e+00 
9.172647446393966675e-02 1.410658359527587891e-01 0.000000000000000000e+00 1.000000000000000000e+00 9.759615384615384359e-01 0.000000000000000000e+00 9.774919614147909996e-01 0.000000000000000000e+00 9.744408945686900969e-01 0.000000000000000000e+00 
8.802501857280731201e-02 1.382309943437576294e-01 0.000000000000000000e+00 1.000000000000000000e+00 9.759615384615384359e-01 0.000000000000000000e+00 9.774919614147909996e-01 0.000000000000000000e+00 9.744408945686900969e-01 0.000000000000000000e+00 
8.563468605279922485e-02 1.358910053968429565e-01 0.000000000000000000e+00 1.000000000000000000e+00 9.759615384615384359e-01 0.000000000000000000e+00 9.774919614147909996e-01 0.000000000000000000e+00 9.744408945686900969e-01 0.000000000000000000e+00 
8.362304419279098511e-02 1.333933621644973755e-01 0.000000000000000000e+00 1.000000000000000000e+00 9.759615384615384359e-01 0.000000000000000000e+00 9.774919614147909996e-01 0.000000000000000000e+00 9.744408945686900969e-01 0.000000000000000000e+00 
8.099377155303955078e-02 1.310003697872161865e-01 0.000000000000000000e+00 1.000000000000000000e+00 9.759615384615384359e-01 0.000000000000000000e+00 9.774919614147909996e-01 0.000000000000000000e+00 9.744408945686900969e-01 0.000000000000000000e+00 
7.905557006597518921e-02 1.287899464368820190e-01 0.000000000000000000e+00 1.000000000000000000e+00 9.759615384615384359e-01 0.000000000000000000e+00 9.774919614147909996e-01 0.000000000000000000e+00 9.744408945686900969e-01 0.000000000000000000e+00 
7.782074064016342163e-02 1.265489161014556885e-01 0.000000000000000000e+00 1.000000000000000000e+00 9.759615384615384359e-01 0.000000000000000000e+00 9.774919614147909996e-01 0.000000000000000000e+00 9.744408945686900969e-01 0.000000000000000000e+00 
7.334805279970169067e-02 1.245584264397621155e-01 0.000000000000000000e+00 1.000000000000000000e+00 9.759615384615384359e-01 0.000000000000000000e+00 9.774919614147909996e-01 0.000000000000000000e+00 9.744408945686900969e-01 0.000000000000000000e+00 
7.390755414962768555e-02 1.227202042937278748e-01 0.000000000000000000e+00 1.000000000000000000e+00 9.759615384615384359e-01 0.000000000000000000e+00 9.774919614147909996e-01 0.000000000000000000e+00 9.744408945686900969e-01 0.000000000000000000e+00 
7.043329626321792603e-02 1.209108680486679077e-01 0.000000000000000000e+00 1.000000000000000000e+00 9.759615384615384359e-01 0.000000000000000000e+00 9.774919614147909996e-01 0.000000000000000000e+00 9.744408945686900969e-01 0.000000000000000000e+00 
6.917621195316314697e-02 1.190795451402664185e-01 0.000000000000000000e+00 1.000000000000000000e+00 9.759615384615384359e-01 0.000000000000000000e+00 9.774919614147909996e-01 0.000000000000000000e+00 9.744408945686900969e-01 0.000000000000000000e+00 
6.794027239084243774e-02 1.174127161502838135e-01 0.000000000000000000e+00 1.000000000000000000e+00 9.759615384615384359e-01 0.000000000000000000e+00 9.774919614147909996e-01 0.000000000000000000e+00 9.744408945686900969e-01 0.000000000000000000e+00 
6.686242669820785522e-02 1.157480627298355103e-01 0.000000000000000000e+00 1.000000000000000000e+00 9.759615384615384359e-01 0.000000000000000000e+00 9.774919614147909996e-01 0.000000000000000000e+00 9.744408945686900969e-01 0.000000000000000000e+00 
6.438924372196197510e-02 1.142335161566734314e-01 0.000000000000000000e+00 1.000000000000000000e+00 9.759615384615384359e-01 0.000000000000000000e+00 9.774919614147909996e-01 0.000000000000000000e+00 9.744408945686900969e-01 0.000000000000000000e+00 
6.317712366580963135e-02 1.126865595579147339e-01 0.000000000000000000e+00 1.000000000000000000e+00 9.759615384615384359e-01 0.000000000000000000e+00 9.774919614147909996e-01 0.000000000000000000e+00 9.744408945686900969e-01 0.000000000000000000e+00 
6.071509048342704773e-02 1.111127808690071106e-01 0.000000000000000000e+00 1.000000000000000000e+00 9.759615384615384359e-01 0.000000000000000000e+00 9.774919614147909996e-01 0.000000000000000000e+00 9.744408945686900969e-01 0.000000000000000000e+00 
5.991838499903678894e-02 1.099738627672195435e-01 0.000000000000000000e+00 1.000000000000000000e+00 9.743589743589743390e-01 0.000000000000000000e+00 9.743589743589743390e-01 0.000000000000000000e+00 9.743589743589743390e-01 0.000000000000000000e+00 
5.781826004385948181e-02 1.085692048072814941e-01 0.000000000000000000e+00 1.000000000000000000e+00 9.743589743589743390e-01 0.000000000000000000e+00 9.743589743589743390e-01 0.000000000000000000e+00 9.743589743589743390e-01 0.000000000000000000e+00 
5.654326081275939941e-02 1.072634160518646240e-01 0.000000000000000000e+00 1.000000000000000000e+00 9.743589743589743390e-01 0.000000000000000000e+00 9.743589743589743390e-01 0.000000000000000000e+00 9.743589743589743390e-01 0.000000000000000000e+00 
5.447155982255935669e-02 1.056743785738945007e-01 0.000000000000000000e+00 1.000000000000000000e+00 9.743589743589743390e-01 0.000000000000000000e+00 9.743589743589743390e-01 0.000000000000000000e+00 9.743589743589743390e-01 0.000000000000000000e+00 
5.398198589682579041e-02 1.045990958809852600e-01 0.000000000000000000e+00 1.000000000000000000e+00 9.743589743589743390e-01 0.000000000000000000e+00 9.743589743589743390e-01 0.000000000000000000e+00 9.743589743589743390e-01 0.000000000000000000e+00 
5.316858366131782532e-02 1.033339723944664001e-01 0.000000000000000000e+00 1.000000000000000000e+00 9.743589743589743390e-01 0.000000000000000000e+00 9.743589743589743390e-01 0.000000000000000000e+00 9.743589743589743390e-01 0.000000000000000000e+00 
5.141728743910789490e-02 1.021451652050018311e-01 0.000000000000000000e+00 1.000000000000000000e+00 9.743589743589743390e-01 0.000000000000000000e+00 9.743589743589743390e-01 0.000000000000000000e+00 9.743589743589743390e-01 0.000000000000000000e+00 
4.965743049979209900e-02 1.011112555861473083e-01 0.000000000000000000e+00 1.000000000000000000e+00 9.743589743589743390e-01 0.000000000000000000e+00 9.743589743589743390e-01 0.000000000000000000e+00 9.743589743589743390e-01 0.000000000000000000e+00 
4.930752515792846680e-02 1.001875177025794983e-01 0.000000000000000000e+00 1.000000000000000000e+00 9.743589743589743390e-01 0.000000000000000000e+00 9.743589743589743390e-01 0.000000000000000000e+00 9.743589743589743390e-01 0.000000000000000000e+00 
4.779897630214691162e-02 9.925792366266250610e-02 0.000000000000000000e+00 1.000000000000000000e+00 9.743589743589743390e-01 0.000000000000000000e+00 9.743589743589743390e-01 0.000000000000000000e+00 9.743589743589743390e-01 0.000000000000000000e+00 
4.697741195559501648e-02 9.826875478029251099e-02 0.000000000000000000e+00 1.000000000000000000e+00 9.743589743589743390e-01 0.000000000000000000e+00 9.743589743589743390e-01 0.000000000000000000e+00 9.743589743589743390e-01 0.000000000000000000e+00 
4.501568898558616638e-02 9.725440293550491333e-02 0.000000000000000000e+00 1.000000000000000000e+00 9.743589743589743390e-01 0.000000000000000000e+00 9.743589743589743390e-01 0.000000000000000000e+00 9.743589743589743390e-01 0.000000000000000000e+00 
4.365501925349235535e-02 9.641700983047485352e-02 0.000000000000000000e+00 1.000000000000000000e+00 9.743589743589743390e-01 0.000000000000000000e+00 9.743589743589743390e-01 0.000000000000000000e+00 9.743589743589743390e-01 0.000000000000000000e+00 
4.320833832025527954e-02 9.528450667858123779e-02 0.000000000000000000e+00 1.000000000000000000e+00 9.743589743589743390e-01 0.000000000000000000e+00 9.743589743589743390e-01 0.000000000000000000e+00 9.743589743589743390e-01 0.000000000000000000e+00 
4.227316752076148987e-02 9.427438676357269287e-02 0.000000000000000000e+00 1.000000000000000000e+00 9.743589743589743390e-01 0.000000000000000000e+00 9.743589743589743390e-01 0.000000000000000000e+00 9.743589743589743390e-01 0.000000000000000000e+00 
4.078418761491775513e-02 9.357523173093795776e-02 0.000000000000000000e+00 1.000000000000000000e+00 9.743589743589743390e-01 0.000000000000000000e+00 9.743589743589743390e-01 0.000000000000000000e+00 9.743589743589743390e-01 0.000000000000000000e+00 
4.024897888302803040e-02 9.261042624711990356e-02 0.000000000000000000e+00 1.000000000000000000e+00 9.743589743589743390e-01 0.000000000000000000e+00 9.743589743589743390e-01 0.000000000000000000e+00 9.743589743589743390e-01 0.000000000000000000e+00 
3.901520371437072754e-02 9.166875481605529785e-02 0.000000000000000000e+00 1.000000000000000000e+00 9.743589743589743390e-01 0.000000000000000000e+00 9.743589743589743390e-01 0.000000000000000000e+00 9.743589743589743390e-01 0.000000000000000000e+00 
3.807073459029197693e-02 9.079221636056900024e-02 0.000000000000000000e+00 1.000000000000000000e+00 9.743589743589743390e-01 0.000000000000000000e+00 9.743589743589743390e-01 0.000000000000000000e+00 9.743589743589743390e-01 0.000000000000000000e+00 
3.763419762253761292e-02 8.995994925498962402e-02 0.000000000000000000e+00 1.000000000000000000e+00 9.743589743589743390e-01 0.000000000000000000e+00 9.743589743589743390e-01 0.000000000000000000e+00 9.743589743589743390e-01 0.000000000000000000e+00 
3.514242917299270630e-02 8.904843777418136597e-02 0.000000000000000000e+00 1.000000000000000000e+00 9.743589743589743390e-01 0.000000000000000000e+00 9.743589743589743390e-01 0.000000000000000000e+00 9.743589743589743390e-01 0.000000000000000000e+00 
3.428591042757034302e-02 8.800243586301803589e-02 0.000000000000000000e+00 1.000000000000000000e+00 9.743589743589743390e-01 0.000000000000000000e+00 9.743589743589743390e-01 0.000000000000000000e+00 9.743589743589743390e-01 0.000000000000000000e+00 
3.448550775647163391e-02 8.710180222988128662e-02 0.000000000000000000e+00 1.000000000000000000e+00 9.743589743589743390e-01 0.000000000000000000e+00 9.743589743589743390e-01 0.000000000000000000e+00 9.743589743589743390e-01 0.000000000000000000e+00 
3.205192461609840393e-02 8.638023585081100464e-02 0.000000000000000000e+00 1.000000000000000000e+00 9.743589743589743390e-01 0.000000000000000000e+00 9.743589743589743390e-01 0.000000000000000000e+00 9.743589743589743390e-01 0.000000000000000000e+00 
3.167559206485748291e-02 8.557630330324172974e-02 0.000000000000000000e+00 1.000000000000000000e+00 9.743589743589743390e-01 0.000000000000000000e+00 9.743589743589743390e-01 0.000000000000000000e+00 9.743589743589743390e-01 0.000000000000000000e+00 
3.092438541352748871e-02 8.477669954299926758e-02 0.000000000000000000e+00 1.000000000000000000e+00 9.743589743589743390e-01 0.000000000000000000e+00 9.743589743589743390e-01 0.000000000000000000e+00 9.743589743589743390e-01 0.000000000000000000e+00 
2.988264337182044983e-02 8.398624509572982788e-02 0.000000000000000000e+00 1.000000000000000000e+00 9.759615384615384359e-01 0.000000000000000000e+00 9.774919614147909996e-01 0.000000000000000000e+00 9.744408945686900969e-01 0.000000000000000000e+00 
2.885530702769756317e-02 8.350303024053573608e-02 0.000000000000000000e+00 1.000000000000000000e+00 9.743589743589743390e-01 0.000000000000000000e+00 9.743589743589743390e-01 0.000000000000000000e+00 9.743589743589743390e-01 0.000000000000000000e+00 
2.902625873684883118e-02 8.273003250360488892e-02 0.000000000000000000e+00 1.000000000000000000e+00 9.759615384615384359e-01 0.000000000000000000e+00 9.774919614147909996e-01 0.000000000000000000e+00 9.744408945686900969e-01 0.000000000000000000e+00 
2.817307226359844208e-02 8.221275359392166138e-02 0.000000000000000000e+00 1.000000000000000000e+00 9.743589743589743390e-01 0.000000000000000000e+00 9.743589743589743390e-01 0.000000000000000000e+00 9.743589743589743390e-01 0.000000000000000000e+00 
2.721296623349189758e-02 8.176342397928237915e-02 0.000000000000000000e+00 1.000000000000000000e+00 9.743589743589743390e-01 0.000000000000000000e+00 9.743589743589743390e-01 0.000000000000000000e+00 9.743589743589743390e-01 0.000000000000000000e+00 
2.683119289577007294e-02 8.121121674776077271e-02 0.000000000000000000e+00 1.000000000000000000e+00 9.759615384615384359e-01 0.000000000000000000e+00 9.774919614147909996e-01 0.000000000000000000e+00 9.744408945686900969e-01 0.000000000000000000e+00 
2.628778293728828430e-02 8.070566505193710327e-02 0.000000000000000000e+00 1.000000000000000000e+00 9.759615384615384359e-01 0.000000000000000000e+00 9.774919614147909996e-01 0.000000000000000000e+00 9.744408945686900969e-01 0.000000000000000000e+00 
2.602090314030647278e-02 8.025366067886352539e-02 0.000000000000000000e+00 1.000000000000000000e+00 9.743589743589743390e-01 0.000000000000000000e+00 9.743589743589743390e-01 0.000000000000000000e+00 9.743589743589743390e-01 0.000000000000000000e+00 
2.461072057485580444e-02 7.998257875442504883e-02 0.000000000000000000e+00 1.000000000000000000e+00 9.759615384615384359e-01 0.000000000000000000e+00 9.744408945686900969e-01 0.000000000000000000e+00 9.774919614147909996e-01 0.000000000000000000e+00 
2.434625290334224701e-02 7.969383150339126587e-02 0.000000000000000000e+00 1.000000000000000000e+00 9.775641025641025328e-01 0.000000000000000000e+00 9.745222929936305789e-01 0.000000000000000000e+00 9.806451612903225312e-01 0.000000000000000000e+00 
2.397967688739299774e-02 7.908207178115844727e-02 0.000000000000000000e+00 1.000000000000000000e+00 9.759615384615384359e-01 0.000000000000000000e+00 9.744408945686900969e-01 0.000000000000000000e+00 9.774919614147909996e-01 0.000000000000000000e+00 
2.321790345013141632e-02 7.845821231603622437e-02 0.000000000000000000e+00 1.000000000000000000e+00 9.775641025641025328e-01 0.000000000000000000e+00 9.775641025641025328e-01 0.000000000000000000e+00 9.775641025641025328e-01 0.000000000000000000e+00 
2.277722768485546112e-02 7.802622020244598389e-02 0.000000000000000000e+00 1.000000000000000000e+00 9.775641025641025328e-01 0.000000000000000000e+00 9.775641025641025328e-01 0.000000000000000000e+00 9.775641025641025328e-01 0.000000000000000000e+00 
2.198922447860240936e-02 7.750681787729263306e-02 0.000000000000000000e+00 1.000000000000000000e+00 9.775641025641025328e-01 0.000000000000000000e+00 9.806451612903225312e-01 0.000000000000000000e+00 9.745222929936305789e-01 0.000000000000000000e+00 
2.227584086358547211e-02 7.704963535070419312e-02 0.000000000000000000e+00 1.000000000000000000e+00 9.791666666666666297e-01 0.000000000000000000e+00 9.807073954983922537e-01 0.000000000000000000e+00 9.776357827476038764e-01 0.000000000000000000e+00 
2.164379693567752838e-02 7.658632099628448486e-02 0.000000000000000000e+00 1.000000000000000000e+00 9.791666666666666297e-01 0.000000000000000000e+00 9.807073954983922537e-01 0.000000000000000000e+00 9.776357827476038764e-01 0.000000000000000000e+00 
2.099055796861648560e-02 7.594868540763854980e-02 0.000000000000000000e+00 1.000000000000000000e+00 9.775641025641025328e-01 0.000000000000000000e+00 9.806451612903225312e-01 0.000000000000000000e+00 9.745222929936305789e-01 0.000000000000000000e+00 
2.021791040897369385e-02 7.539872825145721436e-02 0.000000000000000000e+00 1.000000000000000000e+00 9.775641025641025328e-01 0.000000000000000000e+00 9.806451612903225312e-01 0.000000000000000000e+00 9.745222929936305789e-01 0.000000000000000000e+00 
1.990730501711368561e-02 7.488591223955154419e-02 0.000000000000000000e+00 1.000000000000000000e+00 9.759615384615384359e-01 0.000000000000000000e+00 9.805825242718446688e-01 0.000000000000000000e+00 9.714285714285714191e-01 0.000000000000000000e+00 
1.913143694400787354e-02 7.445000857114791870e-02 0.000000000000000000e+00 1.000000000000000000e+00 9.759615384615384359e-01 0.000000000000000000e+00 9.805825242718446688e-01 0.000000000000000000e+00 9.714285714285714191e-01 0.000000000000000000e+00 
1.893739402294158936e-02 7.393062859773635864e-02 0.000000000000000000e+00 1.000000000000000000e+00 9.759615384615384359e-01 0.000000000000000000e+00 9.805825242718446688e-01 0.000000000000000000e+00 9.714285714285714191e-01 0.000000000000000000e+00 
1.787014119327068329e-02 7.343348860740661621e-02 0.000000000000000000e+00 1.000000000000000000e+00 9.759615384615384359e-01 0.000000000000000000e+00 9.805825242718446688e-01 0.000000000000000000e+00 9.714285714285714191e-01 0.000000000000000000e+00 
1.759872213006019592e-02 7.310675829648971558e-02 0.000000000000000000e+00 1.000000000000000000e+00 9.759615384615384359e-01 0.000000000000000000e+00 9.837133550488599276e-01 0.000000000000000000e+00 9.684542586750788384e-01 0.000000000000000000e+00 
1.703450642526149750e-02 7.291674613952636719e-02 0.000000000000000000e+00 1.000000000000000000e+00 9.775641025641025328e-01 0.000000000000000000e+00 9.869281045751634451e-01 0.000000000000000000e+00 9.685534591194968623e-01 0.000000000000000000e+00 
1.683404482901096344e-02 7.241342216730117798e-02 0.000000000000000000e+00 1.000000000000000000e+00 9.759615384615384359e-01 0.000000000000000000e+00 9.837133550488599276e-01 0.000000000000000000e+00 9.684542586750788384e-01 0.000000000000000000e+00 
1.633634604513645172e-02 7.232715934514999390e-02 0.000000000000000000e+00 1.000000000000000000e+00 9.791666666666666297e-01 0.000000000000000000e+00 9.901639344262295195e-01 0.000000000000000000e+00 9.686520376175548064e-01 0.000000000000000000e+00 
1.597486063838005066e-02 7.210696488618850708e-02 0.000000000000000000e+00 1.000000000000000000e+00 9.775641025641025328e-01 0.000000000000000000e+00 9.869281045751634451e-01 0.000000000000000000e+00 9.685534591194968623e-01 0.000000000000000000e+00 
1.576585881412029266e-02 7.208520174026489258e-02 0.000000000000000000e+00 1.000000000000000000e+00 9.791666666666666297e-01 0.000000000000000000e+00 9.901639344262295195e-01 0.000000000000000000e+00 9.686520376175548064e-01 0.000000000000000000e+00 
1.541469991207122803e-02 7.196249067783355713e-02 0.000000000000000000e+00 1.000000000000000000e+00 9.791666666666666297e-01 0.000000000000000000e+00 9.901639344262295195e-01 0.000000000000000000e+00 9.686520376175548064e-01 0.000000000000000000e+00 
1.536352653056383133e-02 7.198230922222137451e-02 0.000000000000000000e+00 1.000000000000000000e+00 9.791666666666666297e-01 0.000000000000000000e+00 9.901639344262295195e-01 0.000000000000000000e+00 9.686520376175548064e-01 0.000000000000000000e+00 
1.484114862978458405e-02 7.170663028955459595e-02 0.000000000000000000e+00 1.000000000000000000e+00 9.775641025641025328e-01 0.000000000000000000e+00 9.901315789473684736e-01 0.000000000000000000e+00 9.656249999999999556e-01 0.000000000000000000e+00 
1.468648668378591537e-02 7.146091014146804810e-02 0.000000000000000000e+00 1.000000000000000000e+00 9.775641025641025328e-01 0.000000000000000000e+00 9.901315789473684736e-01 0.000000000000000000e+00 9.656249999999999556e-01 0.000000000000000000e+00 
1.476642396301031113e-02 7.095772027969360352e-02 0.000000000000000000e+00 1.000000000000000000e+00 9.775641025641025328e-01 0.000000000000000000e+00 9.901315789473684736e-01 0.000000000000000000e+00 9.656249999999999556e-01 0.000000000000000000e+00 
1.452872343361377716e-02 7.088247686624526978e-02 0.000000000000000000e+00 1.000000000000000000e+00 9.775641025641025328e-01 0.000000000000000000e+00 9.933774834437085755e-01 0.000000000000000000e+00 9.627329192546584258e-01 0.000000000000000000e+00 
1.381156500428915024e-02 7.085457444190979004e-02 0.000000000000000000e+00 1.000000000000000000e+00 9.775641025641025328e-01 0.000000000000000000e+00 9.933774834437085755e-01 0.000000000000000000e+00 9.627329192546584258e-01 0.000000000000000000e+00 
1.368585135787725449e-02 7.066099345684051514e-02 0.000000000000000000e+00 1.000000000000000000e+00 9.775641025641025328e-01 0.000000000000000000e+00 9.933774834437085755e-01 0.000000000000000000e+00 9.627329192546584258e-01 0.000000000000000000e+00 
1.380136329680681229e-02 7.053443044424057007e-02 0.000000000000000000e+00 1.000000000000000000e+00 9.775641025641025328e-01 0.000000000000000000e+00 9.933774834437085755e-01 0.000000000000000000e+00 9.627329192546584258e-01 0.000000000000000000e+00 
1.347016822546720505e-02 7.033277302980422974e-02 0.000000000000000000e+00 1.000000000000000000e+00 9.775641025641025328e-01 0.000000000000000000e+00 9.933774834437085755e-01 0.000000000000000000e+00 9.627329192546584258e-01 0.000000000000000000e+00 
1.336832623928785324e-02 6.995262205600738525e-02 0.000000000000000000e+00 1.000000000000000000e+00 9.775641025641025328e-01 0.000000000000000000e+00 9.933774834437085755e-01 0.000000000000000000e+00 9.627329192546584258e-01 0.000000000000000000e+00 
1.334164198487997055e-02 6.882498413324356079e-02 0.000000000000000000e+00 1.000000000000000000e+00 9.791666666666666297e-01 0.000000000000000000e+00 9.776357827476038764e-01 0.000000000000000000e+00 9.807073954983922537e-01 0.000000000000000000e+00 
1.319558359682559967e-02 6.803051382303237915e-02 0.000000000000000000e+00 1.000000000000000000e+00 9.775641025641025328e-01 0.000000000000000000e+00 9.775641025641025328e-01 0.000000000000000000e+00 9.775641025641025328e-01 0.000000000000000000e+00 
1.307272817939519882e-02 6.742691993713378906e-02 0.000000000000000000e+00 1.000000000000000000e+00 9.791666666666666297e-01 0.000000000000000000e+00 9.807073954983922537e-01 0.000000000000000000e+00 9.776357827476038764e-01 0.000000000000000000e+00 
1.264848466962575912e-02 6.723399460315704346e-02 0.000000000000000000e+00 1.000000000000000000e+00 9.807692307692307265e-01 0.000000000000000000e+00 9.870129870129870087e-01 0.000000000000000000e+00 9.746835443037974445e-01 0.000000000000000000e+00 
1.266808062791824341e-02 6.721775233745574951e-02 0.000000000000000000e+00 1.000000000000000000e+00 9.775641025641025328e-01 0.000000000000000000e+00 9.901315789473684736e-01 0.000000000000000000e+00 9.656249999999999556e-01 0.000000000000000000e+00 
1.260008569806814194e-02 6.724468618631362915e-02 0.000000000000000000e+00 1.000000000000000000e+00 9.775641025641025328e-01 0.000000000000000000e+00 9.901315789473684736e-01 0.000000000000000000e+00 9.656249999999999556e-01 0.000000000000000000e+00 
1.237107347697019577e-02 6.730721890926361084e-02 0.000000000000000000e+00 1.000000000000000000e+00 9.791666666666666297e-01 0.000000000000000000e+00 9.933993399339934305e-01 0.000000000000000000e+00 9.657320872274143264e-01 0.000000000000000000e+00 
1.216253638267517090e-02 6.729747354984283447e-02 0.000000000000000000e+00 1.000000000000000000e+00 9.791666666666666297e-01 0.000000000000000000e+00 9.933993399339934305e-01 0.000000000000000000e+00 9.657320872274143264e-01 0.000000000000000000e+00 
1.228774897754192352e-02 6.744790822267532349e-02 0.000000000000000000e+00 1.000000000000000000e+00 9.791666666666666297e-01 0.000000000000000000e+00 9.933993399339934305e-01 0.000000000000000000e+00 9.657320872274143264e-01 0.000000000000000000e+00 
1.193637773394584656e-02 6.756959110498428345e-02 0.000000000000000000e+00 1.000000000000000000e+00 9.775641025641025328e-01 0.000000000000000000e+00 9.933774834437085755e-01 0.000000000000000000e+00 9.627329192546584258e-01 0.000000000000000000e+00 
1.168934069573879242e-02 6.768211722373962402e-02 0.000000000000000000e+00 1.000000000000000000e+00 9.775641025641025328e-01 0.000000000000000000e+00 9.933774834437085755e-01 0.000000000000000000e+00 9.627329192546584258e-01 0.000000000000000000e+00 
1.173306722193956375e-02 6.759983301162719727e-02 0.000000000000000000e+00 1.000000000000000000e+00 9.775641025641025328e-01 0.000000000000000000e+00 9.933774834437085755e-01 0.000000000000000000e+00 9.627329192546584258e-01 0.000000000000000000e+00 
1.147716026753187180e-02 6.755538284778594971e-02 0.000000000000000000e+00 1.000000000000000000e+00 9.775641025641025328e-01 0.000000000000000000e+00 9.933774834437085755e-01 0.000000000000000000e+00 9.627329192546584258e-01 0.000000000000000000e+00 
1.155552919954061508e-02 6.752996146678924561e-02 0.000000000000000000e+00 1.000000000000000000e+00 9.775641025641025328e-01 0.000000000000000000e+00 9.933774834437085755e-01 0.000000000000000000e+00 9.627329192546584258e-01 0.000000000000000000e+00 
1.149832364171743393e-02 6.755398213863372803e-02 0.000000000000000000e+00 1.000000000000000000e+00 9.775641025641025328e-01 0.000000000000000000e+00 9.933774834437085755e-01 0.000000000000000000e+00 9.627329192546584258e-01 0.000000000000000000e+00 
1.121616642922163010e-02 6.763048470020294189e-02 0.000000000000000000e+00 1.000000000000000000e+00 9.775641025641025328e-01 0.000000000000000000e+00 9.933774834437085755e-01 0.000000000000000000e+00 9.627329192546584258e-01 0.000000000000000000e+00 
1.117746066302061081e-02 6.759141385555267334e-02 0.000000000000000000e+00 1.000000000000000000e+00 9.775641025641025328e-01 0.000000000000000000e+00 9.933774834437085755e-01 0.000000000000000000e+00 9.627329192546584258e-01 0.000000000000000000e+00 
1.104196347296237946e-02 6.746408343315124512e-02 0.000000000000000000e+00 1.000000000000000000e+00 9.775641025641025328e-01 0.000000000000000000e+00 9.933774834437085755e-01 0.000000000000000000e+00 9.627329192546584258e-01 0.000000000000000000e+00 
1.101836282759904861e-02 6.732520461082458496e-02 0.000000000000000000e+00 1.000000000000000000e+00 9.775641025641025328e-01 0.000000000000000000e+00 9.933774834437085755e-01 0.000000000000000000e+00 9.627329192546584258e-01 0.000000000000000000e+00 
1.078917831182479858e-02 6.728557497262954712e-02 0.000000000000000000e+00 1.000000000000000000e+00 9.775641025641025328e-01 0.000000000000000000e+00 9.933774834437085755e-01 0.000000000000000000e+00 9.627329192546584258e-01 0.000000000000000000e+00 
1.090602483600378036e-02 6.718740612268447876e-02 0.000000000000000000e+00 1.000000000000000000e+00 9.775641025641025328e-01 0.000000000000000000e+00 9.933774834437085755e-01 0.000000000000000000e+00 9.627329192546584258e-01 0.000000000000000000e+00 
1.067736744880676270e-02 6.690217554569244385e-02 0.000000000000000000e+00 1.000000000000000000e+00 9.791666666666666297e-01 0.000000000000000000e+00 9.933993399339934305e-01 0.000000000000000000e+00 9.657320872274143264e-01 0.000000000000000000e+00 
1.048114802688360214e-02 6.684295088052749634e-02 0.000000000000000000e+00 1.000000000000000000e+00 9.791666666666666297e-01 0.000000000000000000e+00 9.933993399339934305e-01 0.000000000000000000e+00 9.657320872274143264e-01 0.000000000000000000e+00 
1.036394480615854263e-02 6.681696325540542603e-02 0.000000000000000000e+00 1.000000000000000000e+00 9.791666666666666297e-01 0.000000000000000000e+00 9.933993399339934305e-01 0.000000000000000000e+00 9.657320872274143264e-01 0.000000000000000000e+00 
1.036103535443544388e-02 6.681203842163085938e-02 0.000000000000000000e+00 1.000000000000000000e+00 9.791666666666666297e-01 0.000000000000000000e+00 9.933993399339934305e-01 0.000000000000000000e+00 9.657320872274143264e-01 0.000000000000000000e+00 
1.017457526177167892e-02 6.651262938976287842e-02 0.000000000000000000e+00 1.000000000000000000e+00 9.791666666666666297e-01 0.000000000000000000e+00 9.933993399339934305e-01 0.000000000000000000e+00 9.657320872274143264e-01 0.000000000000000000e+00 
1.025228854268789291e-02 6.644000858068466187e-02 0.000000000000000000e+00 1.000000000000000000e+00 9.791666666666666297e-01 0.000000000000000000e+00 9.933993399339934305e-01 0.000000000000000000e+00 9.657320872274143264e-01 0.000000000000000000e+00 
1.012747455388307571e-02 6.606203317642211914e-02 0.000000000000000000e+00 1.000000000000000000e+00 9.791666666666666297e-01 0.000000000000000000e+00 9.933993399339934305e-01 0.000000000000000000e+00 9.657320872274143264e-01 0.000000000000000000e+00 
1.001360453665256500e-02 6.583569198846817017e-02 0.000000000000000000e+00 1.000000000000000000e+00 9.791666666666666297e-01 0.000000000000000000e+00 9.933993399339934305e-01 0.000000000000000000e+00 9.657320872274143264e-01 0.000000000000000000e+00 
1.000494789332151413e-02 6.569888442754745483e-02 0.000000000000000000e+00 1.000000000000000000e+00 9.791666666666666297e-01 0.000000000000000000e+00 9.933993399339934305e-01 0.000000000000000000e+00 9.657320872274143264e-01 0.000000000000000000e+00 
9.716992266476154327e-03 6.531993299722671509e-02 0.000000000000000000e+00 1.000000000000000000e+00 9.791666666666666297e-01 0.000000000000000000e+00 9.933993399339934305e-01 0.000000000000000000e+00 9.657320872274143264e-01 0.000000000000000000e+00 
9.814286604523658752e-03 6.511753052473068237e-02 0.000000000000000000e+00 1.000000000000000000e+00 9.791666666666666297e-01 0.000000000000000000e+00 9.933993399339934305e-01 0.000000000000000000e+00 9.657320872274143264e-01 0.000000000000000000e+00 
9.804199449717998505e-03 6.494676321744918823e-02 0.000000000000000000e+00 1.000000000000000000e+00 9.791666666666666297e-01 0.000000000000000000e+00 9.933993399339934305e-01 0.000000000000000000e+00 9.657320872274143264e-01 0.000000000000000000e+00 
9.578820317983627319e-03 6.480125337839126587e-02 0.000000000000000000e+00 1.000000000000000000e+00 9.791666666666666297e-01 0.000000000000000000e+00 9.933993399339934305e-01 0.000000000000000000e+00 9.657320872274143264e-01 0.000000000000000000e+00 
9.594018571078777313e-03 6.461982429027557373e-02 0.000000000000000000e+00 1.000000000000000000e+00 9.791666666666666297e-01 0.000000000000000000e+00 9.933993399339934305e-01 0.000000000000000000e+00 9.657320872274143264e-01 0.000000000000000000e+00 
9.407224133610725403e-03 6.456054002046585083e-02 0.000000000000000000e+00 1.000000000000000000e+00 9.791666666666666297e-01 0.000000000000000000e+00 9.933993399339934305e-01 0.000000000000000000e+00 9.657320872274143264e-01 0.000000000000000000e+00 
9.330028668045997620e-03 6.433013826608657837e-02 0.000000000000000000e+00 1.000000000000000000e+00 9.791666666666666297e-01 0.000000000000000000e+00 9.933993399339934305e-01 0.000000000000000000e+00 9.657320872274143264e-01 0.000000000000000000e+00 
9.238790720701217651e-03 6.424077600240707397e-02 0.000000000000000000e+00 1.000000000000000000e+00 9.791666666666666297e-01 0.000000000000000000e+00 9.933993399339934305e-01 0.000000000000000000e+00 9.657320872274143264e-01 0.000000000000000000e+00 
9.181544184684753418e-03 6.422641873359680176e-02 0.000000000000000000e+00 1.000000000000000000e+00 9.791666666666666297e-01 0.000000000000000000e+00 9.933993399339934305e-01 0.000000000000000000e+00 9.657320872274143264e-01 0.000000000000000000e+00 
9.146212600171566010e-03 6.392702460289001465e-02 0.000000000000000000e+00 1.000000000000000000e+00 9.791666666666666297e-01 0.000000000000000000e+00 9.933993399339934305e-01 0.000000000000000000e+00 9.657320872274143264e-01 0.000000000000000000e+00 
9.203718975186347961e-03 6.367582827806472778e-02 0.000000000000000000e+00 1.000000000000000000e+00 9.791666666666666297e-01 0.000000000000000000e+00 9.933993399339934305e-01 0.000000000000000000e+00 9.657320872274143264e-01 0.000000000000000000e+00 
8.969170041382312775e-03 6.345482170581817627e-02 0.000000000000000000e+00 1.000000000000000000e+00 9.791666666666666297e-01 0.000000000000000000e+00 9.933993399339934305e-01 0.000000000000000000e+00 9.657320872274143264e-01 0.000000000000000000e+00 
8.922464214265346527e-03 6.330258399248123169e-02 0.000000000000000000e+00 1.000000000000000000e+00 9.791666666666666297e-01 0.000000000000000000e+00 9.933993399339934305e-01 0.000000000000000000e+00 9.657320872274143264e-01 0.000000000000000000e+00 
8.871509693562984467e-03 6.305655837059020996e-02 0.000000000000000000e+00 1.000000000000000000e+00 9.791666666666666297e-01 0.000000000000000000e+00 9.933993399339934305e-01 0.000000000000000000e+00 9.657320872274143264e-01 0.000000000000000000e+00 
8.759086951613426208e-03 6.286076456308364868e-02 0.000000000000000000e+00 1.000000000000000000e+00 9.791666666666666297e-01 0.000000000000000000e+00 9.933993399339934305e-01 0.000000000000000000e+00 9.657320872274143264e-01 0.000000000000000000e+00 
8.702791295945644379e-03 6.258299201726913452e-02 0.000000000000000000e+00 1.000000000000000000e+00 9.791666666666666297e-01 0.000000000000000000e+00 9.933993399339934305e-01 0.000000000000000000e+00 9.657320872274143264e-01 0.000000000000000000e+00 
8.586152456700801849e-03 6.215442717075347900e-02 0.000000000000000000e+00 1.000000000000000000e+00 9.791666666666666297e-01 0.000000000000000000e+00 9.933993399339934305e-01 0.000000000000000000e+00 9.657320872274143264e-01 0.000000000000000000e+00 
1.049330830574035645e-02 6.153999269008636475e-02 0.000000000000000000e+00 1.000000000000000000e+00 9.823717948717948234e-01 0.000000000000000000e+00 9.934426229508196426e-01 0.000000000000000000e+00 9.717868338557993368e-01 0.000000000000000000e+00 
8.519860915839672089e-03 5.984055623412132263e-02 0.000000000000000000e+00 1.000000000000000000e+00 9.807692307692307265e-01 0.000000000000000000e+00 9.901960784313725839e-01 0.000000000000000000e+00 9.716981132075471761e-01 0.000000000000000000e+00 
8.484772406518459320e-03 5.959009006619453430e-02 0.000000000000000000e+00 1.000000000000000000e+00 9.807692307692307265e-01 0.000000000000000000e+00 9.901960784313725839e-01 0.000000000000000000e+00 9.716981132075471761e-01 0.000000000000000000e+00 
8.406626991927623749e-03 5.938047170639038086e-02 0.000000000000000000e+00 1.000000000000000000e+00 9.807692307692307265e-01 0.000000000000000000e+00 9.901960784313725839e-01 0.000000000000000000e+00 9.716981132075471761e-01 0.000000000000000000e+00 
8.320587687194347382e-03 5.924129486083984375e-02 0.000000000000000000e+00 1.000000000000000000e+00 9.807692307692307265e-01 0.000000000000000000e+00 9.901960784313725839e-01 0.000000000000000000e+00 9.716981132075471761e-01 0.000000000000000000e+00 
8.255037479102611542e-03 5.904069542884826660e-02 0.000000000000000000e+00 1.000000000000000000e+00 9.807692307692307265e-01 0.000000000000000000e+00 9.901960784313725839e-01 0.000000000000000000e+00 9.716981132075471761e-01 0.000000000000000000e+00 
8.294202387332916260e-03 5.892622843384742737e-02 0.000000000000000000e+00 1.000000000000000000e+00 9.807692307692307265e-01 0.000000000000000000e+00 9.901960784313725839e-01 0.000000000000000000e+00 9.716981132075471761e-01 0.000000000000000000e+00 
8.178884163498878479e-03 5.877778679132461548e-02 0.000000000000000000e+00 1.000000000000000000e+00 9.823717948717948234e-01 0.000000000000000000e+00 9.934426229508196426e-01 0.000000000000000000e+00 9.717868338557993368e-01 0.000000000000000000e+00 
8.229457773268222809e-03 5.858815088868141174e-02 0.000000000000000000e+00 1.000000000000000000e+00 9.823717948717948234e-01 0.000000000000000000e+00 9.934426229508196426e-01 0.000000000000000000e+00 9.717868338557993368e-01 0.000000000000000000e+00 
8.115450851619243622e-03 5.839462950825691223e-02 0.000000000000000000e+00 1.000000000000000000e+00 9.823717948717948234e-01 0.000000000000000000e+00 9.934426229508196426e-01 0.000000000000000000e+00 9.717868338557993368e-01 0.000000000000000000e+00 
8.026868104934692383e-03 5.812738090753555298e-02 0.000000000000000000e+00 1.000000000000000000e+00 9.823717948717948234e-01 0.000000000000000000e+00 9.934426229508196426e-01 0.000000000000000000e+00 9.717868338557993368e-01 0.000000000000000000e+00 
7.959377951920032501e-03 5.800112709403038025e-02 0.000000000000000000e+00 1.000000000000000000e+00 9.823717948717948234e-01 0.000000000000000000e+00 9.934426229508196426e-01 0.000000000000000000e+00 9.717868338557993368e-01 0.000000000000000000e+00 
8.006222546100616455e-03 5.788570269942283630e-02 0.000000000000000000e+00 1.000000000000000000e+00 9.823717948717948234e-01 0.000000000000000000e+00 9.934426229508196426e-01 0.000000000000000000e+00 9.717868338557993368e-01 0.000000000000000000e+00 
7.891404442489147186e-03 5.774589627981185913e-02 0.000000000000000000e+00 1.000000000000000000e+00 9.823717948717948234e-01 0.000000000000000000e+00 9.934426229508196426e-01 0.000000000000000000e+00 9.717868338557993368e-01 0.000000000000000000e+00 
7.868272252380847931e-03 5.758190155029296875e-02 0.000000000000000000e+00 1.000000000000000000e+00 9.823717948717948234e-01 0.000000000000000000e+00 9.934426229508196426e-01 0.000000000000000000e+00 9.717868338557993368e-01 0.000000000000000000e+00 
7.760261185467243195e-03 5.728081613779067993e-02 0.000000000000000000e+00 1.000000000000000000e+00 9.823717948717948234e-01 0.000000000000000000e+00 9.934426229508196426e-01 0.000000000000000000e+00 9.717868338557993368e-01 0.000000000000000000e+00 
7.737656589597463608e-03 5.703253671526908875e-02 0.000000000000000000e+00 1.000000000000000000e+00 9.807692307692307265e-01 0.000000000000000000e+00 9.901960784313725839e-01 0.000000000000000000e+00 9.716981132075471761e-01 0.000000000000000000e+00 
7.660066243261098862e-03 5.664253234863281250e-02 0.000000000000000000e+00 1.000000000000000000e+00 9.807692307692307265e-01 0.000000000000000000e+00 9.901960784313725839e-01 0.000000000000000000e+00 9.716981132075471761e-01 0.000000000000000000e+00 
7.629781961441040039e-03 5.636828020215034485e-02 0.000000000000000000e+00 1.000000000000000000e+00 9.807692307692307265e-01 0.000000000000000000e+00 9.901960784313725839e-01 0.000000000000000000e+00 9.716981132075471761e-01 0.000000000000000000e+00 
7.619328796863555908e-03 5.616032704710960388e-02 0.000000000000000000e+00 1.000000000000000000e+00 9.807692307692307265e-01 0.000000000000000000e+00 9.901960784313725839e-01 0.000000000000000000e+00 9.716981132075471761e-01 0.000000000000000000e+00 
7.546829525381326675e-03 5.582835152745246887e-02 0.000000000000000000e+00 1.000000000000000000e+00 9.807692307692307265e-01 0.000000000000000000e+00 9.901960784313725839e-01 0.000000000000000000e+00 9.716981132075471761e-01 0.000000000000000000e+00 
7.462501525878906250e-03 5.553690716624259949e-02 0.000000000000000000e+00 1.000000000000000000e+00 9.807692307692307265e-01 0.000000000000000000e+00 9.901960784313725839e-01 0.000000000000000000e+00 9.716981132075471761e-01 0.000000000000000000e+00 
7.498040795326232910e-03 5.536380410194396973e-02 0.000000000000000000e+00 1.000000000000000000e+00 9.807692307692307265e-01 0.000000000000000000e+00 9.901960784313725839e-01 0.000000000000000000e+00 9.716981132075471761e-01 0.000000000000000000e+00 
7.413506507873535156e-03 5.512616038322448730e-02 0.000000000000000000e+00 1.000000000000000000e+00 9.807692307692307265e-01 0.000000000000000000e+00 9.901960784313725839e-01 0.000000000000000000e+00 9.716981132075471761e-01 0.000000000000000000e+00 
7.357997354120016098e-03 5.493634194135665894e-02 0.000000000000000000e+00 1.000000000000000000e+00 9.807692307692307265e-01 0.000000000000000000e+00 9.901960784313725839e-01 0.000000000000000000e+00 9.716981132075471761e-01 0.000000000000000000e+00 
7.293596863746643066e-03 5.470531433820724487e-02 0.000000000000000000e+00 1.000000000000000000e+00 9.807692307692307265e-01 0.000000000000000000e+00 9.901960784313725839e-01 0.000000000000000000e+00 9.716981132075471761e-01 0.000000000000000000e+00 
7.250882685184478760e-03 5.433331429958343506e-02 0.000000000000000000e+00 1.000000000000000000e+00 9.823717948717948234e-01 0.000000000000000000e+00 9.902280130293159566e-01 0.000000000000000000e+00 9.747634069400631374e-01 0.000000000000000000e+00 
7.208430673927068710e-03 5.408131703734397888e-02 0.000000000000000000e+00 1.000000000000000000e+00 9.823717948717948234e-01 0.000000000000000000e+00 9.902280130293159566e-01 0.000000000000000000e+00 9.747634069400631374e-01 0.000000000000000000e+00 
7.209265138953924179e-03 5.385619774460792542e-02 0.000000000000000000e+00 1.000000000000000000e+00 9.823717948717948234e-01 0.000000000000000000e+00 9.902280130293159566e-01 0.000000000000000000e+00 9.747634069400631374e-01 0.000000000000000000e+00 
7.146074902266263962e-03 5.367062613368034363e-02 0.000000000000000000e+00 1.000000000000000000e+00 9.823717948717948234e-01 0.000000000000000000e+00 9.902280130293159566e-01 0.000000000000000000e+00 9.747634069400631374e-01 0.000000000000000000e+00 
7.118707988411188126e-03 5.347036942839622498e-02 0.000000000000000000e+00 1.000000000000000000e+00 9.823717948717948234e-01 0.000000000000000000e+00 9.902280130293159566e-01 0.000000000000000000e+00 9.747634069400631374e-01 0.000000000000000000e+00 
7.053736131638288498e-03 5.330785736441612244e-02 0.000000000000000000e+00 1.000000000000000000e+00 9.823717948717948234e-01 0.000000000000000000e+00 9.902280130293159566e-01 0.000000000000000000e+00 9.747634069400631374e-01 0.000000000000000000e+00 
7.024434395134449005e-03 5.310375243425369263e-02 0.000000000000000000e+00 1.000000000000000000e+00 9.823717948717948234e-01 0.000000000000000000e+00 9.902280130293159566e-01 0.000000000000000000e+00 9.747634069400631374e-01 0.000000000000000000e+00 
6.950837559998035431e-03 5.287011712789535522e-02 0.000000000000000000e+00 1.000000000000000000e+00 9.839743589743589203e-01 0.000000000000000000e+00 9.934640522875817226e-01 0.000000000000000000e+00 9.748427672955974899e-01 0.000000000000000000e+00 
6.975171156227588654e-03 5.270994827151298523e-02 0.000000000000000000e+00 1.000000000000000000e+00 9.839743589743589203e-01 0.000000000000000000e+00 9.934640522875817226e-01 0.000000000000000000e+00 9.748427672955974899e-01 0.000000000000000000e+00 
6.938168313354253769e-03 5.250275507569313049e-02 0.000000000000000000e+00 1.000000000000000000e+00 9.839743589743589203e-01 0.000000000000000000e+00 9.934640522875817226e-01 0.000000000000000000e+00 9.748427672955974899e-01 0.000000000000000000e+00 
6.848643068224191666e-03 5.225982517004013062e-02 0.000000000000000000e+00 1.000000000000000000e+00 9.839743589743589203e-01 0.000000000000000000e+00 9.934640522875817226e-01 0.000000000000000000e+00 9.748427672955974899e-01 0.000000000000000000e+00 
6.855569779872894287e-03 5.205957219004631042e-02 0.000000000000000000e+00 1.000000000000000000e+00 9.839743589743589203e-01 0.000000000000000000e+00 9.934640522875817226e-01 0.000000000000000000e+00 9.748427672955974899e-01 0.000000000000000000e+00 
6.836949381977319717e-03 5.184266716241836548e-02 0.000000000000000000e+00 1.000000000000000000e+00 9.839743589743589203e-01 0.000000000000000000e+00 9.934640522875817226e-01 0.000000000000000000e+00 9.748427672955974899e-01 0.000000000000000000e+00 
6.743120495229959488e-03 5.167579650878906250e-02 0.000000000000000000e+00 1.000000000000000000e+00 9.839743589743589203e-01 0.000000000000000000e+00 9.934640522875817226e-01 0.000000000000000000e+00 9.748427672955974899e-01 0.000000000000000000e+00 
6.681982427835464478e-03 5.145793780684471130e-02 0.000000000000000000e+00 1.000000000000000000e+00 9.839743589743589203e-01 0.000000000000000000e+00 9.934640522875817226e-01 0.000000000000000000e+00 9.748427672955974899e-01 0.000000000000000000e+00 
6.697897799313068390e-03 5.120814219117164612e-02 0.000000000000000000e+00 1.000000000000000000e+00 9.839743589743589203e-01 0.000000000000000000e+00 9.934640522875817226e-01 0.000000000000000000e+00 9.748427672955974899e-01 0.000000000000000000e+00 
6.622918881475925446e-03 5.090094730257987976e-02 0.000000000000000000e+00 1.000000000000000000e+00 9.839743589743589203e-01 0.000000000000000000e+00 9.934640522875817226e-01 0.000000000000000000e+00 9.748427672955974899e-01 0.000000000000000000e+00 
6.586967501789331436e-03 5.063635855913162231e-02 0.000000000000000000e+00 1.000000000000000000e+00 9.839743589743589203e-01 0.000000000000000000e+00 9.934640522875817226e-01 0.000000000000000000e+00 9.748427672955974899e-01 0.000000000000000000e+00 
6.567786913365125656e-03 5.047248303890228271e-02 0.000000000000000000e+00 1.000000000000000000e+00 9.839743589743589203e-01 0.000000000000000000e+00 9.934640522875817226e-01 0.000000000000000000e+00 9.748427672955974899e-01 0.000000000000000000e+00 
6.541507784277200699e-03 5.020138621330261230e-02 0.000000000000000000e+00 1.000000000000000000e+00 9.839743589743589203e-01 0.000000000000000000e+00 9.934640522875817226e-01 0.000000000000000000e+00 9.748427672955974899e-01 0.000000000000000000e+00 
6.485406309366226196e-03 4.998892173171043396e-02 0.000000000000000000e+00 1.000000000000000000e+00 9.839743589743589203e-01 0.000000000000000000e+00 9.934640522875817226e-01 0.000000000000000000e+00 9.748427672955974899e-01 0.000000000000000000e+00 
6.456932518631219864e-03 4.973031207919120789e-02 0.000000000000000000e+00 1.000000000000000000e+00 9.839743589743589203e-01 0.000000000000000000e+00 9.934640522875817226e-01 0.000000000000000000e+00 9.748427672955974899e-01 0.000000000000000000e+00 
6.425550673156976700e-03 4.944746568799018860e-02 0.000000000000000000e+00 1.000000000000000000e+00 9.839743589743589203e-01 0.000000000000000000e+00 9.934640522875817226e-01 0.000000000000000000e+00 9.748427672955974899e-01 0.000000000000000000e+00 
6.402196828275918961e-03 4.919823259115219116e-02 0.000000000000000000e+00 1.000000000000000000e+00 9.839743589743589203e-01 0.000000000000000000e+00 9.934640522875817226e-01 0.000000000000000000e+00 9.748427672955974899e-01 0.000000000000000000e+00 
6.341660860925912857e-03 4.885993152856826782e-02 0.000000000000000000e+00 1.000000000000000000e+00 9.839743589743589203e-01 0.000000000000000000e+00 9.934640522875817226e-01 0.000000000000000000e+00 9.748427672955974899e-01 0.000000000000000000e+00 
6.295891012996435165e-03 4.862270504236221313e-02 0.000000000000000000e+00 1.000000000000000000e+00 9.839743589743589203e-01 0.000000000000000000e+00 9.934640522875817226e-01 0.000000000000000000e+00 9.748427672955974899e-01 0.000000000000000000e+00 
6.305275950580835342e-03 4.834881797432899475e-02 0.000000000000000000e+00 1.000000000000000000e+00 9.839743589743589203e-01 0.000000000000000000e+00 9.934640522875817226e-01 0.000000000000000000e+00 9.748427672955974899e-01 0.000000000000000000e+00 
6.235128734260797501e-03 4.812986403703689575e-02 0.000000000000000000e+00 1.000000000000000000e+00 9.839743589743589203e-01 0.000000000000000000e+00 9.934640522875817226e-01 0.000000000000000000e+00 9.748427672955974899e-01 0.000000000000000000e+00 
6.215355824679136276e-03 4.791037365794181824e-02 0.000000000000000000e+00 1.000000000000000000e+00 9.839743589743589203e-01 0.000000000000000000e+00 9.934640522875817226e-01 0.000000000000000000e+00 9.748427672955974899e-01 0.000000000000000000e+00 
6.186605896800756454e-03 4.767348617315292358e-02 0.000000000000000000e+00 1.000000000000000000e+00 9.839743589743589203e-01 0.000000000000000000e+00 9.934640522875817226e-01 0.000000000000000000e+00 9.748427672955974899e-01 0.000000000000000000e+00 
6.201385054737329483e-03 4.742232337594032288e-02 0.000000000000000000e+00 1.000000000000000000e+00 9.839743589743589203e-01 0.000000000000000000e+00 9.934640522875817226e-01 0.000000000000000000e+00 9.748427672955974899e-01 0.000000000000000000e+00 
6.144879851490259171e-03 4.718629270792007446e-02 0.000000000000000000e+00 1.000000000000000000e+00 9.839743589743589203e-01 0.000000000000000000e+00 9.934640522875817226e-01 0.000000000000000000e+00 9.748427672955974899e-01 0.000000000000000000e+00 
6.133867893368005753e-03 4.695868119597434998e-02 0.000000000000000000e+00 1.000000000000000000e+00 9.839743589743589203e-01 0.000000000000000000e+00 9.934640522875817226e-01 0.000000000000000000e+00 9.748427672955974899e-01 0.000000000000000000e+00 
6.033421028405427933e-03 4.675608500838279724e-02 0.000000000000000000e+00 1.000000000000000000e+00 9.839743589743589203e-01 0.000000000000000000e+00 9.934640522875817226e-01 0.000000000000000000e+00 9.748427672955974899e-01 0.000000000000000000e+00 
6.025860086083412170e-03 4.643419384956359863e-02 0.000000000000000000e+00 1.000000000000000000e+00 9.855769230769231282e-01 0.000000000000000000e+00 9.934853420195439710e-01 0.000000000000000000e+00 9.779179810725552313e-01 0.000000000000000000e+00 
5.985429044812917709e-03 4.616714268922805786e-02 0.000000000000000000e+00 1.000000000000000000e+00 9.855769230769231282e-01 0.000000000000000000e+00 9.934853420195439710e-01 0.000000000000000000e+00 9.779179810725552313e-01 0.000000000000000000e+00 
5.979150533676147461e-03 4.591784253716468811e-02 0.000000000000000000e+00 1.000000000000000000e+00 9.855769230769231282e-01 0.000000000000000000e+00 9.934853420195439710e-01 0.000000000000000000e+00 9.779179810725552313e-01 0.000000000000000000e+00 
5.923663731664419174e-03 4.565843939781188965e-02 0.000000000000000000e+00 1.000000000000000000e+00 9.855769230769231282e-01 0.000000000000000000e+00 9.934853420195439710e-01 0.000000000000000000e+00 9.779179810725552313e-01 0.000000000000000000e+00 
5.874210037291049957e-03 4.541793838143348694e-02 0.000000000000000000e+00 1.000000000000000000e+00 9.855769230769231282e-01 0.000000000000000000e+00 9.934853420195439710e-01 0.000000000000000000e+00 9.779179810725552313e-01 0.000000000000000000e+00 
5.841214209794998169e-03 4.515887424349784851e-02 0.000000000000000000e+00 1.000000000000000000e+00 9.855769230769231282e-01 0.000000000000000000e+00 9.934853420195439710e-01 0.000000000000000000e+00 9.779179810725552313e-01 0.000000000000000000e+00 
5.797185935080051422e-03 4.491502419114112854e-02 0.000000000000000000e+00 1.000000000000000000e+00 9.855769230769231282e-01 0.000000000000000000e+00 9.934853420195439710e-01 0.000000000000000000e+00 9.779179810725552313e-01 0.000000000000000000e+00 
5.774425342679023743e-03 4.468748718500137329e-02 0.000000000000000000e+00 1.000000000000000000e+00 9.855769230769231282e-01 0.000000000000000000e+00 9.934853420195439710e-01 0.000000000000000000e+00 9.779179810725552313e-01 0.000000000000000000e+00 
5.766017362475395203e-03 4.448296874761581421e-02 0.000000000000000000e+00 1.000000000000000000e+00 9.855769230769231282e-01 0.000000000000000000e+00 9.934853420195439710e-01 0.000000000000000000e+00 9.779179810725552313e-01 0.000000000000000000e+00 
5.730126984417438507e-03 4.428249225020408630e-02 0.000000000000000000e+00 1.000000000000000000e+00 9.855769230769231282e-01 0.000000000000000000e+00 9.934853420195439710e-01 0.000000000000000000e+00 9.779179810725552313e-01 0.000000000000000000e+00 
5.695780273526906967e-03 4.403886571526527405e-02 0.000000000000000000e+00 1.000000000000000000e+00 9.855769230769231282e-01 0.000000000000000000e+00 9.934853420195439710e-01 0.000000000000000000e+00 9.779179810725552313e-01 0.000000000000000000e+00 
5.678136833012104034e-03 4.382319375872612000e-02 0.000000000000000000e+00 1.000000000000000000e+00 9.855769230769231282e-01 0.000000000000000000e+00 9.934853420195439710e-01 0.000000000000000000e+00 9.779179810725552313e-01 0.000000000000000000e+00 
5.626375786960124969e-03 4.355774819850921631e-02 0.000000000000000000e+00 1.000000000000000000e+00 9.855769230769231282e-01 0.000000000000000000e+00 9.934853420195439710e-01 0.000000000000000000e+00 9.779179810725552313e-01 0.000000000000000000e+00 
5.589662119746208191e-03 4.333644732832908630e-02 0.000000000000000000e+00 1.000000000000000000e+00 9.855769230769231282e-01 0.000000000000000000e+00 9.934853420195439710e-01 0.000000000000000000e+00 9.779179810725552313e-01 0.000000000000000000e+00 
5.555553361773490906e-03 4.313626140356063843e-02 0.000000000000000000e+00 1.000000000000000000e+00 9.871794871794872250e-01 0.000000000000000000e+00 9.935064935064935598e-01 0.000000000000000000e+00 9.810126582278481111e-01 0.000000000000000000e+00 
5.573342554271221161e-03 4.290725290775299072e-02 0.000000000000000000e+00 1.000000000000000000e+00 9.871794871794872250e-01 0.000000000000000000e+00 9.935064935064935598e-01 0.000000000000000000e+00 9.810126582278481111e-01 0.000000000000000000e+00 
5.538988392800092697e-03 4.273094236850738525e-02 0.000000000000000000e+00 1.000000000000000000e+00 9.887820512820513219e-01 0.000000000000000000e+00 9.935275080906148526e-01 0.000000000000000000e+00 9.841269841269840724e-01 0.000000000000000000e+00 
5.462831817567348480e-03 4.246426746249198914e-02 0.000000000000000000e+00 1.000000000000000000e+00 9.887820512820513219e-01 0.000000000000000000e+00 9.935275080906148526e-01 0.000000000000000000e+00 9.841269841269840724e-01 0.000000000000000000e+00 
5.436853971332311630e-03 4.217967763543128967e-02 0.000000000000000000e+00 1.000000000000000000e+00 9.887820512820513219e-01 0.000000000000000000e+00 9.935275080906148526e-01 0.000000000000000000e+00 9.841269841269840724e-01 0.000000000000000000e+00 
5.408310797065496445e-03 4.189860075712203979e-02 0.000000000000000000e+00 1.000000000000000000e+00 9.887820512820513219e-01 0.000000000000000000e+00 9.935275080906148526e-01 0.000000000000000000e+00 9.841269841269840724e-01 0.000000000000000000e+00 
5.389194469898939133e-03 4.172083362936973572e-02 0.000000000000000000e+00 1.000000000000000000e+00 9.887820512820513219e-01 0.000000000000000000e+00 9.935275080906148526e-01 0.000000000000000000e+00 9.841269841269840724e-01 0.000000000000000000e+00 
5.369074176996946335e-03 4.151098057627677917e-02 0.000000000000000000e+00 1.000000000000000000e+00 9.887820512820513219e-01 0.000000000000000000e+00 9.935275080906148526e-01 0.000000000000000000e+00 9.841269841269840724e-01 0.000000000000000000e+00 
5.324019584804773331e-03 4.134670272469520569e-02 0.000000000000000000e+00 1.000000000000000000e+00 9.887820512820513219e-01 0.000000000000000000e+00 9.935275080906148526e-01 0.000000000000000000e+00 9.841269841269840724e-01 0.000000000000000000e+00 
5.300005432218313217e-03 4.110906645655632019e-02 0.000000000000000000e+00 1.000000000000000000e+00 9.887820512820513219e-01 0.000000000000000000e+00 9.935275080906148526e-01 0.000000000000000000e+00 9.841269841269840724e-01 0.000000000000000000e+00 
5.307998508214950562e-03 4.090122878551483154e-02 0.000000000000000000e+00 1.000000000000000000e+00 9.887820512820513219e-01 0.000000000000000000e+00 9.935275080906148526e-01 0.000000000000000000e+00 9.841269841269840724e-01 0.000000000000000000e+00 
5.256859585642814636e-03 4.071018099784851074e-02 0.000000000000000000e+00 1.000000000000000000e+00 9.887820512820513219e-01 0.000000000000000000e+00 9.935275080906148526e-01 0.000000000000000000e+00 9.841269841269840724e-01 0.000000000000000000e+00 
5.205512978136539459e-03 4.052861407399177551e-02 0.000000000000000000e+00 1.000000000000000000e+00 9.903846153846154188e-01 0.000000000000000000e+00 9.935483870967741771e-01 0.000000000000000000e+00 9.872611464968152895e-01 0.000000000000000000e+00 
5.192705430090427399e-03 4.038096591830253601e-02 0.000000000000000000e+00 1.000000000000000000e+00 9.919871794871795156e-01 0.000000000000000000e+00 9.935691318327973809e-01 0.000000000000000000e+00 9.904153354632587725e-01 0.000000000000000000e+00 
5.160510074347257614e-03 4.023686796426773071e-02 0.000000000000000000e+00 1.000000000000000000e+00 9.919871794871795156e-01 0.000000000000000000e+00 9.935691318327973809e-01 0.000000000000000000e+00 9.904153354632587725e-01 0.000000000000000000e+00 
5.131403449922800064e-03 3.999463841319084167e-02 0.000000000000000000e+00 1.000000000000000000e+00 9.919871794871795156e-01 0.000000000000000000e+00 9.935691318327973809e-01 0.000000000000000000e+00 9.904153354632587725e-01 0.000000000000000000e+00 
5.104448180645704269e-03 3.988314792513847351e-02 0.000000000000000000e+00 1.000000000000000000e+00 9.919871794871795156e-01 0.000000000000000000e+00 9.935691318327973809e-01 0.000000000000000000e+00 9.904153354632587725e-01 0.000000000000000000e+00 
5.058213137090206146e-03 3.976335376501083374e-02 0.000000000000000000e+00 1.000000000000000000e+00 9.919871794871795156e-01 0.000000000000000000e+00 9.935691318327973809e-01 0.000000000000000000e+00 9.904153354632587725e-01 0.000000000000000000e+00 
5.068144295364618301e-03 3.939617797732353210e-02 0.000000000000000000e+00 1.000000000000000000e+00 9.919871794871795156e-01 0.000000000000000000e+00 9.935691318327973809e-01 0.000000000000000000e+00 9.904153354632587725e-01 0.000000000000000000e+00 
5.044005811214447021e-03 3.932357951998710632e-02 0.000000000000000000e+00 1.000000000000000000e+00 9.919871794871795156e-01 0.000000000000000000e+00 9.935691318327973809e-01 0.000000000000000000e+00 9.904153354632587725e-01 0.000000000000000000e+00 
4.978929646313190460e-03 3.916556015610694885e-02 0.000000000000000000e+00 1.000000000000000000e+00 9.919871794871795156e-01 0.000000000000000000e+00 9.935691318327973809e-01 0.000000000000000000e+00 9.904153354632587725e-01 0.000000000000000000e+00 
4.969592671841382980e-03 3.909298777580261230e-02 0.000000000000000000e+00 1.000000000000000000e+00 9.919871794871795156e-01 0.000000000000000000e+00 9.935691318327973809e-01 0.000000000000000000e+00 9.904153354632587725e-01 0.000000000000000000e+00 
4.919804632663726807e-03 3.891104459762573242e-02 0.000000000000000000e+00 1.000000000000000000e+00 9.919871794871795156e-01 0.000000000000000000e+00 9.935691318327973809e-01 0.000000000000000000e+00 9.904153354632587725e-01 0.000000000000000000e+00 
4.906106274574995041e-03 3.876511007547378540e-02 0.000000000000000000e+00 1.000000000000000000e+00 9.919871794871795156e-01 0.000000000000000000e+00 9.935691318327973809e-01 0.000000000000000000e+00 9.904153354632587725e-01 0.000000000000000000e+00 
4.905020352452993393e-03 3.853558376431465149e-02 0.000000000000000000e+00 1.000000000000000000e+00 9.919871794871795156e-01 0.000000000000000000e+00 9.935691318327973809e-01 0.000000000000000000e+00 9.904153354632587725e-01 0.000000000000000000e+00 
4.850333090871572495e-03 3.819018229842185974e-02 0.000000000000000000e+00 1.000000000000000000e+00 9.919871794871795156e-01 0.000000000000000000e+00 9.935691318327973809e-01 0.000000000000000000e+00 9.904153354632587725e-01 0.000000000000000000e+00 
4.836283624172210693e-03 3.812912851572036743e-02 0.000000000000000000e+00 1.000000000000000000e+00 9.919871794871795156e-01 0.000000000000000000e+00 9.935691318327973809e-01 0.000000000000000000e+00 9.904153354632587725e-01 0.000000000000000000e+00 
4.794468637555837631e-03 3.801161423325538635e-02 0.000000000000000000e+00 1.000000000000000000e+00 9.919871794871795156e-01 0.000000000000000000e+00 9.935691318327973809e-01 0.000000000000000000e+00 9.904153354632587725e-01 0.000000000000000000e+00 
4.763654898852109909e-03 3.786113113164901733e-02 0.000000000000000000e+00 1.000000000000000000e+00 9.919871794871795156e-01 0.000000000000000000e+00 9.935691318327973809e-01 0.000000000000000000e+00 9.904153354632587725e-01 0.000000000000000000e+00 
4.735461436212062836e-03 3.770783543586730957e-02 0.000000000000000000e+00 1.000000000000000000e+00 9.919871794871795156e-01 0.000000000000000000e+00 9.935691318327973809e-01 0.000000000000000000e+00 9.904153354632587725e-01 0.000000000000000000e+00 
4.717752337455749512e-03 3.748316690325737000e-02 0.000000000000000000e+00 1.000000000000000000e+00 9.919871794871795156e-01 0.000000000000000000e+00 9.935691318327973809e-01 0.000000000000000000e+00 9.904153354632587725e-01 0.000000000000000000e+00 
4.680225159972906113e-03 3.740362823009490967e-02 0.000000000000000000e+00 1.000000000000000000e+00 9.919871794871795156e-01 0.000000000000000000e+00 9.935691318327973809e-01 0.000000000000000000e+00 9.904153354632587725e-01 0.000000000000000000e+00 
4.662311635911464691e-03 3.733677789568901062e-02 0.000000000000000000e+00 1.000000000000000000e+00 9.919871794871795156e-01 0.000000000000000000e+00 9.935691318327973809e-01 0.000000000000000000e+00 9.904153354632587725e-01 0.000000000000000000e+00 
4.645095672458410263e-03 3.716949373483657837e-02 0.000000000000000000e+00 1.000000000000000000e+00 9.919871794871795156e-01 0.000000000000000000e+00 9.935691318327973809e-01 0.000000000000000000e+00 9.904153354632587725e-01 0.000000000000000000e+00 
4.631440620869398117e-03 3.710789978504180908e-02 0.000000000000000000e+00 1.000000000000000000e+00 9.919871794871795156e-01 0.000000000000000000e+00 9.935691318327973809e-01 0.000000000000000000e+00 9.904153354632587725e-01 0.000000000000000000e+00 
4.603868350386619568e-03 3.706523030996322632e-02 0.000000000000000000e+00 1.000000000000000000e+00 9.919871794871795156e-01 0.000000000000000000e+00 9.935691318327973809e-01 0.000000000000000000e+00 9.904153354632587725e-01 0.000000000000000000e+00 
4.547839052975177765e-03 3.677932918071746826e-02 0.000000000000000000e+00 1.000000000000000000e+00 9.919871794871795156e-01 0.000000000000000000e+00 9.935691318327973809e-01 0.000000000000000000e+00 9.904153354632587725e-01 0.000000000000000000e+00 
4.540752153843641281e-03 3.656233847141265869e-02 0.000000000000000000e+00 1.000000000000000000e+00 9.919871794871795156e-01 0.000000000000000000e+00 9.935691318327973809e-01 0.000000000000000000e+00 9.904153354632587725e-01 0.000000000000000000e+00 
4.531300626695156097e-03 3.652962669730186462e-02 0.000000000000000000e+00 1.000000000000000000e+00 9.919871794871795156e-01 0.000000000000000000e+00 9.935691318327973809e-01 0.000000000000000000e+00 9.904153354632587725e-01 0.000000000000000000e+00 
4.486103076487779617e-03 3.646347671747207642e-02 0.000000000000000000e+00 1.000000000000000000e+00 9.919871794871795156e-01 0.000000000000000000e+00 9.935691318327973809e-01 0.000000000000000000e+00 9.904153354632587725e-01 0.000000000000000000e+00 
4.454882815480232239e-03 3.635291755199432373e-02 0.000000000000000000e+00 1.000000000000000000e+00 9.919871794871795156e-01 0.000000000000000000e+00 9.935691318327973809e-01 0.000000000000000000e+00 9.904153354632587725e-01 0.000000000000000000e+00 
4.449895583093166351e-03 3.637940809130668640e-02 0.000000000000000000e+00 1.000000000000000000e+00 9.919871794871795156e-01 0.000000000000000000e+00 9.935691318327973809e-01 0.000000000000000000e+00 9.904153354632587725e-01 0.000000000000000000e+00 
4.437710624188184738e-03 3.617639094591140747e-02 0.000000000000000000e+00 1.000000000000000000e+00 9.919871794871795156e-01 0.000000000000000000e+00 9.935691318327973809e-01 0.000000000000000000e+00 9.904153354632587725e-01 0.000000000000000000e+00 
4.385482054203748703e-03 3.615618869662284851e-02 0.000000000000000000e+00 1.000000000000000000e+00 9.919871794871795156e-01 0.000000000000000000e+00 9.935691318327973809e-01 0.000000000000000000e+00 9.904153354632587725e-01 0.000000000000000000e+00 
4.367400892078876495e-03 3.599052503705024719e-02 0.000000000000000000e+00 1.000000000000000000e+00 9.919871794871795156e-01 0.000000000000000000e+00 9.935691318327973809e-01 0.000000000000000000e+00 9.904153354632587725e-01 0.000000000000000000e+00 
4.347853362560272217e-03 3.582111001014709473e-02 0.000000000000000000e+00 1.000000000000000000e+00 9.919871794871795156e-01 0.000000000000000000e+00 9.935691318327973809e-01 0.000000000000000000e+00 9.904153354632587725e-01 0.000000000000000000e+00 
4.314189776778221130e-03 3.560369089245796204e-02 0.000000000000000000e+00 1.000000000000000000e+00 9.919871794871795156e-01 0.000000000000000000e+00 9.935691318327973809e-01 0.000000000000000000e+00 9.904153354632587725e-01 0.000000000000000000e+00 
4.294224549084901810e-03 3.554096817970275879e-02 0.000000000000000000e+00 1.000000000000000000e+00 9.919871794871795156e-01 0.000000000000000000e+00 9.935691318327973809e-01 0.000000000000000000e+00 9.904153354632587725e-01 0.000000000000000000e+00 
4.277599509805440903e-03 3.543638437986373901e-02 0.000000000000000000e+00 1.000000000000000000e+00 9.919871794871795156e-01 0.000000000000000000e+00 9.935691318327973809e-01 0.000000000000000000e+00 9.904153354632587725e-01 0.000000000000000000e+00 
4.258898552507162094e-03 3.540756553411483765e-02 0.000000000000000000e+00 1.000000000000000000e+00 9.919871794871795156e-01 0.000000000000000000e+00 9.935691318327973809e-01 0.000000000000000000e+00 9.904153354632587725e-01 0.000000000000000000e+00 
4.236455541104078293e-03 3.543208166956901550e-02 0.000000000000000000e+00 1.000000000000000000e+00 9.919871794871795156e-01 0.000000000000000000e+00 9.935691318327973809e-01 0.000000000000000000e+00 9.904153354632587725e-01 0.000000000000000000e+00 
4.215192981064319611e-03 3.532435372471809387e-02 0.000000000000000000e+00 1.000000000000000000e+00 9.919871794871795156e-01 0.000000000000000000e+00 9.935691318327973809e-01 0.000000000000000000e+00 9.904153354632587725e-01 0.000000000000000000e+00 
4.177799914032220840e-03 3.531673178076744080e-02 0.000000000000000000e+00 1.000000000000000000e+00 9.919871794871795156e-01 0.000000000000000000e+00 9.935691318327973809e-01 0.000000000000000000e+00 9.904153354632587725e-01 0.000000000000000000e+00 
4.162176046520471573e-03 3.517414256930351257e-02 0.000000000000000000e+00 1.000000000000000000e+00 9.919871794871795156e-01 0.000000000000000000e+00 9.935691318327973809e-01 0.000000000000000000e+00 9.904153354632587725e-01 0.000000000000000000e+00 
4.132039379328489304e-03 3.516196459531784058e-02 0.000000000000000000e+00 1.000000000000000000e+00 9.919871794871795156e-01 0.000000000000000000e+00 9.935691318327973809e-01 0.000000000000000000e+00 9.904153354632587725e-01 0.000000000000000000e+00 
4.122304264456033707e-03 3.517973795533180237e-02 0.000000000000000000e+00 1.000000000000000000e+00 9.919871794871795156e-01 0.000000000000000000e+00 9.935691318327973809e-01 0.000000000000000000e+00 9.904153354632587725e-01 0.000000000000000000e+00 
4.086636472493410110e-03 3.517645969986915588e-02 0.000000000000000000e+00 1.000000000000000000e+00 9.919871794871795156e-01 0.000000000000000000e+00 9.935691318327973809e-01 0.000000000000000000e+00 9.904153354632587725e-01 0.000000000000000000e+00 
4.083408974111080170e-03 3.487527742981910706e-02 0.000000000000000000e+00 1.000000000000000000e+00 9.919871794871795156e-01 0.000000000000000000e+00 9.935691318327973809e-01 0.000000000000000000e+00 9.904153354632587725e-01 0.000000000000000000e+00 
4.054583143442869186e-03 3.477900102734565735e-02 0.000000000000000000e+00 1.000000000000000000e+00 9.919871794871795156e-01 0.000000000000000000e+00 9.935691318327973809e-01 0.000000000000000000e+00 9.904153354632587725e-01 0.000000000000000000e+00 
4.032535944133996964e-03 3.466380015015602112e-02 0.000000000000000000e+00 1.000000000000000000e+00 9.919871794871795156e-01 0.000000000000000000e+00 9.935691318327973809e-01 0.000000000000000000e+00 9.904153354632587725e-01 0.000000000000000000e+00 
4.010744392871856689e-03 3.479344025254249573e-02 0.000000000000000000e+00 1.000000000000000000e+00 9.919871794871795156e-01 0.000000000000000000e+00 9.935691318327973809e-01 0.000000000000000000e+00 9.904153354632587725e-01 0.000000000000000000e+00 
3.973983228206634521e-03 3.482676297426223755e-02 0.000000000000000000e+00 1.000000000000000000e+00 9.919871794871795156e-01 0.000000000000000000e+00 9.935691318327973809e-01 0.000000000000000000e+00 9.904153354632587725e-01 0.000000000000000000e+00 
3.964033909142017365e-03 3.464938700199127197e-02 0.000000000000000000e+00 1.000000000000000000e+00 9.919871794871795156e-01 0.000000000000000000e+00 9.935691318327973809e-01 0.000000000000000000e+00 9.904153354632587725e-01 0.000000000000000000e+00 
3.948356024920940399e-03 3.443044796586036682e-02 0.000000000000000000e+00 1.000000000000000000e+00 9.919871794871795156e-01 0.000000000000000000e+00 9.935691318327973809e-01 0.000000000000000000e+00 9.904153354632587725e-01 0.000000000000000000e+00 
3.919391427189111710e-03 3.443575277924537659e-02 0.000000000000000000e+00 1.000000000000000000e+00 9.919871794871795156e-01 0.000000000000000000e+00 9.935691318327973809e-01 0.000000000000000000e+00 9.904153354632587725e-01 0.000000000000000000e+00 
3.904186887666583061e-03 3.413875028491020203e-02 0.000000000000000000e+00 1.000000000000000000e+00 9.919871794871795156e-01 0.000000000000000000e+00 9.935691318327973809e-01 0.000000000000000000e+00 9.904153354632587725e-01 0.000000000000000000e+00 
3.877894720062613487e-03 3.417470678687095642e-02 0.000000000000000000e+00 1.000000000000000000e+00 9.919871794871795156e-01 0.000000000000000000e+00 9.935691318327973809e-01 0.000000000000000000e+00 9.904153354632587725e-01 0.000000000000000000e+00 
3.857440548017621040e-03 3.422758728265762329e-02 0.000000000000000000e+00 1.000000000000000000e+00 9.919871794871795156e-01 0.000000000000000000e+00 9.935691318327973809e-01 0.000000000000000000e+00 9.904153354632587725e-01 0.000000000000000000e+00 
3.841713070869445801e-03 3.416875377297401428e-02 0.000000000000000000e+00 1.000000000000000000e+00 9.919871794871795156e-01 0.000000000000000000e+00 9.935691318327973809e-01 0.000000000000000000e+00 9.904153354632587725e-01 0.000000000000000000e+00 
3.820269601419568062e-03 3.410233929753303528e-02 0.000000000000000000e+00 1.000000000000000000e+00 9.919871794871795156e-01 0.000000000000000000e+00 9.935691318327973809e-01 0.000000000000000000e+00 9.904153354632587725e-01 0.000000000000000000e+00 
3.783877938985824585e-03 3.413806483149528503e-02 0.000000000000000000e+00 1.000000000000000000e+00 9.935897435897436125e-01 0.000000000000000000e+00 9.935897435897436125e-01 0.000000000000000000e+00 9.935897435897436125e-01 0.000000000000000000e+00 
3.774333046749234200e-03 3.432990983128547668e-02 0.000000000000000000e+00 1.000000000000000000e+00 9.935897435897436125e-01 0.000000000000000000e+00 9.935897435897436125e-01 0.000000000000000000e+00 9.935897435897436125e-01 0.000000000000000000e+00 
3.756135469302535057e-03 3.426083549857139587e-02 0.000000000000000000e+00 1.000000000000000000e+00 9.935897435897436125e-01 0.000000000000000000e+00 9.935897435897436125e-01 0.000000000000000000e+00 9.935897435897436125e-01 0.000000000000000000e+00 
3.724776208400726318e-03 3.438682481646537781e-02 0.000000000000000000e+00 1.000000000000000000e+00 9.935897435897436125e-01 0.000000000000000000e+00 9.935897435897436125e-01 0.000000000000000000e+00 9.935897435897436125e-01 0.000000000000000000e+00 
3.716822713613510132e-03 3.415415808558464050e-02 0.000000000000000000e+00 1.000000000000000000e+00 9.935897435897436125e-01 0.000000000000000000e+00 9.935897435897436125e-01 0.000000000000000000e+00 9.935897435897436125e-01 0.000000000000000000e+00 
3.697189735248684883e-03 3.440500423312187195e-02 0.000000000000000000e+00 1.000000000000000000e+00 9.935897435897436125e-01 0.000000000000000000e+00 9.935897435897436125e-01 0.000000000000000000e+00 9.935897435897436125e-01 0.000000000000000000e+00 
3.667933167889714241e-03 3.427796438336372375e-02 0.000000000000000000e+00 1.000000000000000000e+00 9.935897435897436125e-01 0.000000000000000000e+00 9.935897435897436125e-01 0.000000000000000000e+00 9.935897435897436125e-01 0.000000000000000000e+00 
3.650649217888712883e-03 3.397865220904350281e-02 0.000000000000000000e+00 1.000000000000000000e+00 9.935897435897436125e-01 0.000000000000000000e+00 9.935897435897436125e-01 0.000000000000000000e+00 9.935897435897436125e-01 0.000000000000000000e+00 
3.638612572103738785e-03 3.394857048988342285e-02 0.000000000000000000e+00 1.000000000000000000e+00 9.935897435897436125e-01 0.000000000000000000e+00 9.935897435897436125e-01 0.000000000000000000e+00 9.935897435897436125e-01 0.000000000000000000e+00 
3.607867285609245300e-03 3.388604894280433655e-02 0.000000000000000000e+00 1.000000000000000000e+00 9.935897435897436125e-01 0.000000000000000000e+00 9.935897435897436125e-01 0.000000000000000000e+00 9.935897435897436125e-01 0.000000000000000000e+00 
3.596662078052759171e-03 3.390231728553771973e-02 0.000000000000000000e+00 1.000000000000000000e+00 9.935897435897436125e-01 0.000000000000000000e+00 9.935897435897436125e-01 0.000000000000000000e+00 9.935897435897436125e-01 0.000000000000000000e+00 
3.572605550289154053e-03 3.364009410142898560e-02 0.000000000000000000e+00 1.000000000000000000e+00 9.935897435897436125e-01 0.000000000000000000e+00 9.935897435897436125e-01 0.000000000000000000e+00 9.935897435897436125e-01 0.000000000000000000e+00 
3.576880320906639099e-03 3.386584296822547913e-02 0.000000000000000000e+00 1.000000000000000000e+00 9.935897435897436125e-01 0.000000000000000000e+00 9.935897435897436125e-01 0.000000000000000000e+00 9.935897435897436125e-01 0.000000000000000000e+00 
3.544045612215995789e-03 3.407793864607810974e-02 0.000000000000000000e+00 1.000000000000000000e+00 9.935897435897436125e-01 0.000000000000000000e+00 9.935897435897436125e-01 0.000000000000000000e+00 9.935897435897436125e-01 0.000000000000000000e+00 
3.508001565933227539e-03 3.395210206508636475e-02 0.000000000000000000e+00 1.000000000000000000e+00 9.935897435897436125e-01 0.000000000000000000e+00 9.935897435897436125e-01 0.000000000000000000e+00 9.935897435897436125e-01 0.000000000000000000e+00 
3.504231572151184082e-03 3.390133008360862732e-02 0.000000000000000000e+00 1.000000000000000000e+00 9.935897435897436125e-01 0.000000000000000000e+00 9.935897435897436125e-01 0.000000000000000000e+00 9.935897435897436125e-01 0.000000000000000000e+00 
3.476928221061825752e-03 3.356611728668212891e-02 0.000000000000000000e+00 1.000000000000000000e+00 9.935897435897436125e-01 0.000000000000000000e+00 9.935897435897436125e-01 0.000000000000000000e+00 9.935897435897436125e-01 0.000000000000000000e+00 
3.460215171799063683e-03 3.364995867013931274e-02 0.000000000000000000e+00 1.000000000000000000e+00 9.935897435897436125e-01 0.000000000000000000e+00 9.935897435897436125e-01 0.000000000000000000e+00 9.935897435897436125e-01 0.000000000000000000e+00 
3.448440926149487495e-03 3.356880322098731995e-02 0.000000000000000000e+00 1.000000000000000000e+00 9.935897435897436125e-01 0.000000000000000000e+00 9.935897435897436125e-01 0.000000000000000000e+00 9.935897435897436125e-01 0.000000000000000000e+00 
3.422249807044863701e-03 3.364250808954238892e-02 0.000000000000000000e+00 1.000000000000000000e+00 9.935897435897436125e-01 0.000000000000000000e+00 9.935897435897436125e-01 0.000000000000000000e+00 9.935897435897436125e-01 0.000000000000000000e+00 
3.407015698030591011e-03 3.385607525706291199e-02 0.000000000000000000e+00 1.000000000000000000e+00 9.935897435897436125e-01 0.000000000000000000e+00 9.935897435897436125e-01 0.000000000000000000e+00 9.935897435897436125e-01 0.000000000000000000e+00 
3.381928894668817520e-03 3.398577868938446045e-02 0.000000000000000000e+00 1.000000000000000000e+00 9.935897435897436125e-01 0.000000000000000000e+00 9.935897435897436125e-01 0.000000000000000000e+00 9.935897435897436125e-01 0.000000000000000000e+00 
3.365574870258569717e-03 3.399757668375968933e-02 0.000000000000000000e+00 1.000000000000000000e+00 9.935897435897436125e-01 0.000000000000000000e+00 9.935897435897436125e-01 0.000000000000000000e+00 9.935897435897436125e-01 0.000000000000000000e+00 
3.356572007760405540e-03 3.383426368236541748e-02 0.000000000000000000e+00 1.000000000000000000e+00 9.935897435897436125e-01 0.000000000000000000e+00 9.935897435897436125e-01 0.000000000000000000e+00 9.935897435897436125e-01 0.000000000000000000e+00 
3.337959293276071548e-03 3.351697698235511780e-02 0.000000000000000000e+00 1.000000000000000000e+00 9.935897435897436125e-01 0.000000000000000000e+00 9.935897435897436125e-01 0.000000000000000000e+00 9.935897435897436125e-01 0.000000000000000000e+00 
3.311713924631476402e-03 3.363847360014915466e-02 0.000000000000000000e+00 1.000000000000000000e+00 9.935897435897436125e-01 0.000000000000000000e+00 9.935897435897436125e-01 0.000000000000000000e+00 9.935897435897436125e-01 0.000000000000000000e+00 
3.298494964838027954e-03 3.371118009090423584e-02 0.000000000000000000e+00 1.000000000000000000e+00 9.935897435897436125e-01 0.000000000000000000e+00 9.935897435897436125e-01 0.000000000000000000e+00 9.935897435897436125e-01 0.000000000000000000e+00 
3.284223377704620361e-03 3.382275253534317017e-02 0.000000000000000000e+00 1.000000000000000000e+00 9.935897435897436125e-01 0.000000000000000000e+00 9.935897435897436125e-01 0.000000000000000000e+00 9.935897435897436125e-01 0.000000000000000000e+00 
3.265494480729103088e-03 3.396438434720039368e-02 0.000000000000000000e+00 1.000000000000000000e+00 9.935897435897436125e-01 0.000000000000000000e+00 9.935897435897436125e-01 0.000000000000000000e+00 9.935897435897436125e-01 0.000000000000000000e+00 
3.252204507589340210e-03 3.412218764424324036e-02 0.000000000000000000e+00 1.000000000000000000e+00 9.935897435897436125e-01 0.000000000000000000e+00 9.935897435897436125e-01 0.000000000000000000e+00 9.935897435897436125e-01 0.000000000000000000e+00 
3.221411723643541336e-03 3.400008752942085266e-02 0.000000000000000000e+00 1.000000000000000000e+00 9.935897435897436125e-01 0.000000000000000000e+00 9.935897435897436125e-01 0.000000000000000000e+00 9.935897435897436125e-01 0.000000000000000000e+00 
3.204318229109048843e-03 3.383161872625350952e-02 0.000000000000000000e+00 1.000000000000000000e+00 9.935897435897436125e-01 0.000000000000000000e+00 9.935897435897436125e-01 0.000000000000000000e+00 9.935897435897436125e-01 0.000000000000000000e+00 
3.189597278833389282e-03 3.370590880513191223e-02 0.000000000000000000e+00 1.000000000000000000e+00 9.935897435897436125e-01 0.000000000000000000e+00 9.935897435897436125e-01 0.000000000000000000e+00 9.935897435897436125e-01 0.000000000000000000e+00 
3.174705430865287781e-03 3.379560261964797974e-02 0.000000000000000000e+00 1.000000000000000000e+00 9.935897435897436125e-01 0.000000000000000000e+00 9.935897435897436125e-01 0.000000000000000000e+00 9.935897435897436125e-01 0.000000000000000000e+00 
3.160467837005853653e-03 3.373178839683532715e-02 0.000000000000000000e+00 1.000000000000000000e+00 9.935897435897436125e-01 0.000000000000000000e+00 9.935897435897436125e-01 0.000000000000000000e+00 9.935897435897436125e-01 0.000000000000000000e+00 
3.140222746878862381e-03 3.358049318194389343e-02 0.000000000000000000e+00 1.000000000000000000e+00 9.935897435897436125e-01 0.000000000000000000e+00 9.935897435897436125e-01 0.000000000000000000e+00 9.935897435897436125e-01 0.000000000000000000e+00 
3.129698801785707474e-03 3.384742885828018188e-02 0.000000000000000000e+00 1.000000000000000000e+00 9.935897435897436125e-01 0.000000000000000000e+00 9.935897435897436125e-01 0.000000000000000000e+00 9.935897435897436125e-01 0.000000000000000000e+00 
3.111543832346796989e-03 3.370642662048339844e-02 0.000000000000000000e+00 1.000000000000000000e+00 9.935897435897436125e-01 0.000000000000000000e+00 9.935897435897436125e-01 0.000000000000000000e+00 9.935897435897436125e-01 0.000000000000000000e+00 
3.084913128986954689e-03 3.362007811665534973e-02 0.000000000000000000e+00 1.000000000000000000e+00 9.935897435897436125e-01 0.000000000000000000e+00 9.935897435897436125e-01 0.000000000000000000e+00 9.935897435897436125e-01 0.000000000000000000e+00 
3.072408726438879967e-03 3.363101184368133545e-02 0.000000000000000000e+00 1.000000000000000000e+00 9.935897435897436125e-01 0.000000000000000000e+00 9.935897435897436125e-01 0.000000000000000000e+00 9.935897435897436125e-01 0.000000000000000000e+00 
3.054601838812232018e-03 3.347923234105110168e-02 0.000000000000000000e+00 1.000000000000000000e+00 9.935897435897436125e-01 0.000000000000000000e+00 9.935897435897436125e-01 0.000000000000000000e+00 9.935897435897436125e-01 0.000000000000000000e+00 
3.041106043383479118e-03 3.341260552406311035e-02 0.000000000000000000e+00 1.000000000000000000e+00 9.935897435897436125e-01 0.000000000000000000e+00 9.935897435897436125e-01 0.000000000000000000e+00 9.935897435897436125e-01 0.000000000000000000e+00 
3.026398364454507828e-03 3.355424106121063232e-02 0.000000000000000000e+00 1.000000000000000000e+00 9.935897435897436125e-01 0.000000000000000000e+00 9.935897435897436125e-01 0.000000000000000000e+00 9.935897435897436125e-01 0.000000000000000000e+00 
3.006590064615011215e-03 3.367509692907333374e-02 0.000000000000000000e+00 1.000000000000000000e+00 9.935897435897436125e-01 0.000000000000000000e+00 9.935897435897436125e-01 0.000000000000000000e+00 9.935897435897436125e-01 0.000000000000000000e+00 
2.990097273141145706e-03 3.366183489561080933e-02 0.000000000000000000e+00 1.000000000000000000e+00 9.935897435897436125e-01 0.000000000000000000e+00 9.935897435897436125e-01 0.000000000000000000e+00 9.935897435897436125e-01 0.000000000000000000e+00 
2.974740229547023773e-03 3.352900594472885132e-02 0.000000000000000000e+00 1.000000000000000000e+00 9.935897435897436125e-01 0.000000000000000000e+00 9.935897435897436125e-01 0.000000000000000000e+00 9.935897435897436125e-01 0.000000000000000000e+00 
2.957939868792891502e-03 3.359914198517799377e-02 0.000000000000000000e+00 1.000000000000000000e+00 9.935897435897436125e-01 0.000000000000000000e+00 9.935897435897436125e-01 0.000000000000000000e+00 9.935897435897436125e-01 0.000000000000000000e+00 
2.941641258075833321e-03 3.334382921457290649e-02 0.000000000000000000e+00 1.000000000000000000e+00 9.935897435897436125e-01 0.000000000000000000e+00 9.935897435897436125e-01 0.000000000000000000e+00 9.935897435897436125e-01 0.000000000000000000e+00 
2.928704256191849709e-03 3.365371003746986389e-02 0.000000000000000000e+00 1.000000000000000000e+00 9.935897435897436125e-01 0.000000000000000000e+00 9.935897435897436125e-01 0.000000000000000000e+00 9.935897435897436125e-01 0.000000000000000000e+00 
2.911780728027224541e-03 3.383104503154754639e-02 0.000000000000000000e+00 1.000000000000000000e+00 9.935897435897436125e-01 0.000000000000000000e+00 9.935897435897436125e-01 0.000000000000000000e+00 9.935897435897436125e-01 0.000000000000000000e+00 
2.904664492234587669e-03 3.369599953293800354e-02 0.000000000000000000e+00 1.000000000000000000e+00 9.935897435897436125e-01 0.000000000000000000e+00 9.935897435897436125e-01 0.000000000000000000e+00 9.935897435897436125e-01 0.000000000000000000e+00 
2.886979375034570694e-03 3.356574848294258118e-02 0.000000000000000000e+00 1.000000000000000000e+00 9.935897435897436125e-01 0.000000000000000000e+00 9.935897435897436125e-01 0.000000000000000000e+00 9.935897435897436125e-01 0.000000000000000000e+00 
2.864096080884337425e-03 3.354571387171745300e-02 0.000000000000000000e+00 1.000000000000000000e+00 9.935897435897436125e-01 0.000000000000000000e+00 9.935897435897436125e-01 0.000000000000000000e+00 9.935897435897436125e-01 0.000000000000000000e+00 
