1.840798616409301758e+00 1.810198903083801270e+00 0.000000000000000000e+00 5.000000000000000000e-01 5.000000000000000000e-01 0.000000000000000000e+00 0.000000000000000000e+00 0.000000000000000000e+00 5.000000000000000000e-01 0.000000000000000000e+00 
1.140892744064331055e+00 1.143265247344970703e+00 0.000000000000000000e+00 5.000000000000000000e-01 5.000000000000000000e-01 0.000000000000000000e+00 0.000000000000000000e+00 0.000000000000000000e+00 5.000000000000000000e-01 0.000000000000000000e+00 
7.930241823196411133e-01 8.160786628723144531e-01 0.000000000000000000e+00 5.000000000000000000e-01 5.000000000000000000e-01 0.000000000000000000e+00 0.000000000000000000e+00 0.000000000000000000e+00 5.000000000000000000e-01 0.000000000000000000e+00 
5.350006818771362305e-01 6.487458348274230957e-01 0.000000000000000000e+00 8.750000000000000000e-01 5.737179487179486781e-01 0.000000000000000000e+00 7.169811320754716499e-01 0.000000000000000000e+00 5.444015444015444238e-01 0.000000000000000000e+00 
1.940789818763732910e-01 4.593447148799896240e-01 0.000000000000000000e+00 1.000000000000000000e+00 8.221153846153845812e-01 0.000000000000000000e+00 8.681318681318681563e-01 0.000000000000000000e+00 7.863247863247863068e-01 0.000000000000000000e+00 
6.343112885951995850e-02 3.407823443412780762e-01 0.000000000000000000e+00 1.000000000000000000e+00 8.557692307692307265e-01 0.000000000000000000e+00 9.172932330827067160e-01 0.000000000000000000e+00 8.100558659217876878e-01 0.000000000000000000e+00 
6.272827088832855225e-02 2.988501489162445068e-01 0.000000000000000000e+00 1.000000000000000000e+00 8.814102564102563875e-01 0.000000000000000000e+00 9.280575539568345356e-01 0.000000000000000000e+00 8.439306358381503115e-01 0.000000000000000000e+00 
2.822605520486831665e-02 2.853816151618957520e-01 0.000000000000000000e+00 1.000000000000000000e+00 8.846153846153845812e-01 0.000000000000000000e+00 9.255319148936169693e-01 0.000000000000000000e+00 8.508771929824561209e-01 0.000000000000000000e+00 
2.172689512372016907e-02 2.810849547386169434e-01 0.000000000000000000e+00 1.000000000000000000e+00 8.878205128205127750e-01 0.000000000000000000e+00 9.230769230769231282e-01 0.000000000000000000e+00 8.579881656804734247e-01 0.000000000000000000e+00 
1.718835905194282532e-02 2.823511362075805664e-01 0.000000000000000000e+00 1.000000000000000000e+00 8.846153846153845812e-01 0.000000000000000000e+00 9.255319148936169693e-01 0.000000000000000000e+00 8.508771929824561209e-01 0.000000000000000000e+00 
1.452030055224895477e-02 2.817343473434448242e-01 0.000000000000000000e+00 1.000000000000000000e+00 8.878205128205127750e-01 0.000000000000000000e+00 9.290780141843971718e-01 0.000000000000000000e+00 8.538011695906432275e-01 0.000000000000000000e+00 
1.243744604289531708e-02 2.815918028354644775e-01 0.000000000000000000e+00 1.000000000000000000e+00 8.926282051282051766e-01 0.000000000000000000e+00 9.209621993127147244e-01 0.000000000000000000e+00 8.678678678678678482e-01 0.000000000000000000e+00 
1.130146719515323639e-02 2.818594872951507568e-01 0.000000000000000000e+00 1.000000000000000000e+00 8.958333333333333703e-01 0.000000000000000000e+00 9.186440677966101198e-01 0.000000000000000000e+00 8.753799392097264542e-01 0.000000000000000000e+00 
9.737493470311164856e-03 2.829017043113708496e-01 0.000000000000000000e+00 1.000000000000000000e+00 9.006410256410256610e-01 0.000000000000000000e+00 9.194630872483221529e-01 0.000000000000000000e+00 8.834355828220858964e-01 0.000000000000000000e+00 
8.949035778641700745e-03 2.871596217155456543e-01 0.000000000000000000e+00 1.000000000000000000e+00 9.006410256410256610e-01 0.000000000000000000e+00 9.251700680272109123e-01 0.000000000000000000e+00 8.787878787878787845e-01 0.000000000000000000e+00 
8.198332041501998901e-03 2.902657985687255859e-01 0.000000000000000000e+00 1.000000000000000000e+00 8.990384615384615641e-01 0.000000000000000000e+00 9.249146757679180819e-01 0.000000000000000000e+00 8.761329305135951984e-01 0.000000000000000000e+00 
7.082907482981681824e-03 2.928629219532012939e-01 0.000000000000000000e+00 1.000000000000000000e+00 9.006410256410256610e-01 0.000000000000000000e+00 9.280821917808219634e-01 0.000000000000000000e+00 8.765060240963855609e-01 0.000000000000000000e+00 
6.407234817743301392e-03 2.946259379386901855e-01 0.000000000000000000e+00 1.000000000000000000e+00 9.006410256410256610e-01 0.000000000000000000e+00 9.280821917808219634e-01 0.000000000000000000e+00 8.765060240963855609e-01 0.000000000000000000e+00 
5.944969598203897476e-03 2.970055937767028809e-01 0.000000000000000000e+00 1.000000000000000000e+00 9.022435897435897578e-01 0.000000000000000000e+00 9.312714776632302627e-01 0.000000000000000000e+00 8.768768768768768762e-01 0.000000000000000000e+00 
5.617767572402954102e-03 2.987370789051055908e-01 0.000000000000000000e+00 1.000000000000000000e+00 9.006410256410256610e-01 0.000000000000000000e+00 9.280821917808219634e-01 0.000000000000000000e+00 8.765060240963855609e-01 0.000000000000000000e+00 
5.112610757350921631e-03 3.008399903774261475e-01 0.000000000000000000e+00 1.000000000000000000e+00 9.006410256410256610e-01 0.000000000000000000e+00 9.280821917808219634e-01 0.000000000000000000e+00 8.765060240963855609e-01 0.000000000000000000e+00 
4.788508638739585876e-03 3.020485937595367432e-01 0.000000000000000000e+00 1.000000000000000000e+00 8.958333333333333703e-01 0.000000000000000000e+00 9.130434782608695121e-01 0.000000000000000000e+00 8.800000000000000044e-01 0.000000000000000000e+00 
4.644311498850584030e-03 3.043386340141296387e-01 0.000000000000000000e+00 1.000000000000000000e+00 8.974358974358974672e-01 0.000000000000000000e+00 9.189189189189189699e-01 0.000000000000000000e+00 8.780487804878048808e-01 0.000000000000000000e+00 
4.181643947958946228e-03 3.067516982555389404e-01 0.000000000000000000e+00 1.000000000000000000e+00 8.958333333333333703e-01 0.000000000000000000e+00 9.215017064846416917e-01 0.000000000000000000e+00 8.731117824773413361e-01 0.000000000000000000e+00 
3.982861060649156570e-03 3.091926872730255127e-01 0.000000000000000000e+00 1.000000000000000000e+00 8.958333333333333703e-01 0.000000000000000000e+00 9.243986254295533112e-01 0.000000000000000000e+00 8.708708708708708945e-01 0.000000000000000000e+00 
3.735030069947242737e-03 3.108107745647430420e-01 0.000000000000000000e+00 1.000000000000000000e+00 8.974358974358974672e-01 0.000000000000000000e+00 9.275862068965516904e-01 0.000000000000000000e+00 8.712574850299401596e-01 0.000000000000000000e+00 
3.556652460247278214e-03 3.125814795494079590e-01 0.000000000000000000e+00 1.000000000000000000e+00 8.958333333333333703e-01 0.000000000000000000e+00 9.273356401384083014e-01 0.000000000000000000e+00 8.686567164179104239e-01 0.000000000000000000e+00 
3.385177813470363617e-03 3.143907487392425537e-01 0.000000000000000000e+00 1.000000000000000000e+00 8.958333333333333703e-01 0.000000000000000000e+00 9.273356401384083014e-01 0.000000000000000000e+00 8.686567164179104239e-01 0.000000000000000000e+00 
3.130786120891571045e-03 3.161496520042419434e-01 0.000000000000000000e+00 1.000000000000000000e+00 8.958333333333333703e-01 0.000000000000000000e+00 9.273356401384083014e-01 0.000000000000000000e+00 8.686567164179104239e-01 0.000000000000000000e+00 
2.952454844489693642e-03 3.190657794475555420e-01 0.000000000000000000e+00 1.000000000000000000e+00 8.974358974358974672e-01 0.000000000000000000e+00 9.305555555555555802e-01 0.000000000000000000e+00 8.690476190476190688e-01 0.000000000000000000e+00 
2.630493603646755219e-03 3.218326866626739502e-01 0.000000000000000000e+00 1.000000000000000000e+00 8.990384615384615641e-01 0.000000000000000000e+00 9.337979094076654940e-01 0.000000000000000000e+00 8.694362017804154741e-01 0.000000000000000000e+00 
2.454400993883609772e-03 3.243028521537780762e-01 0.000000000000000000e+00 1.000000000000000000e+00 8.990384615384615641e-01 0.000000000000000000e+00 9.337979094076654940e-01 0.000000000000000000e+00 8.694362017804154741e-01 0.000000000000000000e+00 
2.304471097886562347e-03 3.264509737491607666e-01 0.000000000000000000e+00 1.000000000000000000e+00 8.974358974358974672e-01 0.000000000000000000e+00 9.305555555555555802e-01 0.000000000000000000e+00 8.690476190476190688e-01 0.000000000000000000e+00 
2.278308384120464325e-03 3.274294137954711914e-01 0.000000000000000000e+00 1.000000000000000000e+00 9.006410256410256610e-01 0.000000000000000000e+00 9.340277777777777901e-01 0.000000000000000000e+00 8.720238095238095344e-01 0.000000000000000000e+00 
2.124574501067399979e-03 3.295665085315704346e-01 0.000000000000000000e+00 1.000000000000000000e+00 9.006410256410256610e-01 0.000000000000000000e+00 9.340277777777777901e-01 0.000000000000000000e+00 8.720238095238095344e-01 0.000000000000000000e+00 
2.013178076595067978e-03 3.315164446830749512e-01 0.000000000000000000e+00 1.000000000000000000e+00 9.006410256410256610e-01 0.000000000000000000e+00 9.340277777777777901e-01 0.000000000000000000e+00 8.720238095238095344e-01 0.000000000000000000e+00 
1.921289367601275444e-03 3.350536227226257324e-01 0.000000000000000000e+00 1.000000000000000000e+00 8.958333333333333703e-01 0.000000000000000000e+00 9.273356401384083014e-01 0.000000000000000000e+00 8.686567164179104239e-01 0.000000000000000000e+00 
1.858316012658178806e-03 3.380007743835449219e-01 0.000000000000000000e+00 1.000000000000000000e+00 9.006410256410256610e-01 0.000000000000000000e+00 9.370629370629370847e-01 0.000000000000000000e+00 8.698224852071005930e-01 0.000000000000000000e+00 
1.770139206200838089e-03 3.397019207477569580e-01 0.000000000000000000e+00 1.000000000000000000e+00 9.006410256410256610e-01 0.000000000000000000e+00 9.370629370629370847e-01 0.000000000000000000e+00 8.698224852071005930e-01 0.000000000000000000e+00 
1.714038895443081856e-03 3.412719070911407471e-01 0.000000000000000000e+00 1.000000000000000000e+00 9.006410256410256610e-01 0.000000000000000000e+00 9.370629370629370847e-01 0.000000000000000000e+00 8.698224852071005930e-01 0.000000000000000000e+00 
1.652178703807294369e-03 3.428862094879150391e-01 0.000000000000000000e+00 1.000000000000000000e+00 9.006410256410256610e-01 0.000000000000000000e+00 9.370629370629370847e-01 0.000000000000000000e+00 8.698224852071005930e-01 0.000000000000000000e+00 
1.584868063218891621e-03 3.444850146770477295e-01 0.000000000000000000e+00 1.000000000000000000e+00 9.006410256410256610e-01 0.000000000000000000e+00 9.370629370629370847e-01 0.000000000000000000e+00 8.698224852071005930e-01 0.000000000000000000e+00 
1.535858027637004852e-03 3.459697663784027100e-01 0.000000000000000000e+00 1.000000000000000000e+00 9.006410256410256610e-01 0.000000000000000000e+00 9.370629370629370847e-01 0.000000000000000000e+00 8.698224852071005930e-01 0.000000000000000000e+00 
1.491934875957667828e-03 3.472112119197845459e-01 0.000000000000000000e+00 1.000000000000000000e+00 9.006410256410256610e-01 0.000000000000000000e+00 9.370629370629370847e-01 0.000000000000000000e+00 8.698224852071005930e-01 0.000000000000000000e+00 
1.439297455362975597e-03 3.487551212310791016e-01 0.000000000000000000e+00 1.000000000000000000e+00 9.006410256410256610e-01 0.000000000000000000e+00 9.370629370629370847e-01 0.000000000000000000e+00 8.698224852071005930e-01 0.000000000000000000e+00 
1.403939095325767994e-03 3.500823378562927246e-01 0.000000000000000000e+00 1.000000000000000000e+00 9.038461538461538547e-01 0.000000000000000000e+00 9.405594405594405183e-01 0.000000000000000000e+00 8.727810650887574129e-01 0.000000000000000000e+00 
1.389382872730493546e-03 3.519234955310821533e-01 0.000000000000000000e+00 1.000000000000000000e+00 9.054487179487179516e-01 0.000000000000000000e+00 9.438596491228070651e-01 0.000000000000000000e+00 8.731563421828908433e-01 0.000000000000000000e+00 
1.299835508689284325e-03 3.532132804393768311e-01 0.000000000000000000e+00 1.000000000000000000e+00 9.054487179487179516e-01 0.000000000000000000e+00 9.438596491228070651e-01 0.000000000000000000e+00 8.731563421828908433e-01 0.000000000000000000e+00 
1.267349231056869030e-03 3.545543551445007324e-01 0.000000000000000000e+00 1.000000000000000000e+00 9.054487179487179516e-01 0.000000000000000000e+00 9.438596491228070651e-01 0.000000000000000000e+00 8.731563421828908433e-01 0.000000000000000000e+00 
1.214994583278894424e-03 3.612574040889739990e-01 0.000000000000000000e+00 1.000000000000000000e+00 9.038461538461538547e-01 0.000000000000000000e+00 9.405594405594405183e-01 0.000000000000000000e+00 8.727810650887574129e-01 0.000000000000000000e+00 
1.201166305691003799e-03 3.627996742725372314e-01 0.000000000000000000e+00 1.000000000000000000e+00 9.054487179487179516e-01 0.000000000000000000e+00 9.438596491228070651e-01 0.000000000000000000e+00 8.731563421828908433e-01 0.000000000000000000e+00 
1.144965644925832748e-03 3.645915687084197998e-01 0.000000000000000000e+00 1.000000000000000000e+00 9.054487179487179516e-01 0.000000000000000000e+00 9.438596491228070651e-01 0.000000000000000000e+00 8.731563421828908433e-01 0.000000000000000000e+00 
1.113166799768805504e-03 3.662033379077911377e-01 0.000000000000000000e+00 1.000000000000000000e+00 9.038461538461538547e-01 0.000000000000000000e+00 9.436619718309858795e-01 0.000000000000000000e+00 8.705882352941176627e-01 0.000000000000000000e+00 
1.089159981347620487e-03 3.675676584243774414e-01 0.000000000000000000e+00 1.000000000000000000e+00 9.038461538461538547e-01 0.000000000000000000e+00 9.436619718309858795e-01 0.000000000000000000e+00 8.705882352941176627e-01 0.000000000000000000e+00 
1.045260811224579811e-03 3.693163394927978516e-01 0.000000000000000000e+00 1.000000000000000000e+00 9.038461538461538547e-01 0.000000000000000000e+00 9.436619718309858795e-01 0.000000000000000000e+00 8.705882352941176627e-01 0.000000000000000000e+00 
1.004197169095277786e-03 3.706276714801788330e-01 0.000000000000000000e+00 1.000000000000000000e+00 9.038461538461538547e-01 0.000000000000000000e+00 9.436619718309858795e-01 0.000000000000000000e+00 8.705882352941176627e-01 0.000000000000000000e+00 
9.811794152483344078e-04 3.723762333393096924e-01 0.000000000000000000e+00 1.000000000000000000e+00 9.038461538461538547e-01 0.000000000000000000e+00 9.436619718309858795e-01 0.000000000000000000e+00 8.705882352941176627e-01 0.000000000000000000e+00 
9.429693454876542091e-04 3.744455575942993164e-01 0.000000000000000000e+00 1.000000000000000000e+00 9.022435897435897578e-01 0.000000000000000000e+00 9.434628975265018092e-01 0.000000000000000000e+00 8.680351906158357833e-01 0.000000000000000000e+00 
9.244104148820042610e-04 3.763355314731597900e-01 0.000000000000000000e+00 1.000000000000000000e+00 9.022435897435897578e-01 0.000000000000000000e+00 9.434628975265018092e-01 0.000000000000000000e+00 8.680351906158357833e-01 0.000000000000000000e+00 
8.883347036316990852e-04 3.776784241199493408e-01 0.000000000000000000e+00 1.000000000000000000e+00 9.022435897435897578e-01 0.000000000000000000e+00 9.434628975265018092e-01 0.000000000000000000e+00 8.680351906158357833e-01 0.000000000000000000e+00 
8.646335918456315994e-04 3.794794976711273193e-01 0.000000000000000000e+00 1.000000000000000000e+00 9.006410256410256610e-01 0.000000000000000000e+00 9.432624113475177596e-01 0.000000000000000000e+00 8.654970760233917648e-01 0.000000000000000000e+00 
8.486133301630616188e-04 3.814179599285125732e-01 0.000000000000000000e+00 1.000000000000000000e+00 9.006410256410256610e-01 0.000000000000000000e+00 9.432624113475177596e-01 0.000000000000000000e+00 8.654970760233917648e-01 0.000000000000000000e+00 
8.165788021869957447e-04 3.834919035434722900e-01 0.000000000000000000e+00 1.000000000000000000e+00 8.990384615384615641e-01 0.000000000000000000e+00 9.430604982206405307e-01 0.000000000000000000e+00 8.629737609329446446e-01 0.000000000000000000e+00 
7.982309325598180294e-04 3.854130506515502930e-01 0.000000000000000000e+00 1.000000000000000000e+00 9.006410256410256610e-01 0.000000000000000000e+00 9.464285714285713969e-01 0.000000000000000000e+00 8.633720930232557933e-01 0.000000000000000000e+00 
7.720838184468448162e-04 3.959641158580780029e-01 0.000000000000000000e+00 1.000000000000000000e+00 8.974358974358974672e-01 0.000000000000000000e+00 9.525547445255474477e-01 0.000000000000000000e+00 8.542857142857143149e-01 0.000000000000000000e+00 
7.510767900384962559e-04 3.940877914428710938e-01 0.000000000000000000e+00 1.000000000000000000e+00 8.974358974358974672e-01 0.000000000000000000e+00 9.525547445255474477e-01 0.000000000000000000e+00 8.542857142857143149e-01 0.000000000000000000e+00 
7.372143445536494255e-04 3.958889544010162354e-01 0.000000000000000000e+00 1.000000000000000000e+00 8.974358974358974672e-01 0.000000000000000000e+00 9.525547445255474477e-01 0.000000000000000000e+00 8.542857142857143149e-01 0.000000000000000000e+00 
7.100611692294478416e-04 3.967298567295074463e-01 0.000000000000000000e+00 1.000000000000000000e+00 8.974358974358974672e-01 0.000000000000000000e+00 9.525547445255474477e-01 0.000000000000000000e+00 8.542857142857143149e-01 0.000000000000000000e+00 
6.915556732565164566e-04 3.977952301502227783e-01 0.000000000000000000e+00 1.000000000000000000e+00 8.958333333333333703e-01 0.000000000000000000e+00 9.523809523809523281e-01 0.000000000000000000e+00 8.518518518518518601e-01 0.000000000000000000e+00 
6.702503887936472893e-04 3.972459137439727783e-01 0.000000000000000000e+00 1.000000000000000000e+00 8.958333333333333703e-01 0.000000000000000000e+00 9.523809523809523281e-01 0.000000000000000000e+00 8.518518518518518601e-01 0.000000000000000000e+00 
6.489066872745752335e-04 4.007448256015777588e-01 0.000000000000000000e+00 1.000000000000000000e+00 8.942307692307692735e-01 0.000000000000000000e+00 9.522058823529411242e-01 0.000000000000000000e+00 8.494318181818182323e-01 0.000000000000000000e+00 
6.380849517881870270e-04 4.031541049480438232e-01 0.000000000000000000e+00 1.000000000000000000e+00 8.910256410256410797e-01 0.000000000000000000e+00 9.518518518518518379e-01 0.000000000000000000e+00 8.446327683615819648e-01 0.000000000000000000e+00 
6.178909679874777794e-04 4.066135585308074951e-01 0.000000000000000000e+00 1.000000000000000000e+00 8.926282051282051766e-01 0.000000000000000000e+00 9.553903345724906737e-01 0.000000000000000000e+00 8.450704225352112520e-01 0.000000000000000000e+00 
6.010444485582411289e-04 4.064773321151733398e-01 0.000000000000000000e+00 1.000000000000000000e+00 8.926282051282051766e-01 0.000000000000000000e+00 9.553903345724906737e-01 0.000000000000000000e+00 8.450704225352112520e-01 0.000000000000000000e+00 
5.847942084074020386e-04 4.087439477443695068e-01 0.000000000000000000e+00 1.000000000000000000e+00 8.926282051282051766e-01 0.000000000000000000e+00 9.553903345724906737e-01 0.000000000000000000e+00 8.450704225352112520e-01 0.000000000000000000e+00 
5.671465187333524227e-04 4.109747409820556641e-01 0.000000000000000000e+00 1.000000000000000000e+00 8.926282051282051766e-01 0.000000000000000000e+00 9.553903345724906737e-01 0.000000000000000000e+00 8.450704225352112520e-01 0.000000000000000000e+00 
5.524634616449475288e-04 4.135089218616485596e-01 0.000000000000000000e+00 1.000000000000000000e+00 8.926282051282051766e-01 0.000000000000000000e+00 9.588014981273408344e-01 0.000000000000000000e+00 8.431372549019607865e-01 0.000000000000000000e+00 
5.414186161942780018e-04 4.177658855915069580e-01 0.000000000000000000e+00 1.000000000000000000e+00 8.926282051282051766e-01 0.000000000000000000e+00 9.622641509433962348e-01 0.000000000000000000e+00 8.412256267409470301e-01 0.000000000000000000e+00 
5.233658594079315662e-04 4.210313558578491211e-01 0.000000000000000000e+00 1.000000000000000000e+00 8.910256410256410797e-01 0.000000000000000000e+00 9.621212121212121549e-01 0.000000000000000000e+00 8.388888888888889062e-01 0.000000000000000000e+00 
5.148316849954426289e-04 4.233718216419219971e-01 0.000000000000000000e+00 1.000000000000000000e+00 8.926282051282051766e-01 0.000000000000000000e+00 9.657794676806084055e-01 0.000000000000000000e+00 8.393351800554016418e-01 0.000000000000000000e+00 
4.945121472701430321e-04 4.267754256725311279e-01 0.000000000000000000e+00 1.000000000000000000e+00 8.910256410256410797e-01 0.000000000000000000e+00 9.656488549618320594e-01 0.000000000000000000e+00 8.370165745856353867e-01 0.000000000000000000e+00 
4.785291966982185841e-04 4.292876422405242920e-01 0.000000000000000000e+00 1.000000000000000000e+00 8.894230769230768718e-01 0.000000000000000000e+00 9.691119691119690627e-01 0.000000000000000000e+00 8.328767123287671437e-01 0.000000000000000000e+00 
4.644477739930152893e-04 4.282234311103820801e-01 0.000000000000000000e+00 1.000000000000000000e+00 8.926282051282051766e-01 0.000000000000000000e+00 9.693486590038313810e-01 0.000000000000000000e+00 8.374655647382920343e-01 0.000000000000000000e+00 
4.537874774541705847e-04 4.307698905467987061e-01 0.000000000000000000e+00 1.000000000000000000e+00 8.910256410256410797e-01 0.000000000000000000e+00 9.692307692307692291e-01 0.000000000000000000e+00 8.351648351648351953e-01 0.000000000000000000e+00 
4.409922112245112658e-04 4.343251585960388184e-01 0.000000000000000000e+00 1.000000000000000000e+00 8.910256410256410797e-01 0.000000000000000000e+00 9.692307692307692291e-01 0.000000000000000000e+00 8.351648351648351953e-01 0.000000000000000000e+00 
4.309705109335482121e-04 4.359905719757080078e-01 0.000000000000000000e+00 1.000000000000000000e+00 8.862179487179486781e-01 0.000000000000000000e+00 9.688715953307392992e-01 0.000000000000000000e+00 8.283378746594005637e-01 0.000000000000000000e+00 
4.187862796243280172e-04 4.413027763366699219e-01 0.000000000000000000e+00 1.000000000000000000e+00 8.846153846153845812e-01 0.000000000000000000e+00 9.687500000000000000e-01 0.000000000000000000e+00 8.260869565217391353e-01 0.000000000000000000e+00 
4.019371990580111742e-04 4.466442167758941650e-01 0.000000000000000000e+00 1.000000000000000000e+00 8.814102564102563875e-01 0.000000000000000000e+00 9.685039370078739607e-01 0.000000000000000000e+00 8.216216216216216672e-01 0.000000000000000000e+00 
