0.000000000000000000e+00 0.000000000000000000e+00 0.000000000000000000e+00 0.000000000000000000e+00 0.000000000000000000e+00 0.000000000000000000e+00 0.000000000000000000e+00 0.000000000000000000e+00 0.000000000000000000e+00 0.000000000000000000e+00 4.999999999999999445e-01 4.999999999999999445e-01 4.999999999999999445e-01 4.999999999999999445e-01 4.999999999999999445e-01 4.999999999999999445e-01 4.999999999999999445e-01 4.999999999999999445e-01 4.999999999999999445e-01 4.999999999999999445e-01 4.999999999999999445e-01 4.999999999999999445e-01 4.999999999999999445e-01 4.999999999999999445e-01 4.999999999999999445e-01 4.999999999999999445e-01 4.999999999999999445e-01 4.999999999999999445e-01 4.999999999999999445e-01 0.000000000000000000e+00 0.000000000000000000e+00 0.000000000000000000e+00 0.000000000000000000e+00 0.000000000000000000e+00 0.000000000000000000e+00 0.000000000000000000e+00 0.000000000000000000e+00 0.000000000000000000e+00 
0.000000000000000000e+00 0.000000000000000000e+00 0.000000000000000000e+00 0.000000000000000000e+00 9.183673469387755584e-02 9.035714285714283589e-01 8.482843428746790204e-01 7.874974525366327249e-01 7.314796336282283207e-01 6.806254649525121936e-01 6.076319066813329339e-01 5.877255675924613065e-01 5.973080643715250604e-01 6.122847144853794665e-01 6.169090735824109828e-01 6.169217687074829426e-01 6.169217687074829426e-01 6.169217687074829426e-01 6.169217687074829426e-01 6.169217687074829426e-01 6.169217687074829426e-01 6.169217687074829426e-01 6.169217687074829426e-01 6.168108113151216099e-01 6.145040114781571416e-01 6.074528605571625217e-01 5.976791004779926642e-01 5.890420550421809898e-01 5.862532396183637307e-01 6.260310064163383537e-01 6.764385328220975380e-01 7.331564337286222699e-01 7.990267668839095005e-01 1.020408163265306041e-02 0.000000000000000000e+00 0.000000000000000000e+00 0.000000000000000000e+00 0.000000000000000000e+00 
0.000000000000000000e+00 9.636330677737451333e-01 8.995010759821940871e-01 8.567061058519044314e-01 8.269546097105200388e-01 7.989553473982808907e-01 7.736287508782849764e-01 7.516855120286313197e-01 7.311769561350535129e-01 7.092805185636215093e-01 7.000530335560302131e-01 6.956589305804680157e-01 6.926960822856892408e-01 6.941620385517633940e-01 6.981857685107486500e-01 7.069621981888302154e-01 7.217019316050481414e-01 7.343698431722898157e-01 7.349064625850341148e-01 7.349064625850341148e-01 7.224953769698698736e-01 7.020041988018750345e-01 6.940879990490851359e-01 6.916873648539672015e-01 6.959481705452343903e-01 7.056330269332965477e-01 7.194443593304593598e-01 7.389584003736775486e-01 7.676610341657312819e-01 7.885636105070437107e-01 8.077831251649005839e-01 8.306101005578255814e-01 8.511427170237455542e-01 8.789753569878668849e-01 9.081234329859687593e-01 9.332982881902855965e-01 4.795918367346938549e-01 0.000000000000000000e+00 
4.693877551020408379e-01 9.628594021620676680e-01 9.392212501327018570e-01 9.176225998381345450e-01 8.955493128162204108e-01 8.784519969859181376e-01 8.617769096526382011e-01 8.456502656469312429e-01 8.279863145719363882e-01 8.126098022789440822e-01 7.898003841548284498e-01 7.723141097831921487e-01 7.567891713396031061e-01 7.455137482855173081e-01 7.389585104435981711e-01 7.367632950608259401e-01 7.407616390403873874e-01 7.560955681649240701e-01 7.816683244122178964e-01 7.814332000869920192e-01 7.623357330890618844e-01 7.489318266293167881e-01 7.412197991749445158e-01 7.383688757911999190e-01 7.370839820319071700e-01 7.380841921311201981e-01 7.415293379667667883e-01 7.485704884871390297e-01 7.569774828860577065e-01 7.747313228536677476e-01 7.921082449278009641e-01 8.123750566909825332e-01 8.339142493631007680e-01 8.557366507056164417e-01 8.798079509646437035e-01 9.106816423167221064e-01 9.476159419038234777e-01 2.551020408163265363e-01 
9.839117753656233534e-01 9.560666513355275953e-01 9.300118792269701506e-01 9.085741212068829675e-01 8.852839464236333944e-01 8.675932655901927859e-01 8.498259567209653920e-01 8.337377113099141424e-01 8.173122188323107551e-01 8.005875556893055078e-01 7.888917138456535971e-01 7.806024453345140612e-01 7.748983750448861230e-01 7.713993354914439049e-01 7.714462951618952236e-01 7.723467702324786632e-01 7.770375067822081760e-01 7.869998373462103736e-01 8.071692253781459492e-01 8.043987745608424111e-01 7.811813565901298828e-01 7.720888048426540751e-01 7.699581915221743733e-01 7.743275433949848852e-01 7.797657519808989246e-01 7.886555967681248003e-01 7.996449511391778842e-01 8.143066446246896017e-01 8.329732688148246966e-01 8.493813660874524052e-01 8.644428474339060919e-01 8.795474536563587797e-01 8.944414426508672245e-01 9.076841377758233520e-01 9.250498175869665829e-01 9.424074775497194301e-01 9.645821030866250645e-01 9.905784991319204202e-01 
9.820319441473059907e-01 9.619473905184867668e-01 9.442214944306195346e-01 9.311287170029034499e-01 9.181035796873369126e-01 9.041785764789235236e-01 8.913621948926074845e-01 8.803416003220929653e-01 8.683508240392806554e-01 8.566865187019967465e-01 8.414291774301175808e-01 8.282416129795828752e-01 8.174413478037548808e-01 8.082685567357820178e-01 8.014833411744884950e-01 7.979377985873536971e-01 7.951038191995009052e-01 7.978842720530581190e-01 8.120220812076572869e-01 8.187321337196414861e-01 8.023847854637039534e-01 7.973341856512889958e-01 7.949573277337314003e-01 7.959698193121891308e-01 8.000443889775398221e-01 8.050543872814054369e-01 8.104684391213916594e-01 8.178686755465292002e-01 8.268389211717339649e-01 8.407706290973065988e-01 8.549260241264492466e-01 8.687616984328926373e-01 8.828701339893265665e-01 8.969692027426333647e-01 9.108842296599619637e-01 9.299352949187645878e-01 9.493863670420248368e-01 9.796356117695501631e-01 
9.892758354173833979e-01 9.760095158404770155e-01 9.627995552558418213e-01 9.513311162419262335e-01 9.422143611882555225e-01 9.310600894711670295e-01 9.217601673412909591e-01 9.120431757907355719e-01 9.018553058559299895e-01 8.923539450096253933e-01 8.749098168422924093e-01 8.596325310012541410e-01 8.456885786157154472e-01 8.337539189473248680e-01 8.230814543370024161e-01 8.172902402625592533e-01 8.122078959411045407e-01 8.127248089029560640e-01 8.227756866124441570e-01 8.368195233766547725e-01 8.226245997381851360e-01 8.165028826682695362e-01 8.138643680693868898e-01 8.127140212401977593e-01 8.141444920567950660e-01 8.160552920887251815e-01 8.194876365774643734e-01 8.244991752695630671e-01 8.299369824923458205e-01 8.431246110994540244e-01 8.568370987616689138e-01 8.712520927192823894e-01 8.859609147997112855e-01 9.027276496359960545e-01 9.162681921864801460e-01 9.335265111640348445e-01 9.508878094521521218e-01 9.767720395144815493e-01 
9.869412296181784283e-01 9.724483635764451517e-01 9.582674730970790478e-01 9.471972537779985712e-01 9.360380208118417311e-01 9.285315268682188261e-01 9.179479453864517469e-01 9.075818909348052355e-01 8.969827724957415427e-01 8.856933419010772912e-01 8.730290415521890779e-01 8.630907916074809227e-01 8.540155036791345911e-01 8.466885462830341380e-01 8.427736668618959204e-01 8.385013426972027784e-01 8.362911940116039000e-01 8.376376844458333082e-01 8.453035012445700991e-01 8.514328813977831700e-01 8.403690210421458362e-01 8.378247525171947929e-01 8.379888975872636925e-01 8.408538913706018469e-01 8.426466466226241181e-01 8.481568345951381316e-01 8.545300822964270182e-01 8.623723158796244848e-01 8.723063185279646969e-01 8.848355490673919244e-01 8.963369384393691242e-01 9.083597454003022875e-01 9.199193654425125155e-01 9.289861600472344438e-01 9.411177557744182520e-01 9.533235501437652415e-01 9.664009645227896739e-01 9.856311908737269700e-01 
9.829506778123006105e-01 9.655501319174912833e-01 9.516474686159479557e-01 9.388807660131588406e-01 9.257206332464961163e-01 9.126063635124196383e-01 9.014670663143402596e-01 8.901461449212062504e-01 8.788697415581927519e-01 8.676947523356982606e-01 8.621837604053187443e-01 8.561966583654735397e-01 8.524319523432150048e-01 8.488567420229734539e-01 8.461161613452300445e-01 8.453905606172663623e-01 8.478096709215083848e-01 8.505437812805871634e-01 8.590932632540954073e-01 8.540587971729124428e-01 8.471014078115420842e-01 8.479972736292762381e-01 8.522549379469784858e-01 8.589873638965314084e-01 8.678994133520079313e-01 8.768288644478157146e-01 8.874019383937546968e-01 8.992061899273139369e-01 9.121598967152477755e-01 9.200121754184522604e-01 9.296152014608214387e-01 9.374397757768428985e-01 9.462238858420470855e-01 9.553411357868063503e-01 9.636565584501178838e-01 9.697030946236024906e-01 9.797082580338960511e-01 9.925430082845621005e-01 
9.864567217347637307e-01 9.755683874410441270e-01 9.654001589927214688e-01 9.560828470318598615e-01 9.464818946793726040e-01 9.383530963464959962e-01 9.303072648304862025e-01 9.216134019275797895e-01 9.137933760847534170e-01 9.044011613228101210e-01 8.949254441749620037e-01 8.859695724771696757e-01 8.781531151461828832e-01 8.711340412286885382e-01 8.648232683677078425e-01 8.610576773471626533e-01 8.586185002189936633e-01 8.580113823551855923e-01 8.617519581528497730e-01 8.653679074435960406e-01 8.587304977227930847e-01 8.577518116294414741e-01 8.594743011987480141e-01 8.633094705319955819e-01 8.671194362253406007e-01 8.719710067224091254e-01 8.781791762174731009e-01 8.844803129380398588e-01 8.929164382879499762e-01 9.022598767288095845e-01 9.119654793760910705e-01 9.215339422901364097e-01 9.313907898933071472e-01 9.416617615168945132e-01 9.502869250990775285e-01 9.593388133414666452e-01 9.699532025841282046e-01 9.841573625726069974e-01 
9.877157480245726262e-01 9.767882534705522035e-01 9.667581286010999975e-01 9.568769200341347148e-01 9.469778067832459456e-01 9.381525893002452543e-01 9.295095713494243572e-01 9.205809710198689100e-01 9.103800978981497760e-01 9.003845905093603719e-01 8.913703913542515567e-01 8.842598454176046063e-01 8.765933482083760886e-01 8.720865610232431120e-01 8.684833076080802350e-01 8.654573928447185649e-01 8.659439869803642331e-01 8.660993206852467541e-01 8.725770558767719232e-01 8.728281073218808750e-01 8.669175464181293478e-01 8.668425247408356737e-01 8.693626037945626495e-01 8.738847836643989231e-01 8.790085841479798878e-01 8.851990182725268941e-01 8.922286379742535578e-01 9.013200553179927521e-01 9.110355215502711212e-01 9.210996011830331343e-01 9.298269758094117599e-01 9.405337572695969817e-01 9.482068858807137790e-01 9.561394212491807210e-01 9.648428171695732081e-01 9.708395580292404903e-01 9.809231389306924953e-01 9.902673216217592334e-01 
9.859855076748217373e-01 9.749261573201533082e-01 9.655713484147009362e-01 9.559463438282107539e-01 9.477956753062158901e-01 9.395388585379671476e-01 9.306563520655867228e-01 9.221549122448261526e-01 9.118005218991886984e-01 9.023888483243587277e-01 8.948307294937420941e-01 8.892910652618329914e-01 8.835423434735422132e-01 8.792557106802396660e-01 8.759225299379418406e-01 8.742264295547245156e-01 8.730162778489138908e-01 8.739548753676004145e-01 8.796039574936980188e-01 8.782277295626448321e-01 8.747937531910524589e-01 8.756992845575194417e-01 8.796196880073324786e-01 8.838559593443424678e-01 8.892930061102741757e-01 8.961950547782250309e-01 9.035242654029913556e-01 9.134758263568258929e-01 9.233696426553316128e-01 9.321875916264394935e-01 9.395106938549354636e-01 9.478563495026027796e-01 9.552243633739754269e-01 9.624510919700799416e-01 9.688739383538768069e-01 9.763335267422467156e-01 9.834721121633287488e-01 9.907224754931471811e-01 
9.883049196057962504e-01 9.767647270002184356e-01 9.671127580609829577e-01 9.579997864080952441e-01 9.498197702886215232e-01 9.412512576408006426e-01 9.320109214575311718e-01 9.230749339898447481e-01 9.135382838019074914e-01 9.040031157705535891e-01 8.985341985252072172e-01 8.937740335563745253e-01 8.889182280524978719e-01 8.852523987662546112e-01 8.829016596676902973e-01 8.812641529220646142e-01 8.798770690118142834e-01 8.809295562849095429e-01 8.869293659790956630e-01 8.841645056906699551e-01 8.812771256872488079e-01 8.829902782177631027e-01 8.867050957528082034e-01 8.914108851477217099e-01 8.973446272103218213e-01 9.047779184346522729e-01 9.128799981842014022e-01 9.223606598777697174e-01 9.328102171091746664e-01 9.395804417742694703e-01 9.461387935330796140e-01 9.534113387967527720e-01 9.602684127761389465e-01 9.664591381554358263e-01 9.726300031896550902e-01 9.805560350076472087e-01 9.874559354221319474e-01 9.937708672347193017e-01 
9.888761975198012699e-01 9.817220539293899373e-01 9.735438188119316383e-01 9.677202949109859897e-01 9.606372437736335756e-01 9.551428454717253436e-01 9.478822560556268151e-01 9.420721484136598267e-01 9.364906146610503246e-01 9.293139983218599021e-01 9.226551820654261826e-01 9.157485483072133059e-01 9.089983753356637441e-01 9.038611958800245594e-01 8.981453086770463390e-01 8.939803087097868417e-01 8.907130071283538841e-01 8.885643247499971364e-01 8.896874107636131290e-01 8.926332176950083630e-01 8.891209009265857999e-01 8.904777816312814398e-01 8.919808823406588649e-01 8.954333298570730237e-01 8.985769396305987033e-01 9.038252615825542735e-01 9.083605571091932784e-01 9.130049087252487539e-01 9.195978079013309436e-01 9.262190400974673610e-01 9.337049923239074678e-01 9.413940922375118037e-01 9.480643033504163597e-01 9.561044432101242219e-01 9.631126353909564841e-01 9.705102284322507655e-01 9.783026155069952656e-01 9.879612636147783178e-01 
9.876473122149386219e-01 9.792102471952073284e-01 9.712686415321137856e-01 9.630080993786649390e-01 9.570530271183174120e-01 9.503772373584856714e-01 9.432906133151544026e-01 9.361414952597041372e-01 9.289432639785739632e-01 9.207690511241856113e-01 9.135692131979149533e-01 9.077012793072057883e-01 9.023988640253038929e-01 8.982909409352259900e-01 8.940790962743895287e-01 8.909891159201998034e-01 8.895049300408436332e-01 8.885093221239888095e-01 8.910074618930435841e-01 8.913517328321421962e-01 8.894706463196024870e-01 8.911511621601279076e-01 8.950433292157091714e-01 8.984677756180027286e-01 9.032536865206757248e-01 9.088261830455861556e-01 9.149872927048471327e-01 9.217221631590443165e-01 9.299512763899920875e-01 9.377660855128705508e-01 9.446612206490426766e-01 9.515219930611001908e-01 9.573743741188005529e-01 9.641182532950263173e-01 9.704005602745205961e-01 9.758721903474524284e-01 9.832227221029645747e-01 9.907988024581806386e-01 
9.869703647835054161e-01 9.777027804202229611e-01 9.687209860160052033e-01 9.609078656735415835e-01 9.517154113268171400e-01 9.441747629967048860e-01 9.370777581505573828e-01 9.291734378644768144e-01 9.212503587924966153e-01 9.127249601643688814e-01 9.067825532829048019e-01 9.027569189402194771e-01 8.994049231117500209e-01 8.963164129821270532e-01 8.948692425214828106e-01 8.933344742547337791e-01 8.924517908922502407e-01 8.929381526788616741e-01 8.972268392166691253e-01 8.940977037076018874e-01 8.933170063328929045e-01 8.968360465756987088e-01 9.011968246920940562e-01 9.079958053975440979e-01 9.140978723702298803e-01 9.204854120338871182e-01 9.281028976838880951e-01 9.364414365823179320e-01 9.460442897118287453e-01 9.533251774794918587e-01 9.587096717257623801e-01 9.639286406213870562e-01 9.693263496682775759e-01 9.731679855163605231e-01 9.782834804842361898e-01 9.834977475232113964e-01 9.888161925502997329e-01 9.934204701995975606e-01 
9.893362887093758440e-01 9.824052199214138303e-01 9.746829799578272668e-01 9.671769905514178145e-01 9.616813987309764666e-01 9.552183086820132951e-01 9.475027768391189875e-01 9.398740159206037115e-01 9.335328807583990196e-01 9.266106048062299205e-01 9.208482785437919205e-01 9.146231858182005681e-01 9.103827496879275394e-01 9.070962557740087640e-01 9.037243197267181838e-01 9.012071564120511802e-01 9.000079796668654097e-01 8.996435897179955177e-01 9.022407693667745532e-01 9.022316643994178209e-01 9.003869629752487835e-01 9.027107076679374842e-01 9.065140545454434262e-01 9.096530496539130262e-01 9.143161374176613787e-01 9.206887771338884141e-01 9.274893718226784323e-01 9.336992383657645167e-01 9.408212907260106173e-01 9.471168297025003291e-01 9.545296402019602944e-01 9.600713475106970041e-01 9.652131149013538636e-01 9.710150307838393280e-01 9.763664842719914638e-01 9.810504597213914879e-01 9.869260588096323561e-01 9.929154665952475423e-01 
9.914700664924627205e-01 9.852629924275559947e-01 9.786873055466570603e-01 9.720513590390059688e-01 9.660647310359934403e-01 9.596340274547218163e-01 9.526146472992665926e-01 9.458373207928830739e-01 9.392146532112306545e-01 9.328851026610549546e-01 9.264945502759397433e-01 9.202781910152868505e-01 9.151716353803451831e-01 9.118267224301042084e-01 9.073501523089295695e-01 9.032289890507467778e-01 9.006397464387712049e-01 9.009390265429593203e-01 9.021710088814216544e-01 9.031190324591571450e-01 9.005771050897103391e-01 9.019229050031839501e-01 9.046940348409624466e-01 9.079246927840382009e-01 9.122801530958721816e-01 9.176858286081761573e-01 9.235575837663173582e-01 9.296346856119133140e-01 9.358489969484635740e-01 9.426378552533403177e-01 9.496438113067408038e-01 9.558108768774472574e-01 9.605733790285133633e-01 9.673499903093969454e-01 9.745537152477221632e-01 9.809636917221485897e-01 9.848429234113281749e-01 9.924579525576865402e-01 
9.941927628408591122e-01 9.905281430001685594e-01 9.867171067675991614e-01 9.826865004081882793e-01 9.784422540101458399e-01 9.747731563563483137e-01 9.688239319328668664e-01 9.641026070481245602e-01 9.599766797651158035e-01 9.543067870431030109e-01 9.448659045836140802e-01 9.362250975212121906e-01 9.275428694747545055e-01 9.210998345492877881e-01 9.156228703283776360e-01 9.101511772459013327e-01 9.061746992808630274e-01 9.026130813112546170e-01 9.020405067702508273e-01 9.080812744192107155e-01 9.037086382734113021e-01 9.023685114087214298e-01 9.027061394620392587e-01 9.038418849225285934e-01 9.051313176767137314e-01 9.085246021589943322e-01 9.115802533668148078e-01 9.144993377827328462e-01 9.190306535332876114e-01 9.272361591972667627e-01 9.354597433772098292e-01 9.443365079422160191e-01 9.515450974709173115e-01 9.582814591354379408e-01 9.656362298513799791e-01 9.723156127167866813e-01 9.801601943001373440e-01 9.883299626568268215e-01 
9.919618557221449029e-01 9.866575431333273194e-01 9.814978753626920627e-01 9.762559935009667011e-01 9.712302488503012921e-01 9.653395304035171653e-01 9.610418905903080899e-01 9.552109269923780843e-01 9.490635138824786710e-01 9.427692006535216551e-01 9.368291258542575939e-01 9.317420070833507539e-01 9.261667314042507648e-01 9.223976180270889724e-01 9.184737103484511556e-01 9.149297974473383777e-01 9.126560371313910958e-01 9.116127135135557724e-01 9.124706483355927711e-01 9.134450210412164983e-01 9.120722076660617850e-01 9.130147913693409389e-01 9.152952853392471999e-01 9.181294769117132049e-01 9.221538786339837923e-01 9.253860829832935009e-01 9.303081562155189888e-01 9.358021487047115672e-01 9.418926616618159553e-01 9.478575988463980861e-01 9.534027799758312272e-01 9.599521856216963744e-01 9.647796546909674920e-01 9.703913702441858691e-01 9.760968513514755029e-01 9.813374314854952374e-01 9.863951984600785039e-01 9.926181441171616493e-01 
9.887085079435963264e-01 9.798357676372787539e-01 9.714865293565526638e-01 9.643694252281772572e-01 9.569082882741947182e-01 9.495346902558897684e-01 9.426886141890000737e-01 9.357438453514824728e-01 9.280746875290976083e-01 9.199412658281723720e-01 9.159274827516808992e-01 9.131380460578786273e-01 9.108187068475891435e-01 9.085988858256166534e-01 9.071743731554738899e-01 9.063348621667213223e-01 9.062125723490443985e-01 9.064720213886052758e-01 9.094727409732465961e-01 9.063535803657660761e-01 9.079173031991161213e-01 9.121062038455993726e-01 9.168707983941734030e-01 9.227502287038150675e-01 9.293181037660865895e-01 9.359795265104938755e-01 9.430178883013374813e-01 9.513466652359422460e-01 9.605659400163374384e-01 9.657614164284887837e-01 9.697379401636523344e-01 9.735630100638870132e-01 9.776133592731948152e-01 9.811336755098351015e-01 9.844486411202780785e-01 9.876083067801904036e-01 9.917859832553762578e-01 9.954875787075408988e-01 
9.932052267173914206e-01 9.888119988895500700e-01 9.837373724867711777e-01 9.788322415648503805e-01 9.740385863496983099e-01 9.695566544467554282e-01 9.635379481054007211e-01 9.576542864873501815e-01 9.522151094795602289e-01 9.469146239240684437e-01 9.403969527745682511e-01 9.348118987987207307e-01 9.308361763667614142e-01 9.268384922233959822e-01 9.232424099081708579e-01 9.202526191322217830e-01 9.180050767606398043e-01 9.159237379906683962e-01 9.159348020219664210e-01 9.177939219735559151e-01 9.155986547055566804e-01 9.166157153389001833e-01 9.185409734975142904e-01 9.213172748738702733e-01 9.243786510426117431e-01 9.289677741808275435e-01 9.340007442371122126e-01 9.388419035222631548e-01 9.439145825398137513e-01 9.506011444326720738e-01 9.566372757255043879e-01 9.611758569627677495e-01 9.662192542609345791e-01 9.711220893650700514e-01 9.758225524387681427e-01 9.806133722798032748e-01 9.865705251410787913e-01 9.928095152937710388e-01 
9.926961651844374845e-01 9.870876859282876614e-01 9.832652465972322453e-01 9.794896073364962596e-01 9.757423955215153155e-01 9.712405711349839654e-01 9.672104997977543084e-01 9.623922974211301939e-01 9.579891106628489750e-01 9.525821951693033141e-01 9.463137400587058323e-01 9.403136325883323376e-01 9.356219036689125135e-01 9.313942788744100643e-01 9.272570742732337834e-01 9.239530440877292694e-01 9.203540592746005666e-01 9.161776357652533509e-01 9.147602585068088654e-01 9.156147225897650621e-01 9.151373916111528173e-01 9.155654932392687240e-01 9.170101469862272925e-01 9.190718256684591303e-01 9.219143117946514421e-01 9.248089279922450112e-01 9.286106240327755001e-01 9.323789774229258587e-01 9.372522173983572902e-01 9.434063119988437274e-01 9.494014106703075884e-01 9.543723475914998033e-01 9.592179087869886489e-01 9.642981315268496223e-01 9.688112498130436734e-01 9.744415620387704147e-01 9.819329021867018170e-01 9.888722652581928285e-01 
9.924494580724778636e-01 9.888639836950711137e-01 9.849678701208135490e-01 9.812011597271619312e-01 9.770960001069202150e-01 9.723576879086710534e-01 9.677656685010294080e-01 9.624274751060795108e-01 9.574709849114458882e-01 9.537222395383314621e-01 9.480324357807371483e-01 9.435479408751389352e-01 9.395158339467885034e-01 9.351211308286215829e-01 9.303882310017668189e-01 9.271829912015574493e-01 9.237806442362028747e-01 9.207541974293440568e-01 9.194432472591411720e-01 9.214990224632133575e-01 9.195329685798129260e-01 9.203009668216216577e-01 9.218699922206434749e-01 9.240354575909701662e-01 9.273546422216485396e-01 9.307393577508249471e-01 9.350706120855952763e-01 9.394253796492297859e-01 9.429374244262292981e-01 9.485493255773390642e-01 9.531805428778792333e-01 9.574933860822240073e-01 9.625419352775583803e-01 9.683527171443376824e-01 9.729422489582494338e-01 9.783036530527293717e-01 9.847851113633849796e-01 9.917819054287676517e-01 
9.947186443508111431e-01 9.900857442514606754e-01 9.871136316060242777e-01 9.837569848704503794e-01 9.806257007962200234e-01 9.757485523946676231e-01 9.713588186938481028e-01 9.671797442309026938e-01 9.615726953867494986e-01 9.562637885979868857e-01 9.502735093044814008e-01 9.448411844006996407e-01 9.398929604800659865e-01 9.357817119271832906e-01 9.311277237183587241e-01 9.271818656765410394e-01 9.229550096857758179e-01 9.198730843775217991e-01 9.195007162008758117e-01 9.226621183084481315e-01 9.208702124970207237e-01 9.204242681376902935e-01 9.212377221429965957e-01 9.224132768371555713e-01 9.254918595280675619e-01 9.285979000923119120e-01 9.317814788281382210e-01 9.365674920162068151e-01 9.412660844038516217e-01 9.470712567144511373e-01 9.524535389740451663e-01 9.578365520730015570e-01 9.625241008838251178e-01 9.681787218533004502e-01 9.736674087094240315e-01 9.801850109713238224e-01 9.870569792302433809e-01 9.931234448059582665e-01 
9.939220868303682010e-01 9.894920505259635624e-01 9.859600836730366691e-01 9.825463665791380752e-01 9.788579123913090374e-01 9.748688676312735613e-01 9.703934841217091156e-01 9.654845422971259916e-01 9.605551987053800866e-01 9.568188187661158528e-01 9.497286689563830819e-01 9.443811759377116477e-01 9.390720406377112139e-01 9.343863559514304917e-01 9.313257789300408707e-01 9.272196347990634413e-01 9.238986009633166629e-01 9.213320578423954688e-01 9.196441255650853464e-01 9.212261309044957880e-01 9.198843091566588637e-01 9.200818520044810045e-01 9.211997621904723932e-01 9.230145947508157089e-01 9.254206829814283219e-01 9.286409635016231734e-01 9.324650330517747499e-01 9.367728364640516281e-01 9.401340123791550596e-01 9.468763620904235845e-01 9.523056423069047316e-01 9.579699275341440057e-01 9.634101144429640939e-01 9.672435047637903960e-01 9.728375160881104211e-01 9.782099842972490356e-01 9.839610162105856261e-01 9.907843276864671811e-01 
9.922504278566711688e-01 9.870375645038960144e-01 9.820161741863911997e-01 9.785507382204041704e-01 9.729586820882890619e-01 9.692579954328843783e-01 9.644710481680968117e-01 9.596235223823655902e-01 9.547740341280752663e-01 9.496708058396653440e-01 9.451676024846339397e-01 9.403821730744813534e-01 9.377929329860227314e-01 9.346442907201421013e-01 9.317501274636674768e-01 9.291277322952009587e-01 9.266407810425331126e-01 9.247089392638433436e-01 9.245111905614663561e-01 9.251914980412155876e-01 9.254560938720258756e-01 9.273586459260153569e-01 9.291499166921354247e-01 9.332804950143268607e-01 9.360727594684656871e-01 9.400948079465059060e-01 9.444795609394099900e-01 9.491409830218386912e-01 9.542850814391375946e-01 9.588870744208837227e-01 9.641336750113016496e-01 9.673060458272910722e-01 9.712891162639892828e-01 9.753073476581957113e-01 9.792923882556300308e-01 9.840068723861515876e-01 9.889906278763586078e-01 9.941492976796370007e-01 
9.942411199402714228e-01 9.901708507265651882e-01 9.868914028952290307e-01 9.838547934717661869e-01 9.787748593711561584e-01 9.755091702009154320e-01 9.705424805484572648e-01 9.650656681499656386e-01 9.603345158547772487e-01 9.550644897412785550e-01 9.504109929434401138e-01 9.448632460291594981e-01 9.416017744667395384e-01 9.364987656373273683e-01 9.323435493107146144e-01 9.289309657056393776e-01 9.262504629567591685e-01 9.239763679434261912e-01 9.228903379088045922e-01 9.253256567784431397e-01 9.237136378685074645e-01 9.237365185652920418e-01 9.246288987333594056e-01 9.276381020927384480e-01 9.297499893413434524e-01 9.335490042147143175e-01 9.380821407152145630e-01 9.422422962944265734e-01 9.471738833189718987e-01 9.516871508189236328e-01 9.573552298752506795e-01 9.609248434161292707e-01 9.666504690030855995e-01 9.717885527015756031e-01 9.767820586134456917e-01 9.813981156771253156e-01 9.868044599333112288e-01 9.931136078486945129e-01 
9.920540154088590690e-01 9.875794549450022108e-01 9.833322271675081216e-01 9.793928240571661004e-01 9.757743498079196609e-01 9.708913285099938228e-01 9.663416450868158591e-01 9.626021634028252283e-01 9.579662888337934223e-01 9.533720628138847575e-01 9.489728728724085016e-01 9.454876650689121309e-01 9.412161602494562018e-01 9.375263092966208411e-01 9.342700615462561364e-01 9.313438438530241559e-01 9.290836766462373664e-01 9.259726938617395264e-01 9.260183767751537509e-01 9.270419297026279981e-01 9.269891322172143511e-01 9.286004008330555060e-01 9.308809469764034450e-01 9.332552725064474641e-01 9.371124628512523813e-01 9.408502831468887884e-01 9.441747946125318425e-01 9.485413153142601139e-01 9.530627095721621034e-01 9.575881969500726898e-01 9.614117304056319924e-01 9.661694346897555796e-01 9.705847773940939893e-01 9.747808928672310191e-01 9.789385518718026757e-01 9.829244787442329434e-01 9.889687001345340844e-01 9.933449794360215135e-01 
9.945894511574719932e-01 9.907157701533813032e-01 9.880999056758910104e-01 9.855254859562369019e-01 9.821560396683353122e-01 9.793254379637060802e-01 9.763638805609430316e-01 9.736033910683498105e-01 9.702481727416474300e-01 9.669579761884644631e-01 9.605285747249260320e-01 9.561369676283176799e-01 9.506350947761783576e-01 9.464547069613342689e-01 9.421193780468369861e-01 9.379057255621541245e-01 9.334182734582828767e-01 9.290745123210131240e-01 9.251935441638021729e-01 9.261419130754556805e-01 9.255171026417372548e-01 9.255111074276054506e-01 9.263917789872604391e-01 9.280480638264857474e-01 9.297612190895844231e-01 9.316821343210469619e-01 9.337452822273464292e-01 9.364085609185093251e-01 9.392155301821019098e-01 9.452603439954719855e-01 9.494664174187297245e-01 9.547265498005066409e-01 9.590208910298053668e-01 9.637789084807334428e-01 9.686667308509541163e-01 9.741210952175308746e-01 9.805773473351118152e-01 9.887170187081317785e-01 
9.917499127712356977e-01 9.872362705892050450e-01 9.812379113157736477e-01 9.761933223026018069e-01 9.710462994142138315e-01 9.661587745100046476e-01 9.605764091321613574e-01 9.546551220650782987e-01 9.483144280374645740e-01 9.422560373160052682e-01 9.385374626057063630e-01 9.358661986390474086e-01 9.327245238986179299e-01 9.301408797970891484e-01 9.279644324894750218e-01 9.263799393896973156e-01 9.255628622714640041e-01 9.255304310288214875e-01 9.271005794578341952e-01 9.265424848397731949e-01 9.263190576280209143e-01 9.294513206870490540e-01 9.326778528946580993e-01 9.365960034581722882e-01 9.406729611774107269e-01 9.457843461742200253e-01 9.514825179752136597e-01 9.579576456935020579e-01 9.645051642855202445e-01 9.688511585166857953e-01 9.721478134494906387e-01 9.762246314648073131e-01 9.799528674220786550e-01 9.835348252502366106e-01 9.868698654439812534e-01 9.899076175981567083e-01 9.931562303487272425e-01 9.966541889506874696e-01 
9.904386017972380829e-01 9.844023654768643272e-01 9.788009923551421743e-01 9.732593999018722686e-01 9.683045115715935847e-01 9.631349273983303982e-01 9.573905394794952617e-01 9.514953638146868009e-01 9.460342597289416178e-01 9.399196928744999457e-01 9.363425708469680364e-01 9.346301548109654522e-01 9.322076118295550273e-01 9.296598858589166792e-01 9.273038907599777669e-01 9.250560255130400034e-01 9.244687908968662882e-01 9.238468165933449994e-01 9.250753270653198079e-01 9.250618638713082875e-01 9.265703035855623604e-01 9.298334084150130519e-01 9.339054778160754688e-01 9.380177478386757528e-01 9.424907379895530735e-01 9.479035618808487884e-01 9.537280040557629679e-01 9.594461224305638192e-01 9.661052151810807231e-01 9.702984246137295044e-01 9.725549388521808059e-01 9.757934005771741193e-01 9.793795363709264512e-01 9.831337144783300896e-01 9.873681690187655624e-01 9.898460085238132145e-01 9.932051825769168119e-01 9.965320682142820852e-01 
9.916963610926240458e-01 9.867313491914557755e-01 9.827775655994674953e-01 9.781831580653922442e-01 9.739520396183192208e-01 9.690839472240944108e-01 9.647101370251686125e-01 9.604946405098198081e-01 9.560124785123695901e-01 9.518032629821679969e-01 9.480625125902125694e-01 9.450263318965504977e-01 9.419877963735685533e-01 9.394641031413952792e-01 9.367443421372533274e-01 9.338000385095478473e-01 9.316492746943382253e-01 9.303556834726052216e-01 9.303084290467091844e-01 9.307017129349839379e-01 9.317196727362196951e-01 9.335885229273808150e-01 9.367064206176461960e-01 9.399505166264868761e-01 9.441660355298362450e-01 9.480853768507406798e-01 9.520200946460792846e-01 9.563463600807200482e-01 9.607320638212799579e-01 9.647426165357154693e-01 9.681951497289162933e-01 9.718009132503041547e-01 9.749615129854605211e-01 9.784856362430962573e-01 9.828385114122458743e-01 9.868105414463913538e-01 9.907229365469953919e-01 9.953508820711975957e-01 
9.916341151037394441e-01 9.875288796606710440e-01 9.817290757700293247e-01 9.769795631970169536e-01 9.727790942432201771e-01 9.686081442780840600e-01 9.639959819825998366e-01 9.596397927922860616e-01 9.540580639853486478e-01 9.499097884545566473e-01 9.460803222530074219e-01 9.436400832829231478e-01 9.408820815830646334e-01 9.377211064205732693e-01 9.355922413509842883e-01 9.334443524076013743e-01 9.319134763081702300e-01 9.301551729538790614e-01 9.301275070223388175e-01 9.308817058758489527e-01 9.311565415971015947e-01 9.344445229403451902e-01 9.377871905739952885e-01 9.410957890314899377e-01 9.446040692769246405e-01 9.487924381742568469e-01 9.529302165403108482e-01 9.584484482115294135e-01 9.630056794798687037e-01 9.672596767774900295e-01 9.700918100401522137e-01 9.734979745081303593e-01 9.774652557575690404e-01 9.803910702289955204e-01 9.837357238778835500e-01 9.868320171279219011e-01 9.912125726878561194e-01 9.955718603811626322e-01 
9.959717560935411607e-01 9.922097414696655626e-01 9.888748952324885044e-01 9.863177032851782045e-01 9.834133984849667831e-01 9.803619677164506774e-01 9.769867355771515438e-01 9.732249444214825518e-01 9.702413097517592622e-01 9.670891374341166191e-01 9.608779418360509084e-01 9.554983936889356322e-01 9.515774293890307822e-01 9.475268653880315473e-01 9.437172368814996659e-01 9.400076814172186879e-01 9.364303008819269136e-01 9.324049554403601725e-01 9.304310723378362846e-01 9.317391540076508383e-01 9.310137972069991719e-01 9.317468989222636999e-01 9.326292383558740795e-01 9.340452358703781321e-01 9.360071049269498289e-01 9.385498679484696183e-01 9.414796795217148517e-01 9.439442317952265737e-01 9.466790969752347795e-01 9.525017555959919280e-01 9.577906196015896212e-01 9.618566436735428438e-01 9.662834249529580477e-01 9.706412450806108927e-01 9.751444695593350920e-01 9.799891938106430889e-01 9.862460008528263211e-01 9.925599461362346609e-01 
9.929519342082043787e-01 9.874451682264169250e-01 9.833090462764060291e-01 9.788253005258755746e-01 9.753865096930971479e-01 9.727039652504002598e-01 9.678243350209048135e-01 9.646400417927387672e-01 9.608267089168044395e-01 9.573340994630376022e-01 9.541616040414144795e-01 9.501719403624286908e-01 9.460971282382468761e-01 9.442022666644367401e-01 9.414431589552908486e-01 9.387580547410119269e-01 9.366781059537846454e-01 9.344939053924097294e-01 9.335276024160746866e-01 9.338386473383769593e-01 9.354342317042849686e-01 9.375064395078135382e-01 9.404896795826179767e-01 9.431124035130069583e-01 9.453145681078618523e-01 9.495957826552425818e-01 9.525296436339758532e-01 9.561549587789860416e-01 9.596643757000241637e-01 9.629264168167451787e-01 9.672652023547432254e-01 9.718200858999610503e-01 9.742184138917727720e-01 9.777767847337046625e-01 9.815042236867691505e-01 9.849309330848677879e-01 9.892601320060190329e-01 9.942205840865827593e-01 
9.946761948974661705e-01 9.907477949329646094e-01 9.869456263033730137e-01 9.830486946900700573e-01 9.788351209317327495e-01 9.757629657191888572e-01 9.721736293058863554e-01 9.687440609532639302e-01 9.641569293596173873e-01 9.592432485065549574e-01 9.549901110789641434e-01 9.506925659795745220e-01 9.459442879074293486e-01 9.432429417022316631e-01 9.406320328699810940e-01 9.380133100884143760e-01 9.346135916186564252e-01 9.327052892466526357e-01 9.327843871073444593e-01 9.333723088901497711e-01 9.329747112004231901e-01 9.344039453539902951e-01 9.366431263044124877e-01 9.395373712371934971e-01 9.417942619592059028e-01 9.448537677754956787e-01 9.478682972324365963e-01 9.519842340661024416e-01 9.567247169118240357e-01 9.610376913054867742e-01 9.655871206827565389e-01 9.706943106227352569e-01 9.738299105519108156e-01 9.771455277226819280e-01 9.808925531132530740e-01 9.859394772884546576e-01 9.902410668110126490e-01 9.940646330665804387e-01 
9.944518429579185526e-01 9.895994411885760123e-01 9.857188242054617522e-01 9.824064533696230672e-01 9.787096056277883038e-01 9.747340540218057958e-01 9.715906736340456096e-01 9.682406367764940791e-01 9.638322461122773577e-01 9.599736241325707020e-01 9.567944899443741047e-01 9.531684402748561435e-01 9.500515764912838002e-01 9.466002751727227160e-01 9.435035213460608583e-01 9.406542625666182156e-01 9.377624551832794975e-01 9.359868606742035579e-01 9.349215806040065413e-01 9.351991553368974586e-01 9.361095635699493434e-01 9.379347343213874089e-01 9.398565401016094611e-01 9.424949068831992571e-01 9.456690265297362785e-01 9.483312398660578291e-01 9.513094755943120040e-01 9.554671540947614616e-01 9.592584350914221680e-01 9.624403608946039412e-01 9.662360406567523929e-01 9.696472194746301732e-01 9.736009546998017905e-01 9.773245712379421413e-01 9.811225917642247829e-01 9.855008725865299635e-01 9.893684340104592634e-01 9.939265457427554074e-01 
9.937369069307371294e-01 9.892621057740405011e-01 9.835852361374645136e-01 9.797474242367772979e-01 9.754421528364153327e-01 9.713146192391480804e-01 9.667752820702181227e-01 9.608145480895604607e-01 9.558730170298048723e-01 9.507948543852543510e-01 9.468421795088758364e-01 9.437288373929761942e-01 9.403955570278861309e-01 9.382197523056096111e-01 9.360262071624197988e-01 9.345117855746232216e-01 9.334656380680185217e-01 9.329572101301053522e-01 9.338821740191665111e-01 9.332858178416409967e-01 9.338588733248768259e-01 9.371424695004311189e-01 9.397542944149133159e-01 9.431495901991325814e-01 9.466950164753157315e-01 9.507986037808852098e-01 9.565952274963361868e-01 9.615240849337938212e-01 9.668575767907463536e-01 9.712560451975487119e-01 9.748946580675773577e-01 9.789740584795595391e-01 9.820033083008259389e-01 9.853725155481437570e-01 9.881629695839041494e-01 9.908275389674533473e-01 9.938329622992220225e-01 9.969170643546446664e-01 
9.976246645504073252e-01 9.942836576914898528e-01 9.917909337390123925e-01 9.889695210035077677e-01 9.868811231613168200e-01 9.842597016276062316e-01 9.814280606514426131e-01 9.784563923443574396e-01 9.753763952571774531e-01 9.717795497439253305e-01 9.661739235733857178e-01 9.606283050277140134e-01 9.563636328054808677e-01 9.513701423901493870e-01 9.459836619229715637e-01 9.424986750836468197e-01 9.385494187300154056e-01 9.341627745365073121e-01 9.321690087679073144e-01 9.341765740533504170e-01 9.327201916806493465e-01 9.326819998934684497e-01 9.335688819677770978e-01 9.343765815937706831e-01 9.358403925561341596e-01 9.377819006119887391e-01 9.400504680787424849e-01 9.424519766252287267e-01 9.455504734440562942e-01 9.507473432858053464e-01 9.560213673258768363e-01 9.603180452300856818e-01 9.654668645549330241e-01 9.714259336750834528e-01 9.755470223090085824e-01 9.807872994318213022e-01 9.873329220537552242e-01 9.932317944247242014e-01 
9.955775970486180348e-01 9.917305039276174128e-01 9.879452884375783395e-01 9.852372565307012664e-01 9.827023407118247178e-01 9.781911443735841205e-01 9.750963843836932821e-01 9.722529835642232943e-01 9.690510545093103945e-01 9.659531578105950977e-01 9.620241650573583270e-01 9.577164835468683357e-01 9.540180579460668664e-01 9.504719893904038930e-01 9.466369060017748582e-01 9.434196666777316942e-01 9.405135680159688594e-01 9.377204889696241219e-01 9.357393395939913594e-01 9.360842655901469023e-01 9.361349398391346499e-01 9.376411942049979187e-01 9.390253493821415498e-01 9.405897620540615289e-01 9.439988043699359954e-01 9.464826157497032710e-01 9.488540016747337713e-01 9.517017610644014081e-01 9.545379218854647130e-01 9.583069365072047763e-01 9.626286076705572459e-01 9.665330682546504626e-01 9.704797389077473024e-01 9.749151422038577763e-01 9.790869514099436177e-01 9.832425284296554269e-01 9.877778737536118125e-01 9.934879192192255237e-01 
9.963552106061265290e-01 9.935411940227358851e-01 9.906202886175563549e-01 9.875340054170375081e-01 9.845322950239070448e-01 9.819390218163348560e-01 9.787103008810038585e-01 9.756714734621828589e-01 9.721528874896936401e-01 9.680537546937644233e-01 9.631687194753009162e-01 9.590445616520388850e-01 9.547740201081171829e-01 9.508660893135053582e-01 9.478048939871611678e-01 9.439243538073347484e-01 9.409898735074908593e-01 9.387130290428558066e-01 9.376683882834238037e-01 9.388667850401118953e-01 9.375319501900026831e-01 9.380382286425988925e-01 9.395393643406120265e-01 9.414822907933506624e-01 9.431806532395444753e-01 9.457662740784796851e-01 9.481910950433550811e-01 9.511853742251518140e-01 9.547827164731573779e-01 9.594853889650991619e-01 9.635926712892014523e-01 9.680976878989274725e-01 9.724369965753161260e-01 9.761660723205509704e-01 9.812297847351805213e-01 9.853957482170486726e-01 9.898035467277200850e-01 9.943962503236092321e-01 
9.957302235575227201e-01 9.918576890236787680e-01 9.880213173732164122e-01 9.848221990929172387e-01 9.818462702361733241e-01 9.780211409334124140e-01 9.743184500646852042e-01 9.715036758113942961e-01 9.677082396454559365e-01 9.635729509360196898e-01 9.600563790830178856e-01 9.557585616711383736e-01 9.519884372572868791e-01 9.483366896238621946e-01 9.454090589734533978e-01 9.423943801048076940e-01 9.396649951669219236e-01 9.384086701253633311e-01 9.382949163401352877e-01 9.382162662589490498e-01 9.383770854203200562e-01 9.401879885667151493e-01 9.420209116369814284e-01 9.440481729831619040e-01 9.470335458943465179e-01 9.501424262510060892e-01 9.526276843565388841e-01 9.561027739272319748e-01 9.601305206465330366e-01 9.635356845750416843e-01 9.680027381829545696e-01 9.721181752432490608e-01 9.763454523053178846e-01 9.799876990090987672e-01 9.840772540846808303e-01 9.882934371732843282e-01 9.914710835723183902e-01 9.950785728121662732e-01 
9.932393859085730803e-01 9.873546130905159757e-01 9.820769393418796733e-01 9.768479906811785574e-01 9.726171003504509027e-01 9.677610522480715183e-01 9.626513907511982104e-01 9.579191029071350005e-01 9.532145737013376641e-01 9.481837505178465353e-01 9.449238500075312075e-01 9.436905101148075348e-01 9.414699067240821506e-01 9.396823967113741016e-01 9.385561500318946315e-01 9.376353855525617620e-01 9.365511356883369221e-01 9.367349716449719921e-01 9.380184665489813556e-01 9.367869777539781229e-01 9.390382864967081744e-01 9.424161117097616946e-01 9.465364643458513694e-01 9.501815328450710085e-01 9.547090251702528008e-01 9.596674801024933643e-01 9.645168034709796778e-01 9.694602446674001062e-01 9.748622245251101770e-01 9.786854201147959786e-01 9.804273651965595970e-01 9.834451747360333229e-01 9.860840162417561228e-01 9.882408836874185809e-01 9.902986244252440784e-01 9.930578463173208581e-01 9.950612908434066650e-01 9.973576536500653456e-01 
9.954434600633647046e-01 9.917865177360349893e-01 9.881576894536724387e-01 9.853670907828903092e-01 9.814524291957998914e-01 9.783332288166386448e-01 9.754777042352386074e-01 9.719476028376861088e-01 9.690243174905044388e-01 9.649624126018165882e-01 9.608634593717406691e-01 9.566514854485314023e-01 9.532099279580322770e-01 9.498228913384527683e-01 9.473737764132621475e-01 9.444409791075961680e-01 9.419576063235040042e-01 9.398163931893662726e-01 9.385491549131246281e-01 9.389148766840051952e-01 9.391369092596987267e-01 9.407714823950878991e-01 9.423387505050883073e-01 9.452548576049116802e-01 9.477882350915274312e-01 9.501934222851754486e-01 9.533512081641711822e-01 9.560867233842417212e-01 9.601322749631798770e-01 9.641545524012060664e-01 9.685535911860129188e-01 9.722700887785089563e-01 9.761306060810501783e-01 9.792493187857314041e-01 9.830518238533816344e-01 9.866282625598074008e-01 9.904810554150644819e-01 9.947568639348459696e-01 
9.929108653229402615e-01 9.881256846562809226e-01 9.842659485922762297e-01 9.799842683029466039e-01 9.763823572587242428e-01 9.728924213788838760e-01 9.698223066488171895e-01 9.655782369785749220e-01 9.614229420257615066e-01 9.576161927439628130e-01 9.536013281913998663e-01 9.512721748684890288e-01 9.483239327072050528e-01 9.459906744028635517e-01 9.437605939281694667e-01 9.420291877388597968e-01 9.403338370378934163e-01 9.389066301908143286e-01 9.387194195700647725e-01 9.389575907610027139e-01 9.406480050244628854e-01 9.430319093180283829e-01 9.462499776663796380e-01 9.492216960391729463e-01 9.522112508902870198e-01 9.550109733410583335e-01 9.590330135588427396e-01 9.631624383900448949e-01 9.670593800476846580e-01 9.714002305687907679e-01 9.740167465645134248e-01 9.774795523732962010e-01 9.803977089851637627e-01 9.834736385090274702e-01 9.860600431072076288e-01 9.890224225174929495e-01 9.922953456137547645e-01 9.955782093774858676e-01 
9.955151714648204919e-01 9.915309786958221849e-01 9.884005390700162375e-01 9.850683410712837151e-01 9.817569606589988673e-01 9.782417647635721636e-01 9.747196051157620555e-01 9.709145020393645797e-01 9.678698490293680123e-01 9.629158422676927787e-01 9.594688468572840634e-01 9.550481762816009912e-01 9.521456651926452075e-01 9.491403940579259402e-01 9.466246978529371248e-01 9.446321457252382370e-01 9.428271633885065839e-01 9.410382011141411596e-01 9.407076519948551763e-01 9.405003827840384689e-01 9.411565795455441030e-01 9.426477764881234789e-01 9.447326076344186863e-01 9.472243245617310015e-01 9.501840846712978905e-01 9.532481219935231564e-01 9.567844010205498462e-01 9.596250931154505226e-01 9.645073551617467933e-01 9.680007976395929026e-01 9.727246868479093589e-01 9.759650257476516488e-01 9.794365255676904525e-01 9.826050654301575760e-01 9.854492863285897464e-01 9.883871549101822529e-01 9.919520671334309814e-01 9.953507932965010019e-01 
9.930652023970413245e-01 9.873027205843424303e-01 9.833026072412298646e-01 9.798083878302965566e-01 9.757773710647229537e-01 9.723106288271367026e-01 9.683649544787604757e-01 9.643862231808530971e-01 9.605041496712037885e-01 9.559699742419458524e-01 9.523968789454424488e-01 9.497506501095055453e-01 9.464290775246638754e-01 9.440389954559682550e-01 9.422592769757320852e-01 9.408980804040864010e-01 9.401525943288902010e-01 9.391905079714231164e-01 9.385791155940250707e-01 9.392315142525219374e-01 9.419105103445447602e-01 9.443982711614761216e-01 9.470509079427017474e-01 9.504471385095625280e-01 9.536362000434066566e-01 9.572107747012815748e-01 9.610278921760421200e-01 9.650218073781899886e-01 9.696367124486157119e-01 9.736002802628831443e-01 9.766517589902404817e-01 9.804513059734794034e-01 9.834535972024462946e-01 9.858440742282201796e-01 9.880148885066508679e-01 9.897067710493326897e-01 9.923086224034912695e-01 9.960484973200746106e-01 
9.949755847205725701e-01 9.914350866810526242e-01 9.879872333583118449e-01 9.850184294356294501e-01 9.824720422154197275e-01 9.787905935605726304e-01 9.755055531596347196e-01 9.711038094079973426e-01 9.670269069822002850e-01 9.637962453851319777e-01 9.603683927142963039e-01 9.575825678906150218e-01 9.535708862325642521e-01 9.509713559129423510e-01 9.484886638609868470e-01 9.461501435770705015e-01 9.443921548730657145e-01 9.429751708148720324e-01 9.425701250091971239e-01 9.423008115348024960e-01 9.429590306624243690e-01 9.448039022301613077e-01 9.467529859853832663e-01 9.486111922974147515e-01 9.516795909136182008e-01 9.546241796562155990e-01 9.586769006272471971e-01 9.625574400871188541e-01 9.658351073164899159e-01 9.693639744584642282e-01 9.723282941242389343e-01 9.767283355200935269e-01 9.797982094959437616e-01 9.829457616763178640e-01 9.860026239431023409e-01 9.888368682239808694e-01 9.917324276629571056e-01 9.948660210620235977e-01 
9.952402646314150170e-01 9.918450874983492094e-01 9.881308359568484745e-01 9.851311001698819236e-01 9.812389412927452481e-01 9.776691180317356178e-01 9.745238119991317394e-01 9.714421662066632379e-01 9.677245423775049371e-01 9.630738246739738440e-01 9.593468072290179949e-01 9.555215979177893448e-01 9.526724068254064370e-01 9.496347606166216648e-01 9.464810921801888322e-01 9.441372900705041760e-01 9.422738609740112237e-01 9.400448818870245082e-01 9.397876619285647770e-01 9.403924915565234910e-01 9.403083922328442368e-01 9.421486889464336656e-01 9.440350002934918550e-01 9.469488366551961356e-01 9.497716876251891538e-01 9.523957971402915446e-01 9.551785800082938094e-01 9.586621560145430765e-01 9.632341723940267553e-01 9.670901446830881820e-01 9.710439149256946401e-01 9.742190287880654331e-01 9.778236103298985071e-01 9.816383397630678020e-01 9.848118153381283379e-01 9.877786963775581075e-01 9.919838077574438806e-01 9.953343501295596196e-01 
9.952809805289832834e-01 9.922256623835258305e-01 9.888422604343228839e-01 9.852073408292270074e-01 9.820544757077884768e-01 9.787844641641455512e-01 9.764958757424092584e-01 9.731968997142604882e-01 9.699465406467662199e-01 9.658732359355260977e-01 9.620249151682651600e-01 9.577833100402182165e-01 9.542945091114172218e-01 9.512803423211135811e-01 9.489221629244524170e-01 9.468452445028299191e-01 9.448505735570740249e-01 9.428916771859637835e-01 9.416659040452535212e-01 9.421609206143496396e-01 9.421924540343060706e-01 9.437377075065608301e-01 9.462933818496929161e-01 9.485766185646288262e-01 9.512204991249626485e-01 9.531487253658732506e-01 9.561566068698954535e-01 9.591566080928637383e-01 9.630766793145223437e-01 9.668633800169820214e-01 9.713588834907519454e-01 9.752264930593099734e-01 9.786269355052464869e-01 9.814700647467802241e-01 9.842910593897924443e-01 9.872739537128386589e-01 9.910699764112225196e-01 9.955136469326528736e-01 
9.901527539821557422e-01 9.839114288024988220e-01 9.789909125256828215e-01 9.745377922133361404e-01 9.701195035742686823e-01 9.664194084405532958e-01 9.620575652419602886e-01 9.569319643032344613e-01 9.531623553629968715e-01 9.493277900029348793e-01 9.480184278158644284e-01 9.462236656298809168e-01 9.445182315721448729e-01 9.438350914423637716e-01 9.425645779949538561e-01 9.414004090755256904e-01 9.398581309075956236e-01 9.394374156485655325e-01 9.398710841966035900e-01 9.408904940443122422e-01 9.447626044410610824e-01 9.485884629190570738e-01 9.524033898370413143e-01 9.565020163343666004e-01 9.600370052211341099e-01 9.644641632718052859e-01 9.696886891750632342e-01 9.738027892996042878e-01 9.781262947888986758e-01 9.797402606129325120e-01 9.820772132694622902e-01 9.842702085119703348e-01 9.854618545042744815e-01 9.874607232832312009e-01 9.894730971880490999e-01 9.923738405422194431e-01 9.944989845960524599e-01 9.969895868780445092e-01 
9.954758293696812643e-01 9.918646743148173961e-01 9.878389933196161099e-01 9.836161623884465133e-01 9.802080402433405171e-01 9.768998990168344942e-01 9.722230184339055725e-01 9.684078814256469325e-01 9.640264539797867016e-01 9.593797050700190177e-01 9.559009271310122680e-01 9.531290575634586704e-01 9.506607898477552610e-01 9.483607110530394291e-01 9.465780037189156504e-01 9.450230035825758490e-01 9.438267984862941384e-01 9.427208962860591512e-01 9.431254749517100633e-01 9.429005548032386441e-01 9.433472224472509993e-01 9.456524189941744041e-01 9.486805082312376181e-01 9.514719482839226750e-01 9.543361279460829127e-01 9.585651940352286626e-01 9.622784275030388246e-01 9.666805367652802072e-01 9.713421322367752353e-01 9.751667332220917972e-01 9.783063293160578766e-01 9.811850030693599622e-01 9.840150726680847448e-01 9.864593981418585678e-01 9.888622172153739287e-01 9.912052141806454442e-01 9.941641387809482255e-01 9.969718916287675370e-01 
9.960202681772617472e-01 9.927674616465865798e-01 9.895805523301794970e-01 9.877068189961619726e-01 9.847733272749091826e-01 9.817441498005221590e-01 9.790446690923119144e-01 9.762358144501669388e-01 9.725128067697301759e-01 9.696968988021064106e-01 9.649917776989757057e-01 9.617081011891061015e-01 9.581964791933933467e-01 9.555596362941780608e-01 9.527248367998253364e-01 9.504351776387300887e-01 9.474030291440318496e-01 9.452970481773088629e-01 9.435126444656674050e-01 9.436355197298521569e-01 9.436821830771260355e-01 9.451015852445762144e-01 9.460456054326081832e-01 9.481469300211519124e-01 9.504620011872628726e-01 9.527109805718084745e-01 9.551201956841550711e-01 9.585762202847589730e-01 9.611841480012229821e-01 9.659184107936193975e-01 9.693050456472832588e-01 9.730544625359663913e-01 9.759604161491519658e-01 9.792247421340000146e-01 9.821588237876995864e-01 9.863437546499563835e-01 9.898852815341357969e-01 9.942961285509122060e-01 
9.964841241100563796e-01 9.934555276169850790e-01 9.913204467800678099e-01 9.892255763575636962e-01 9.856753198835196406e-01 9.825588909079788769e-01 9.790237144106710421e-01 9.760273294806489641e-01 9.727701567895223889e-01 9.691834984124960695e-01 9.660984147265389010e-01 9.622585619588628347e-01 9.585831948000743674e-01 9.554977223849053791e-01 9.526895795208424333e-01 9.493573316689876140e-01 9.468023490263111075e-01 9.447286986792079455e-01 9.432329428189711873e-01 9.435198100998363202e-01 9.431980745765405905e-01 9.436077274243060975e-01 9.446686363961834809e-01 9.471916629253671616e-01 9.496074772400917574e-01 9.525412162722568521e-01 9.551061349742853146e-01 9.580161024756587151e-01 9.614120279903098920e-01 9.644245444095653763e-01 9.682314813756018879e-01 9.721055713939807941e-01 9.754781297357202341e-01 9.787849399036019360e-01 9.828807846745631904e-01 9.863871357115430172e-01 9.900527023760057332e-01 9.945018485228984684e-01 
9.936317588446287319e-01 9.883285432584473229e-01 9.847242682953455395e-01 9.803118164545140401e-01 9.759917227766513603e-01 9.715931081020152682e-01 9.674510916329102095e-01 9.632062962595103750e-01 9.592157163801838804e-01 9.545368930937282448e-01 9.519220798546277340e-01 9.494959956490649500e-01 9.479837564798951899e-01 9.465021357118383882e-01 9.452026075445288944e-01 9.436420169508163980e-01 9.426478062747412068e-01 9.417532704173786628e-01 9.427049473316918560e-01 9.424277301270906904e-01 9.447254876549496805e-01 9.472113759249869425e-01 9.507391377214975403e-01 9.544823775173644220e-01 9.584833718061599450e-01 9.624591375325975973e-01 9.665813841081616342e-01 9.706664375897758879e-01 9.757098077330828012e-01 9.787670620955855050e-01 9.816674262999361966e-01 9.836470114976352264e-01 9.857172651541067365e-01 9.877149225671564281e-01 9.902386800508495845e-01 9.924252053330416823e-01 9.950989349298765552e-01 9.972661435508651806e-01 
9.946995624213316178e-01 9.899876303013327439e-01 9.864100828984996294e-01 9.831169546584673791e-01 9.800603199996965609e-01 9.774990582998464017e-01 9.746244083957508186e-01 9.705949276546932403e-01 9.679768910653986369e-01 9.632053188958242806e-01 9.594617559513550775e-01 9.569042060444077347e-01 9.545870934537366015e-01 9.513136562381041550e-01 9.490454021228765802e-01 9.471372180868565804e-01 9.454114707894026859e-01 9.436402357656408224e-01 9.430752354827195427e-01 9.430698363799669970e-01 9.451050277924498699e-01 9.471650793422252690e-01 9.495286744446894689e-01 9.520413822534042891e-01 9.541945614925055885e-01 9.568035658306092150e-01 9.605966083767681907e-01 9.632244564552957522e-01 9.680172547822913920e-01 9.719952674240118773e-01 9.747972636950545944e-01 9.774083726479768641e-01 9.811895085792418092e-01 9.841286883142995601e-01 9.867062032358190349e-01 9.894350350024964103e-01 9.927728591115954071e-01 9.960207118508748181e-01 
9.922251686432795870e-01 9.863803188187333371e-01 9.809731090448479129e-01 9.760426424309955884e-01 9.712204541178701689e-01 9.661774285161395248e-01 9.621910849929922183e-01 9.577259216036223544e-01 9.534680757502944637e-01 9.482764750856571556e-01 9.456679434447518018e-01 9.436045353736577379e-01 9.419317687211991030e-01 9.408631907079879619e-01 9.396926817525562692e-01 9.386007868192829395e-01 9.377741499647641588e-01 9.376332144608365837e-01 9.386172611281731193e-01 9.376491011890895066e-01 9.406098311491077890e-01 9.446299302348587501e-01 9.488231696984035235e-01 9.531110642606231975e-01 9.579081533611839561e-01 9.619159731960160720e-01 9.664826441595526507e-01 9.709517916614318622e-01 9.766343374960301249e-01 9.798429237565660088e-01 9.825234638903939111e-01 9.848233547418431266e-01 9.865167800503713558e-01 9.885284145057051663e-01 9.906947483127312992e-01 9.930072806612579850e-01 9.949133741324758251e-01 9.972922471679117606e-01 
9.949680440496705414e-01 9.910047656128231353e-01 9.871311592061488005e-01 9.836258228834439121e-01 9.798294711876575080e-01 9.768862852111589445e-01 9.739825506347320472e-01 9.696604291159174327e-01 9.661852841892396571e-01 9.622921856913647654e-01 9.590089009673198328e-01 9.560569767603526170e-01 9.535354711879142631e-01 9.515150859575204345e-01 9.491050228523144616e-01 9.481657264104166316e-01 9.464966541822511514e-01 9.448345364557428905e-01 9.453756286614259929e-01 9.449241023707702913e-01 9.461268054043202591e-01 9.484518883667305555e-01 9.510821257751739255e-01 9.542290009695739705e-01 9.567809893819131384e-01 9.595393201835334951e-01 9.635956688191360531e-01 9.670515325572310861e-01 9.710574369306950171e-01 9.746122857109752458e-01 9.778003378628743469e-01 9.806814851861417326e-01 9.831491916218689786e-01 9.862177102626573655e-01 9.877034417280032841e-01 9.904357043044093034e-01 9.938890811236790190e-01 9.960343530693410719e-01 
9.969281676684648152e-01 9.947900507316840280e-01 9.938307517807563052e-01 9.910830079437120688e-01 9.879554787717418352e-01 9.862887737676363509e-01 9.839956598308547964e-01 9.816274756013996239e-01 9.794332344532583612e-01 9.769037182194192370e-01 9.730015990482380195e-01 9.683302167894951573e-01 9.646655531998048483e-01 9.611417348979698350e-01 9.576993688182451336e-01 9.543119698720350375e-01 9.514323599158444056e-01 9.487577784615334187e-01 9.461928533862496993e-01 9.453709627562992823e-01 9.446365226443934615e-01 9.442918270351304821e-01 9.457110953265678299e-01 9.477801892203738809e-01 9.489695564886897472e-01 9.506590871617178751e-01 9.525984285708002375e-01 9.544434891521067499e-01 9.566882108583361077e-01 9.603249276786642863e-01 9.648407924450442819e-01 9.684339805592253603e-01 9.720977751126070876e-01 9.757737758972930830e-01 9.795682590645029553e-01 9.830693907641162577e-01 9.867852333441283763e-01 9.914951679548840158e-01 
9.950939120142762162e-01 9.919321130681802989e-01 9.883055994411115153e-01 9.851846936053543224e-01 9.826119800102683932e-01 9.798489559614356192e-01 9.767740267779890795e-01 9.730893973485627013e-01 9.693505780062320332e-01 9.661915186426275337e-01 9.632163786067201583e-01 9.605108361767187297e-01 9.579316847162174797e-01 9.549595249244202666e-01 9.527623671212266387e-01 9.508983082701368827e-01 9.487826588029132369e-01 9.474803442655072017e-01 9.469163885708865580e-01 9.464121660738017416e-01 9.470443389378915278e-01 9.493068358418013108e-01 9.514673242817033305e-01 9.534297401447527909e-01 9.557588315024726500e-01 9.584861605112485750e-01 9.619197932368975801e-01 9.653855901780373783e-01 9.685269416839531464e-01 9.716369839452302370e-01 9.744967112709087553e-01 9.773808606537686128e-01 9.807817009521807572e-01 9.835285504676855028e-01 9.860166476399209179e-01 9.891163236176362394e-01 9.917396290691891103e-01 9.949154983754032733e-01 
9.943474202455589994e-01 9.898057526023387176e-01 9.855490173788952202e-01 9.814364109156809013e-01 9.771435415270832703e-01 9.735684427723620971e-01 9.687429883575490175e-01 9.648514233036701304e-01 9.593873630178877399e-01 9.537180999016806604e-01 9.517783404353865606e-01 9.493561039639423216e-01 9.466851524127065654e-01 9.448328729508237434e-01 9.441194261005519950e-01 9.430193039639449548e-01 9.422995626273140690e-01 9.422014845732131771e-01 9.426111608465964631e-01 9.418523895099700782e-01 9.436978564513937018e-01 9.465277759370179789e-01 9.497725078909744489e-01 9.535058704703628374e-01 9.567293829147026640e-01 9.614939425020654351e-01 9.652706181969289423e-01 9.708487661371332234e-01 9.769713228751973899e-01 9.791822268293897125e-01 9.821075076320197050e-01 9.854921498907358579e-01 9.880202527526472656e-01 9.893100736481175161e-01 9.912250422426259755e-01 9.931338222829524387e-01 9.948846869244344360e-01 9.976081425822872495e-01 
9.978128163830268793e-01 9.960491439007105319e-01 9.939099469854062452e-01 9.915820626542047878e-01 9.890483518505451821e-01 9.873195453746673733e-01 9.851035837644782633e-01 9.823070104374849176e-01 9.797298227911500623e-01 9.766490778455445554e-01 9.712927164559466142e-01 9.665830978890943559e-01 9.623921449761624336e-01 9.581055965729029511e-01 9.542766949390943942e-01 9.506346339733917628e-01 9.465406900216788433e-01 9.443360961238866924e-01 9.424236112758740402e-01 9.439038203156822071e-01 9.420727650362575867e-01 9.423080215539234583e-01 9.431902545323960219e-01 9.445173190459377199e-01 9.455587304397510273e-01 9.470767910465901496e-01 9.492480414421194945e-01 9.512986811700182566e-01 9.539030122345958373e-01 9.589246320300007786e-01 9.635113177793926953e-01 9.676808978528934624e-01 9.721933826446479410e-01 9.761726735352990181e-01 9.803785058408592823e-01 9.854019137405027884e-01 9.887681338869706016e-01 9.933512285644486850e-01 
9.963835465388253265e-01 9.925682172569608719e-01 9.903156641096595436e-01 9.871912651009371320e-01 9.843617765051556612e-01 9.822224687310318059e-01 9.795209854750700496e-01 9.766295463985799064e-01 9.734687245285617019e-01 9.691374492259544615e-01 9.659113655973504686e-01 9.626576073157848690e-01 9.595218703553840545e-01 9.560367553941331309e-01 9.538552288804104107e-01 9.515774161229851869e-01 9.491242985962154988e-01 9.469682121853997270e-01 9.457656630506937612e-01 9.453968138627469875e-01 9.461734344815917463e-01 9.470728950859264028e-01 9.491931194151351781e-01 9.513078224328032073e-01 9.529766837856640249e-01 9.553218545917482318e-01 9.578970035566647390e-01 9.608585887891084587e-01 9.651833799487548049e-01 9.683816165964106437e-01 9.716319387131562291e-01 9.749940631184731421e-01 9.788603552064306657e-01 9.814763448571127702e-01 9.842510556646858477e-01 9.876039499876435590e-01 9.910122939022193433e-01 9.946766210819351084e-01 
9.958960639327161246e-01 9.932951881094553848e-01 9.902707307961493566e-01 9.876685679085771552e-01 9.850677557099825066e-01 9.822315856295249503e-01 9.792135739873880640e-01 9.765787711635431911e-01 9.730975869255450439e-01 9.703184692968835900e-01 9.664482535868780255e-01 9.631913187700580359e-01 9.609934757924297744e-01 9.575586888914386918e-01 9.552631202409036515e-01 9.528145769025971878e-01 9.509012981817875909e-01 9.494321715696846242e-01 9.482882794758598077e-01 9.482990250655068953e-01 9.483183149467067086e-01 9.499167443231789631e-01 9.515602669703933092e-01 9.534679465693224332e-01 9.557302097537282437e-01 9.583925401588676563e-01 9.607845173766725866e-01 9.641195144021629249e-01 9.667957078057445308e-01 9.708462354191568222e-01 9.742630276521051513e-01 9.766085403921942465e-01 9.803355151728676553e-01 9.831214329503192850e-01 9.861887524382573211e-01 9.887547294014528143e-01 9.914295571288807007e-01 9.949631481245569953e-01 
9.959761314472296290e-01 9.933244296023990838e-01 9.911693160070962350e-01 9.892782179464765235e-01 9.867441932868526999e-01 9.842258422875546087e-01 9.817281966048356789e-01 9.787830272966624445e-01 9.758822632274135600e-01 9.731643990496241514e-01 9.697607131841032846e-01 9.668353439645650527e-01 9.636523768985982841e-01 9.606870989114976167e-01 9.576053289345802799e-01 9.547841605905877937e-01 9.521619024975492840e-01 9.492762995261169179e-01 9.474959999691157098e-01 9.468336926016774902e-01 9.470790726234634693e-01 9.479929337114423316e-01 9.488953022776582813e-01 9.506915027952185238e-01 9.526954225911634655e-01 9.548157723194251600e-01 9.574156069529196067e-01 9.600140024213356105e-01 9.626144638756989336e-01 9.658949094696572812e-01 9.687717805014333106e-01 9.721006481969306501e-01 9.751958779866195526e-01 9.785981795993601295e-01 9.818902014690085167e-01 9.852060578288563963e-01 9.890889299101777166e-01 9.930179668600283005e-01 
9.964044119681522149e-01 9.931365212749133642e-01 9.906785883683782989e-01 9.881535241773307110e-01 9.851964738907278418e-01 9.827782202265968881e-01 9.804420900797605753e-01 9.779483985163651694e-01 9.750311199048994348e-01 9.718957804957796265e-01 9.697197357523180683e-01 9.666740920226752909e-01 9.635832792137420943e-01 9.615220532347924509e-01 9.589464207378104454e-01 9.566339237559059461e-01 9.540117398610018506e-01 9.514809991634562980e-01 9.493883913310663392e-01 9.491744276907265743e-01 9.499043018447422826e-01 9.511828944380923412e-01 9.529172895205201277e-01 9.552138214747301070e-01 9.571940577092432623e-01 9.592294531555932702e-01 9.614976762882544437e-01 9.641270317349067698e-01 9.671249625254905169e-01 9.692246088292233441e-01 9.722975394802536586e-01 9.755806686251213833e-01 9.778284114974209462e-01 9.808053670328993334e-01 9.836630198522765545e-01 9.868880277506046905e-01 9.904780827190317050e-01 9.946881210671969509e-01 
9.944822808158066962e-01 9.900950132999044584e-01 9.862283435425193145e-01 9.822281527687125591e-01 9.788664939582085722e-01 9.759394389465638753e-01 9.723001213748272420e-01 9.685236856944806627e-01 9.648226193524279681e-01 9.611997260394411491e-01 9.588196486633439042e-01 9.569463202388112100e-01 9.544972784977496794e-01 9.523619629478267123e-01 9.510881095058253409e-01 9.492120086962217984e-01 9.473956724475208757e-01 9.461322837491792370e-01 9.457472048323681824e-01 9.458686000495215573e-01 9.477640090135854845e-01 9.503343845824709923e-01 9.534842010695566694e-01 9.563759729761328598e-01 9.589711313052813324e-01 9.623675157733374563e-01 9.660715066300634701e-01 9.698060664169199097e-01 9.734960635177506427e-01 9.761284566576564625e-01 9.782403873482778955e-01 9.811778997930018509e-01 9.838349566578179495e-01 9.856377331923609209e-01 9.882549505606861295e-01 9.910759177200053616e-01 9.937964278726720835e-01 9.966929255245638997e-01 
9.959486773437637996e-01 9.930415513262019767e-01 9.907020525073568784e-01 9.887421208128316374e-01 9.862884596223309153e-01 9.840972502076988926e-01 9.817635773352424433e-01 9.796185818819035385e-01 9.766927581467950148e-01 9.744667239074563669e-01 9.692970608984557979e-01 9.654904623088763627e-01 9.613872091731201497e-01 9.585347529800156696e-01 9.552373980686588162e-01 9.520317344696788142e-01 9.492928684527129901e-01 9.471411410278165466e-01 9.439571864008944324e-01 9.426513212254497009e-01 9.427349339255678418e-01 9.436433703040588705e-01 9.445883500349295803e-01 9.461827785172782779e-01 9.477700686685697207e-01 9.495710979770195515e-01 9.513419324630898455e-01 9.538091067555707347e-01 9.557686295177955094e-01 9.605825904208232791e-01 9.643148150026495946e-01 9.685215508603466361e-01 9.714236860328145928e-01 9.750231482017787110e-01 9.786579613800260313e-01 9.820441910315282907e-01 9.850487410513553144e-01 9.903995930544280402e-01 
9.940099762086808122e-01 9.901546376991650078e-01 9.861846009213315334e-01 9.823841495664241696e-01 9.787385398319312646e-01 9.763719442461689102e-01 9.731628766595180613e-01 9.693387735218247370e-01 9.661646140210515821e-01 9.625849418236194222e-01 9.594536642184304798e-01 9.573460720458338846e-01 9.551138919148791651e-01 9.530918408045105927e-01 9.516340907104335889e-01 9.507120683106254910e-01 9.485910599484953520e-01 9.474790096714902354e-01 9.471261856757071662e-01 9.472480013459915194e-01 9.488477523222083043e-01 9.516881724766613759e-01 9.546809156369291394e-01 9.577277783439334113e-01 9.598217802372825957e-01 9.628071146716444817e-01 9.663917416865135390e-01 9.695775425460142483e-01 9.732797713054717192e-01 9.766688908459897345e-01 9.790341882285853448e-01 9.816318522159890314e-01 9.840978577220669266e-01 9.859888913532603993e-01 9.874308107330064255e-01 9.907359337725462067e-01 9.930764761394058615e-01 9.958282998561968080e-01 
9.977984019500251156e-01 9.956287200542822680e-01 9.940026990306806143e-01 9.923382493934183035e-01 9.899020778740598159e-01 9.882333567491148330e-01 9.873191205877105414e-01 9.851201791515896700e-01 9.823795650229216747e-01 9.795495679475498818e-01 9.751925423964686868e-01 9.711508120122801513e-01 9.671528635513775285e-01 9.641318491518007239e-01 9.603293875384939504e-01 9.574906839066480435e-01 9.548192909918258309e-01 9.511403190442645483e-01 9.483660585506710206e-01 9.473738217474479972e-01 9.469010033421434436e-01 9.469918921323781102e-01 9.476855694605982317e-01 9.492939282471520857e-01 9.504360159251683537e-01 9.509546931230213884e-01 9.526956769978592865e-01 9.549866715136033912e-01 9.573819826434732949e-01 9.614327917542923041e-01 9.653479478806632486e-01 9.693034570568566100e-01 9.723322537871431637e-01 9.762743838972613997e-01 9.794464486101422951e-01 9.826605581574032744e-01 9.872318895373051184e-01 9.918548710875109142e-01 
9.971366675137869340e-01 9.947399684193114489e-01 9.921627264124774914e-01 9.899383164602520990e-01 9.871676363568767654e-01 9.843860334389232802e-01 9.818667631939681506e-01 9.790828009147497513e-01 9.758866591425047199e-01 9.728559575068312926e-01 9.691565819297265350e-01 9.657538105148840701e-01 9.626112254039288496e-01 9.592988018835769681e-01 9.571614615878669685e-01 9.549286511456690496e-01 9.524368276979947590e-01 9.500070037306984627e-01 9.486189117949876959e-01 9.488786476420584259e-01 9.485907361121367343e-01 9.497063460239781874e-01 9.509505111094351815e-01 9.528523600780932634e-01 9.550791633119517510e-01 9.572040690654376460e-01 9.597008177439163568e-01 9.626960081291089377e-01 9.654855632114661690e-01 9.692088992741013653e-01 9.727312712748886758e-01 9.761002976867380054e-01 9.796354552223547341e-01 9.820994218600138659e-01 9.849011664404940802e-01 9.882050782672733291e-01 9.920903843286017487e-01 9.957915392263056997e-01 
9.945410101050956575e-01 9.907722933166530632e-01 9.866672700615903846e-01 9.831851685592348788e-01 9.802218433295237787e-01 9.767259390093527838e-01 9.733834774420027092e-01 9.699627127312443475e-01 9.661052375681349336e-01 9.622612716515276388e-01 9.598284037400062196e-01 9.580613097647495691e-01 9.561244666600463571e-01 9.543191255168588238e-01 9.527658565150362024e-01 9.514929521105983667e-01 9.506243391613623528e-01 9.497928632241772195e-01 9.499495635067602972e-01 9.492708601939954249e-01 9.508321003290703954e-01 9.537995998117017038e-01 9.566201292382070509e-01 9.592306788086966129e-01 9.624929316438984861e-01 9.657911177611571141e-01 9.691947963121645415e-01 9.731364144154758256e-01 9.772267167717036962e-01 9.799589358699980490e-01 9.819783925957699111e-01 9.843101237961444649e-01 9.866211073007221666e-01 9.886947482899159922e-01 9.906130351615876073e-01 9.923336814250659499e-01 9.944868972548364106e-01 9.965619597621976355e-01 
9.949989602581035264e-01 9.898489665114935665e-01 9.864732572892354057e-01 9.829722924482940938e-01 9.792655113554447066e-01 9.757183038356795901e-01 9.724313920129390443e-01 9.687007327560495096e-01 9.653788303520557390e-01 9.605365815457561629e-01 9.578138688235480203e-01 9.560441970816223600e-01 9.544832275521945020e-01 9.522671586759302587e-01 9.507574882741285371e-01 9.498981097881311619e-01 9.488697734916827775e-01 9.485018817006439784e-01 9.491093967431071254e-01 9.482524457334663426e-01 9.506965284112250947e-01 9.529117172202148378e-01 9.557188687214166478e-01 9.590072643306685185e-01 9.622625632127334017e-01 9.654406095437869650e-01 9.691352109512657576e-01 9.725125118766683174e-01 9.776391778952431277e-01 9.806345124852545725e-01 9.826483087988459042e-01 9.846216386069684967e-01 9.873944183177897349e-01 9.896157987877193252e-01 9.911735443131827195e-01 9.932618346830466294e-01 9.949531609546463651e-01 9.967899552622426773e-01 
9.953472858249409194e-01 9.913029282584137070e-01 9.882512221562956833e-01 9.849591184607604522e-01 9.823326377950634125e-01 9.795571125331578033e-01 9.765469351171598422e-01 9.734779624277787313e-01 9.701597889939119757e-01 9.666431548574095922e-01 9.636848977156133866e-01 9.613325122832202529e-01 9.585966033563320110e-01 9.567548417093872937e-01 9.552170463775658815e-01 9.536634439540775388e-01 9.520588600010253533e-01 9.509575844057942540e-01 9.502939458718066001e-01 9.500078269743552628e-01 9.515530140388774871e-01 9.534481316787905003e-01 9.559459531967746670e-01 9.580520015087281571e-01 9.605156790880965412e-01 9.632889265227979614e-01 9.662784909368951070e-01 9.694523536385478701e-01 9.730588379283802158e-01 9.762066520534090630e-01 9.786637318734855429e-01 9.816811822375591801e-01 9.838498205174648348e-01 9.858274747601024623e-01 9.879463997699909905e-01 9.902926958304187899e-01 9.925894333214516640e-01 9.952448956954133008e-01 
9.945782062673809154e-01 9.914393696559357094e-01 9.886243958901611562e-01 9.858622055123413830e-01 9.823565123210509231e-01 9.802056900564443120e-01 9.774374756570315403e-01 9.745822251154103721e-01 9.716043493076188531e-01 9.685300162414427483e-01 9.655453791064175784e-01 9.621280139378802776e-01 9.594867183119365484e-01 9.574685951788011185e-01 9.555209125318541163e-01 9.531477973463419184e-01 9.514178343979105001e-01 9.498286173541434785e-01 9.486290923726723445e-01 9.481973169229712672e-01 9.494025073225786926e-01 9.510245108707511275e-01 9.530331407728316329e-01 9.559053193153641548e-01 9.576907559159149042e-01 9.601381295647012371e-01 9.628194008711948859e-01 9.657077390830812735e-01 9.686998737100825929e-01 9.717595129761003037e-01 9.753719404961940231e-01 9.781706501358685690e-01 9.805151962634649498e-01 9.828515554489990480e-01 9.857359393552100890e-01 9.882160473263408296e-01 9.908888199072325431e-01 9.941163530869019382e-01 
9.965424890627392340e-01 9.939634711328014793e-01 9.923840262421359526e-01 9.902867810946369698e-01 9.878386509419815331e-01 9.851884953040966897e-01 9.828628316579637314e-01 9.811601132824563365e-01 9.786489709278550775e-01 9.764604254063316002e-01 9.726928587617212907e-01 9.692319528667715511e-01 9.659383379352816101e-01 9.628551721070236491e-01 9.608222245894894042e-01 9.583024534697572872e-01 9.557069571411479503e-01 9.534018696606223475e-01 9.515745281005540956e-01 9.511725592694629805e-01 9.515035706474691546e-01 9.518979894097691075e-01 9.530907781394195588e-01 9.548249686516011581e-01 9.568872833542665379e-01 9.588179278512760639e-01 9.603043510148970840e-01 9.625089212156201501e-01 9.645074026448507976e-01 9.681410964091631266e-01 9.716250836988852280e-01 9.749797219192226638e-01 9.782728583938203881e-01 9.805101403747163991e-01 9.835133265354131238e-01 9.866775088355727030e-01 9.898889791433334029e-01 9.935784626131159980e-01 
9.934391713700936322e-01 9.893501046771624452e-01 9.858304905070969237e-01 9.824326891081697211e-01 9.798204621812636184e-01 9.773216964419561004e-01 9.739789321451985948e-01 9.717925588813802751e-01 9.690183257956068719e-01 9.660244529424830695e-01 9.635626700500489195e-01 9.614602152973812377e-01 9.596074347099152746e-01 9.574247209320456697e-01 9.558592426304830525e-01 9.543819131778993325e-01 9.530252535665957314e-01 9.516653456931809529e-01 9.504092836301188951e-01 9.504506228448774685e-01 9.527259700416569332e-01 9.553831828726866426e-01 9.581156174837804906e-01 9.604060635396091117e-01 9.626653224219662297e-01 9.659548028609927783e-01 9.679807034038075964e-01 9.707288596514971335e-01 9.738375663300853358e-01 9.764438182937542621e-01 9.787420867181808593e-01 9.808375355781243643e-01 9.833504796306706819e-01 9.852554703644913481e-01 9.872926528962494563e-01 9.893404032175808771e-01 9.917305908601995457e-01 9.949553634230865473e-01 
9.970599130482842298e-01 9.935176291436655927e-01 9.911151666291028173e-01 9.888469614171134792e-01 9.865754459996122216e-01 9.837865202162479061e-01 9.817955402931436426e-01 9.797154846481010981e-01 9.767586354190672671e-01 9.735631991899873494e-01 9.708228135338585751e-01 9.666778160738648262e-01 9.638231657581680656e-01 9.618600383311337598e-01 9.593551773496918900e-01 9.573575690871054533e-01 9.559667569013275967e-01 9.544230525320851477e-01 9.529522915319599274e-01 9.520709931212182342e-01 9.530717638653580792e-01 9.542469371796133970e-01 9.557207824880957769e-01 9.573526457251834154e-01 9.597058989675706364e-01 9.614004909015358979e-01 9.632113497019760828e-01 9.659661095405838172e-01 9.691356582177628187e-01 9.718201720043083691e-01 9.760535057222072819e-01 9.791950096988920604e-01 9.813954923690859644e-01 9.842723834772829639e-01 9.866836948267811991e-01 9.886385378072513053e-01 9.911527274917772967e-01 9.947833524422924345e-01 
9.967681590480993448e-01 9.938882734671266039e-01 9.911547258803112825e-01 9.883306586896092316e-01 9.858413130681683567e-01 9.840533750566980986e-01 9.819893417529097501e-01 9.789118622623628196e-01 9.760956515149593615e-01 9.726807448843741710e-01 9.697844355480998990e-01 9.671814210832734293e-01 9.637600246042206109e-01 9.608166396828282663e-01 9.587574386406060301e-01 9.565344201753963604e-01 9.547014957829160764e-01 9.524711554634766042e-01 9.507905232601260304e-01 9.504380140062421711e-01 9.510038044633242205e-01 9.524387446425732762e-01 9.544035868147479063e-01 9.561878264330535560e-01 9.575264149557806137e-01 9.593639247115360869e-01 9.621871944478495031e-01 9.647984796448298983e-01 9.680349165119943589e-01 9.708716954330133264e-01 9.736106875697765339e-01 9.771010206751610250e-01 9.802993218869734404e-01 9.826813236703073606e-01 9.854196126281014045e-01 9.879823329314112446e-01 9.912079746586678342e-01 9.948322391011023003e-01 
9.959252219889640489e-01 9.927153545729826556e-01 9.895925634682304350e-01 9.865576985824574541e-01 9.845745390148821219e-01 9.819823056533540928e-01 9.786213465615459794e-01 9.752891164184912531e-01 9.721019018151035862e-01 9.688956175302834151e-01 9.657817195335103300e-01 9.638557094378061851e-01 9.621635751481071308e-01 9.594115858767419125e-01 9.579536408268547465e-01 9.566920063956495524e-01 9.547919492645229322e-01 9.534173149585398743e-01 9.520107436091385100e-01 9.520186809614864520e-01 9.532194812697204478e-01 9.552083126893832210e-01 9.574161135577766713e-01 9.589568829253120041e-01 9.612005874394821126e-01 9.642275986288570966e-01 9.673320898035625559e-01 9.704009375235973511e-01 9.736274172381090830e-01 9.768683198620760066e-01 9.789066425113185366e-01 9.807100223292710695e-01 9.837824558817958032e-01 9.856071857425822147e-01 9.873240777136341739e-01 9.900192069011561902e-01 9.924616253896453300e-01 9.958591760843010787e-01 
9.940381224537901961e-01 9.902463180407606869e-01 9.865331557290555331e-01 9.820935439939498801e-01 9.789700886153681614e-01 9.759094602327127443e-01 9.723650504221945656e-01 9.688588298241951335e-01 9.647070863194977530e-01 9.607520455996665376e-01 9.585863123924668328e-01 9.567093089113568594e-01 9.556707069602511373e-01 9.545784150979571558e-01 9.528899633474707809e-01 9.517707208609225145e-01 9.501958031272176308e-01 9.495254231083407603e-01 9.498829907674747330e-01 9.504016976115613469e-01 9.523033654246035873e-01 9.549228545806220936e-01 9.586265916630013484e-01 9.613650317684255819e-01 9.641310596066550165e-01 9.675559751374721573e-01 9.710593463258458957e-01 9.752719848746853604e-01 9.794353874716108521e-01 9.818978319296922663e-01 9.840606605781045957e-01 9.854018135040045756e-01 9.868910752112970419e-01 9.890449947225595784e-01 9.908005020801378127e-01 9.932928768823116039e-01 9.953111652523445319e-01 9.972851904284184554e-01 
9.960947106884692204e-01 9.938367579421656384e-01 9.910737424274790319e-01 9.886255842999639443e-01 9.868441087949327839e-01 9.852367590881285775e-01 9.823805145935917693e-01 9.806188573810444842e-01 9.782239514995816343e-01 9.764870432900726316e-01 9.739519908650781099e-01 9.707189401816690433e-01 9.681569340782649746e-01 9.650662219433967515e-01 9.626906456876014317e-01 9.604848506597635227e-01 9.577019358767260293e-01 9.559637745239988327e-01 9.538943075917253323e-01 9.534698801519320144e-01 9.537970873444996389e-01 9.554025025683282601e-01 9.570972310497567470e-01 9.583337707636819802e-01 9.596254764728169295e-01 9.620549313546339354e-01 9.636333025975596378e-01 9.658402607057079425e-01 9.675011162876796522e-01 9.699805733486215331e-01 9.732809677223924760e-01 9.758800178710957951e-01 9.790767683575621882e-01 9.816610179235359945e-01 9.840870971062399830e-01 9.873600598110183757e-01 9.899024137111293031e-01 9.936227460939925926e-01 
9.962120895738809656e-01 9.931074692685561978e-01 9.900317825896081114e-01 9.880907205133807603e-01 9.863127906381541354e-01 9.837262599908171978e-01 9.809349618249623148e-01 9.786578785207304954e-01 9.760591054034706282e-01 9.730163013495474189e-01 9.693069801272716779e-01 9.663269187139085226e-01 9.641194539693316301e-01 9.614118384271027606e-01 9.594688855012591944e-01 9.574811244065104532e-01 9.556103608609078925e-01 9.540201603988059942e-01 9.524047249138832827e-01 9.518426062338946059e-01 9.528078565438174996e-01 9.546117178452325769e-01 9.559081277399305021e-01 9.572393224001117806e-01 9.595023241700322281e-01 9.619540915813417081e-01 9.640834405261642370e-01 9.665659872015200937e-01 9.695026292095092479e-01 9.732608553051519396e-01 9.762884735365957578e-01 9.786965560983407197e-01 9.816851644683055600e-01 9.839602537547618155e-01 9.864757891433495463e-01 9.890008741400051484e-01 9.915132883468222857e-01 9.949141769358719189e-01 
9.952520223478606987e-01 9.915860687483980529e-01 9.887171956906987136e-01 9.852210772169335273e-01 9.817110541130712464e-01 9.788576992026037926e-01 9.755813543461349102e-01 9.724312270326626040e-01 9.698548718849980821e-01 9.666439703529056127e-01 9.643469784248663856e-01 9.619405064242486647e-01 9.604512149791094577e-01 9.592986824525415734e-01 9.573404822701312433e-01 9.559585306013053119e-01 9.545830427744937952e-01 9.527830854159133889e-01 9.519119453684229404e-01 9.517989938529182181e-01 9.534642997795736985e-01 9.552500523758941098e-01 9.580058032677796209e-01 9.609926725839202932e-01 9.636316956009747248e-01 9.667470654059457935e-01 9.697216689267198486e-01 9.722635126407557227e-01 9.755142917463195396e-01 9.779576760399654178e-01 9.805186920775401660e-01 9.822515573849932569e-01 9.836697784700946245e-01 9.861009608842862262e-01 9.880346620595831242e-01 9.901671910238165619e-01 9.930993665487148903e-01 9.960704570763407872e-01 
9.925854951371987367e-01 9.880781165565737378e-01 9.842388892023986591e-01 9.799722654176732384e-01 9.760863805127178994e-01 9.726594735692409843e-01 9.688922928368987053e-01 9.648089647975767180e-01 9.606115751357465760e-01 9.563849523805487696e-01 9.549577312039496668e-01 9.532834512912935487e-01 9.519860792566922081e-01 9.504384544844995952e-01 9.496697923610162295e-01 9.483726027160688243e-01 9.473712513867680318e-01 9.472818935016165121e-01 9.481670648410155389e-01 9.481159563747896257e-01 9.507413490339510220e-01 9.538440334024462786e-01 9.576212003660000693e-01 9.612437383061734897e-01 9.645567996641996045e-01 9.682998189188873894e-01 9.724067534412212943e-01 9.768596268148443951e-01 9.814451130537682477e-01 9.831589883150114728e-01 9.851854274245601673e-01 9.869342723576931542e-01 9.890404074305721993e-01 9.903646180921800157e-01 9.925465979332311894e-01 9.944812507950316904e-01 9.957199016358687649e-01 9.968547879040069448e-01 
9.955285134433415895e-01 9.923810473267324905e-01 9.889899685657880246e-01 9.864400711486666085e-01 9.842331553752149409e-01 9.816039065278269193e-01 9.790063494473699723e-01 9.759465725453160267e-01 9.730701363211267108e-01 9.694982315398616990e-01 9.670696047786701000e-01 9.646934363201641327e-01 9.628066567403131826e-01 9.610202682605295532e-01 9.587689200121891631e-01 9.570293114268800805e-01 9.553745440666645550e-01 9.539061820959776616e-01 9.526768766784768916e-01 9.529188520346588698e-01 9.539405392723315780e-01 9.561359481035155428e-01 9.580037651823133382e-01 9.597519442963053926e-01 9.620993738038370324e-01 9.644644260797791135e-01 9.673366869725137374e-01 9.701435426897474512e-01 9.738006281477169512e-01 9.762518803969982839e-01 9.787398400461014836e-01 9.807866966511888940e-01 9.828208762648286134e-01 9.855411443159139973e-01 9.878156598863137017e-01 9.900400707723367999e-01 9.924909318060373131e-01 9.956047394096985137e-01 
9.947815189441556738e-01 9.913602573656006278e-01 9.869730843332250592e-01 9.838838836440486624e-01 9.797333157132017689e-01 9.764801382731497226e-01 9.733846556635179503e-01 9.706786191031584465e-01 9.679066909212754588e-01 9.648040981880996458e-01 9.632687808442169652e-01 9.611535129167090297e-01 9.594862619690475158e-01 9.578383284715696888e-01 9.565614000097457659e-01 9.552668740681952153e-01 9.542958415389128923e-01 9.538034580249852290e-01 9.532125848611022745e-01 9.528941537463325728e-01 9.544621882644852562e-01 9.578329561631033773e-01 9.603499121836668317e-01 9.640094792275356594e-01 9.670277387528941615e-01 9.700005966884585051e-01 9.726793731393882370e-01 9.754992268941001798e-01 9.788042112822226137e-01 9.804366714949348527e-01 9.828389554087582081e-01 9.848418772668759980e-01 9.869311524164754434e-01 9.887034903683723508e-01 9.905389976818748110e-01 9.921505357205555597e-01 9.937203140413003455e-01 9.964163814735264024e-01 
9.950828469695253142e-01 9.914071444895284912e-01 9.886293254076894410e-01 9.854773612520043580e-01 9.820258420798072541e-01 9.786180620129570906e-01 9.760655287311864603e-01 9.728213220873742628e-01 9.698325180320689354e-01 9.663591025262452394e-01 9.648721501895474173e-01 9.630956669298104122e-01 9.605775638577468412e-01 9.590018923654086702e-01 9.573501216184723273e-01 9.557343276130132459e-01 9.542860215897642773e-01 9.536502065798592165e-01 9.526558695860802839e-01 9.527151885891116390e-01 9.544725395131486989e-01 9.562168216299491430e-01 9.586655777172581328e-01 9.617049463759828054e-01 9.647466086580105404e-01 9.670851206578187087e-01 9.702013670747281493e-01 9.731755789155110969e-01 9.767703894846745394e-01 9.783962807629017489e-01 9.803564376160898153e-01 9.832061294184963884e-01 9.850502884626293199e-01 9.870801918574547695e-01 9.892324905548852687e-01 9.913992047170950839e-01 9.930517328215003880e-01 9.961357072534549051e-01 
9.963104152782445988e-01 9.942101744304521205e-01 9.912109290242427928e-01 9.890396315737570720e-01 9.867582387246238707e-01 9.842789258587557599e-01 9.815046369098210377e-01 9.788028888501663083e-01 9.764875110052266827e-01 9.735647994515995718e-01 9.705473636647671265e-01 9.673680222655505201e-01 9.648858270349340849e-01 9.623725022016506037e-01 9.595577823425200936e-01 9.578957973440453966e-01 9.561121496843674183e-01 9.540838138931562185e-01 9.515812742182759854e-01 9.522002425099737044e-01 9.522518562820549981e-01 9.539338321866164261e-01 9.553150021248787427e-01 9.570276621289888208e-01 9.589987509081941974e-01 9.613932857003485433e-01 9.639117071732221653e-01 9.661118038631528737e-01 9.689740812942712056e-01 9.719831547318611431e-01 9.752552130269370734e-01 9.779168796695982824e-01 9.806317122459528024e-01 9.838722092338054726e-01 9.859947534820703297e-01 9.882984268571528563e-01 9.911665574777505094e-01 9.955820691195154115e-01 
9.955251734595875757e-01 9.924443065343748760e-01 9.891028630534437482e-01 9.864839739735122848e-01 9.834709337353827463e-01 9.810983735752458745e-01 9.783708206998875667e-01 9.753560155250325936e-01 9.719816818960959059e-01 9.681489705118333511e-01 9.661690437965519962e-01 9.640553624868525295e-01 9.620800476437878501e-01 9.599916429359282022e-01 9.585838596497705533e-01 9.566117555635030856e-01 9.550014655442899958e-01 9.537684814659548316e-01 9.523610093646855956e-01 9.527882798122709884e-01 9.539811116292720161e-01 9.561570197193072218e-01 9.581059114970428281e-01 9.606249847872442293e-01 9.627054452797225714e-01 9.652015117478083273e-01 9.680712028947329184e-01 9.714025770648930802e-01 9.751746301273176432e-01 9.772041552050624302e-01 9.794781023368767103e-01 9.817387142613568374e-01 9.842317162816490717e-01 9.860399918156861343e-01 9.885804138602320990e-01 9.909426873776423506e-01 9.933389363176979847e-01 9.968895928484520219e-01 
9.969531827575225380e-01 9.941597275366476083e-01 9.922701773712012674e-01 9.897767169764649653e-01 9.880452007105848811e-01 9.863180673584348579e-01 9.843272737054951094e-01 9.819196079853900194e-01 9.791356923522593902e-01 9.771847656457344211e-01 9.742978495532820249e-01 9.720240650858572584e-01 9.693671791149679473e-01 9.663278661908806244e-01 9.634873129097289990e-01 9.614697614207581289e-01 9.591756867669620767e-01 9.570440508078188468e-01 9.545836809789346455e-01 9.538752820447471414e-01 9.546289949151356424e-01 9.553507895674429040e-01 9.569362043606232104e-01 9.582023329891830032e-01 9.595281818775021065e-01 9.611865197643358893e-01 9.633429029555363732e-01 9.659167800819209448e-01 9.677287809723357226e-01 9.706338851620343045e-01 9.728846810140127088e-01 9.756189617074828568e-01 9.787861068430997458e-01 9.818704851804914702e-01 9.841948778024456335e-01 9.871540147884003691e-01 9.900780415890571007e-01 9.942859331728091110e-01 
9.941135573718901108e-01 9.909567621464864251e-01 9.872492017198563063e-01 9.836133176359922459e-01 9.807085983357337611e-01 9.780336433953982223e-01 9.746362668750150338e-01 9.715430942371876544e-01 9.684721585688650380e-01 9.653404063724750905e-01 9.635529447397048752e-01 9.612502964533664596e-01 9.589541820557269114e-01 9.577773575915420334e-01 9.561765764490678388e-01 9.549028246474182691e-01 9.538078709901095520e-01 9.529256966210545299e-01 9.528694833661048857e-01 9.535846340411680000e-01 9.550373362836377389e-01 9.578072438244794595e-01 9.608794087201274481e-01 9.634189604390958062e-01 9.658896549584786717e-01 9.690785799274733714e-01 9.722071974398643901e-01 9.753954922516105963e-01 9.787033559229654234e-01 9.806416286230841273e-01 9.831572942379169788e-01 9.857355877093175733e-01 9.871830449949371422e-01 9.893357046498062468e-01 9.911084337948903311e-01 9.929813856709708286e-01 9.948989347656878035e-01 9.967308926292497429e-01 
9.965111951762208875e-01 9.935880158801794204e-01 9.918501825905304825e-01 9.899975666730922441e-01 9.884037613327412153e-01 9.870414125958296703e-01 9.852926440634807159e-01 9.828702902809391961e-01 9.808298436974492995e-01 9.787694516683388413e-01 9.749798314954198908e-01 9.723118099420141602e-01 9.701033401532365152e-01 9.678432392565268216e-01 9.658582004858654591e-01 9.633075571435508744e-01 9.610899597828209684e-01 9.585413010308484472e-01 9.566686358070163321e-01 9.560297363372225465e-01 9.571970333142032494e-01 9.579460345145203171e-01 9.590789366615736222e-01 9.603083877367505350e-01 9.613327625305827517e-01 9.627673706167223511e-01 9.649532143238847004e-01 9.668334499697246454e-01 9.688025789249605779e-01 9.725538788472392060e-01 9.751663085350391613e-01 9.774006784646280810e-01 9.797914763542812100e-01 9.819964014091059346e-01 9.847348452738169389e-01 9.874506080787930351e-01 9.906262439352996330e-01 9.938727063309825693e-01 
9.966466455246835165e-01 9.945333886896171594e-01 9.928086892838431377e-01 9.909421355308356549e-01 9.892032848475281748e-01 9.866787067004765266e-01 9.848909294538397141e-01 9.833988867504067644e-01 9.812895754097556988e-01 9.784908753298723338e-01 9.743370941053740575e-01 9.706527095982865339e-01 9.682022156620506692e-01 9.651095599275915093e-01 9.624148002162113968e-01 9.605632093832503493e-01 9.580527599384426329e-01 9.556224558960062510e-01 9.533343330403862836e-01 9.528610714984022678e-01 9.529371251409067822e-01 9.536134317787267056e-01 9.546824355246925631e-01 9.558520559532561744e-01 9.578501826755490001e-01 9.593870142090740183e-01 9.606168611153481640e-01 9.624753404225646625e-01 9.650829777595808512e-01 9.690347061680036900e-01 9.727501431911833585e-01 9.752764165589538070e-01 9.785421808982074365e-01 9.814353207658618183e-01 9.835908133974109457e-01 9.865535386767334547e-01 9.897314048318383017e-01 9.936220788166589823e-01 
9.955690349066428357e-01 9.917207769824003538e-01 9.885369640264570767e-01 9.857675400314258596e-01 9.828718415507788908e-01 9.806140107817660212e-01 9.780033358346827965e-01 9.756479724018604083e-01 9.724597968908232914e-01 9.691537560498255655e-01 9.668287488595754819e-01 9.651720901423985755e-01 9.630018377545738195e-01 9.614024777905910701e-01 9.597683169482986720e-01 9.580923918312501675e-01 9.565314605022361416e-01 9.552918478106063871e-01 9.541669862810047142e-01 9.538455568165266074e-01 9.557149097040096297e-01 9.579374531106225055e-01 9.602238978701802541e-01 9.627706508718741896e-01 9.648156140943086045e-01 9.671872805211652047e-01 9.696012053291112043e-01 9.728198132911698437e-01 9.761750773784781954e-01 9.785732580229976607e-01 9.803225272679546576e-01 9.827410571758250502e-01 9.846380749264063148e-01 9.866080531308468737e-01 9.887180368853898393e-01 9.909917040936766508e-01 9.930891928996865570e-01 9.961139698291940903e-01 
9.972723181339061549e-01 9.952827050688608512e-01 9.938538278607197407e-01 9.920776320966347983e-01 9.904371037356165530e-01 9.885162875974831120e-01 9.859714124799185964e-01 9.829170750615007224e-01 9.813702184379258231e-01 9.785978502390146883e-01 9.745744698567180286e-01 9.719661263088180680e-01 9.689187990134661144e-01 9.660948308418446651e-01 9.634631401909625747e-01 9.612760888098865752e-01 9.587082555914789861e-01 9.560892317580154121e-01 9.529309559520966477e-01 9.520814462409109558e-01 9.519119879051918254e-01 9.522029471243952381e-01 9.531602903568844321e-01 9.542500296466746024e-01 9.556728165549713827e-01 9.576902104127399395e-01 9.603762313220002289e-01 9.616956175906188342e-01 9.643070909070873276e-01 9.681813185205824235e-01 9.707197308741950526e-01 9.737340450063166619e-01 9.766164651097475335e-01 9.795019674460397896e-01 9.818878211440102977e-01 9.850135129595513073e-01 9.882969624606842141e-01 9.930907372522832510e-01 
9.968570698803803642e-01 9.945349916755218400e-01 9.925033778589447131e-01 9.896923994965172167e-01 9.876949592110894072e-01 9.857618732361694835e-01 9.835971912439920306e-01 9.802821012402710421e-01 9.779897341195342708e-01 9.749254957449322578e-01 9.726359202196168674e-01 9.700937132333934398e-01 9.675230954362026292e-01 9.652119085808946730e-01 9.630721054307982421e-01 9.615732940078300928e-01 9.590559893273763459e-01 9.567666302341550910e-01 9.557037529818317445e-01 9.550510815952298893e-01 9.554813192928117704e-01 9.565133645123868877e-01 9.584653414461129506e-01 9.600388273429308894e-01 9.616606802747234006e-01 9.635516500454306410e-01 9.666165418768082329e-01 9.686975323096518320e-01 9.717054558676183618e-01 9.739823543972686570e-01 9.765848564020113143e-01 9.793281842916129465e-01 9.818606476825673113e-01 9.843005196462227824e-01 9.861572027367491167e-01 9.892355752791487378e-01 9.925602816524063954e-01 9.952588243638138543e-01 
9.966176484894928578e-01 9.943203406131155830e-01 9.920327012871771322e-01 9.900250951738996941e-01 9.877495081305398550e-01 9.860127981777022654e-01 9.837920310037058247e-01 9.815088659985360398e-01 9.790738572037587240e-01 9.765058467478441306e-01 9.740503896405026119e-01 9.714636154036613291e-01 9.694893188293094433e-01 9.673839579278434853e-01 9.649576900548172409e-01 9.621980217997015972e-01 9.606535277815518858e-01 9.581652085958887177e-01 9.558264772016286104e-01 9.557510116572557335e-01 9.562709911602248480e-01 9.576425123368398351e-01 9.589850292459842773e-01 9.608096393631838650e-01 9.622022760325161794e-01 9.642239083022332569e-01 9.662486136120809199e-01 9.685118990550317664e-01 9.710335343360370075e-01 9.734889960764911976e-01 9.761029177962537995e-01 9.781383805189004521e-01 9.804956368001483957e-01 9.831673393723319165e-01 9.863365625195456010e-01 9.883172056328750621e-01 9.915831461689484927e-01 9.956137210700995999e-01 
9.958174040218495948e-01 9.941530783821033168e-01 9.906588269632660149e-01 9.880352628816128080e-01 9.858590718467878933e-01 9.827374922945882885e-01 9.806388048937368929e-01 9.783129063362301370e-01 9.752285995074080338e-01 9.723654698236070537e-01 9.697443790067852287e-01 9.670808629518019561e-01 9.650154514909865533e-01 9.633446596174575216e-01 9.613255570334434674e-01 9.597380285403165345e-01 9.581317406911460388e-01 9.564684389521782570e-01 9.548070041252179063e-01 9.553727245635145193e-01 9.551964102330425810e-01 9.574146074806320073e-01 9.593312372771578556e-01 9.610494121932954270e-01 9.637317121034372214e-01 9.656092912836757858e-01 9.678049248222266865e-01 9.707434046179892473e-01 9.736798556104144797e-01 9.763707196330643212e-01 9.790371067307950259e-01 9.812563345294976758e-01 9.831714805621051267e-01 9.855910823055044068e-01 9.875512725742772169e-01 9.897279227675733759e-01 9.922254773531379302e-01 9.959441405868842967e-01 
