6.766941547393798828e-01 1.393695612250667182e-07 6.739029473346036525e-12 6.012824651157808176e-14 
6.766985058784484863e-01 1.400080833491301746e-07 5.134536892881236270e-12 6.268056006956262971e-14 
5.205208659172058105e-01 1.525685036085633328e-07 6.659528397484626439e-12 7.138426405973313793e-14 
5.205227732658386230e-01 1.544635921391090960e-07 7.290867562459446560e-12 7.667525197662533598e-14 
5.025117993354797363e-01 1.530341933175805025e-07 5.997172810440210000e-12 7.167897053900543214e-14 
5.025131106376647949e-01 1.545402170677334652e-07 7.036860677489542581e-12 7.679338257958120972e-14 
5.089539289474487305e-01 1.531166446966381045e-07 5.880119741813460976e-12 7.190511478339517426e-14 
5.089544653892517090e-01 1.548558969943769625e-07 7.088411455025145358e-12 7.701771756159561666e-14 
5.120025277137756348e-01 1.509546336819767021e-07 5.896090907175910445e-12 6.968247322474557803e-14 
5.120028257369995117e-01 1.523355734889264568e-07 7.170695027342022243e-12 7.467229688317561509e-14 
5.006936192512512207e-01 1.503436521943513071e-07 4.992818224830442020e-12 6.826284600514737066e-14 
5.006917715072631836e-01 1.511737508508304018e-07 6.736613437224869827e-12 7.391485969295008562e-14 
5.011538863182067871e-01 1.557837805421513622e-07 4.363016892217075338e-12 7.310117951502687061e-14 
5.011518001556396484e-01 1.568929519635275938e-07 6.695209057300255395e-12 7.986865427920056271e-14 
5.091727375984191895e-01 1.589604465834781877e-07 4.995376508276638816e-12 7.648227076618649423e-14 
5.091710090637207031e-01 1.604653334652539343e-07 7.383047298525902136e-12 8.347269815460467424e-14 
5.063044428825378418e-01 1.560066493766498752e-07 3.341399639616993156e-12 7.287567901567704176e-14 
5.063033699989318848e-01 1.576431429839431075e-07 6.475954321405463787e-12 8.070846372948067837e-14 
4.957787990570068359e-01 1.493681054398621200e-07 3.873050317959592093e-12 6.725921360660469528e-14 
4.957788288593292236e-01 1.521834889217643649e-07 6.613515724646079619e-12 7.522107936530630923e-14 
5.062909722328186035e-01 1.748726958794577513e-07 6.385024019922580507e-12 9.271276373576733953e-14 
5.062921047210693359e-01 1.777719660367438337e-07 1.003028476248557510e-11 1.023128589770945507e-13 
5.021391510963439941e-01 1.717981632509690826e-07 5.598831294417738746e-12 8.943925922143616813e-14 
5.021423697471618652e-01 1.762309267405726132e-07 9.564279056240021504e-12 1.002026898413131695e-13 
5.016515851020812988e-01 2.038403721371651045e-07 6.909848561387210708e-12 1.259116508972590864e-13 
5.016537308692932129e-01 2.087584078935833531e-07 1.293709150224087168e-11 1.405159219232746115e-13 
5.029994845390319824e-01 2.070110980412209756e-07 4.018483462653321681e-12 1.277976612338790896e-13 
5.030022263526916504e-01 2.117932638157071779e-07 1.140017507478274794e-11 1.451508726581229869e-13 
5.051691532135009766e-01 2.248558246265019989e-07 7.894080354675647726e-12 1.529452427337027465e-13 
5.051721930503845215e-01 2.315435523314590682e-07 1.509275690536604486e-11 1.741394707469381964e-13 
4.905161857604980469e-01 2.244414076812972780e-07 6.874972813264434990e-12 1.515795681247128490e-13 
4.905211031436920166e-01 2.335370368200528901e-07 1.368507043797428935e-11 1.763940691646218029e-13 
5.093010067939758301e-01 3.143026390262093628e-07 1.059359197586040580e-11 2.988157681363401430e-13 
5.093044638633728027e-01 3.243414425924129318e-07 2.682687405552997006e-11 3.426608768865996302e-13 
5.005156993865966797e-01 3.938460224617301719e-07 1.918003429690617878e-11 4.716831851318825652e-13 
5.005216598510742188e-01 4.062991649789182702e-07 4.233991629520872380e-11 5.325109927664661846e-13 
4.963655769824981689e-01 6.331736130960052833e-07 6.683433667609151030e-11 1.229093107672774021e-12 
4.963705837726593018e-01 6.602963935620209668e-07 1.419375866840155709e-10 1.457717410321968110e-12 
5.019308328628540039e-01 7.129585810616845265e-07 4.208441928277295574e-11 1.532031554569990295e-12 
5.019380450248718262e-01 7.367554530901543330e-07 1.146733819012979438e-10 1.773277813650608881e-12 
5.040800571441650391e-01 1.401974373038683552e-06 1.424744211497852575e-10 5.878518592045134383e-12 
5.040840506553649902e-01 1.452440301363822073e-06 3.874039977702636861e-10 6.953554919364446363e-12 
4.674554765224456787e-01 8.834458640194498003e-07 3.842509296858587220e-11 2.337756724313244661e-12 
4.674656689167022705e-01 9.437732160222367384e-07 1.092281681769335933e-10 2.864466910196261651e-12 
5.057704448699951172e-01 2.490955012035556138e-06 4.270639952785870719e-10 1.864316860611392457e-11 
5.057748556137084961e-01 2.564259148130076937e-06 9.367264741655390026e-10 2.159055399741927062e-11 
5.118027925491333008e-01 2.036846672126557678e-05 3.840910878238901205e-08 1.491119894225789722e-09 
5.117165446281433105e-01 1.990897908399347216e-05 4.073944026572462462e-08 1.429896312465928077e-09 
4.949521422386169434e-01 5.213482381805079058e-06 1.337026156456033732e-09 8.367855020008363454e-11 
4.949718117713928223e-01 5.424813025456387550e-06 2.783234309688964458e-09 9.718956889281926692e-11 
5.003608465194702148e-01 7.657955393369775265e-06 2.149765254699786965e-09 1.808230093436336006e-10 
5.003955960273742676e-01 7.994892257556784898e-06 4.664900021822404597e-09 2.090658757225583031e-10 
4.900560975074768066e-01 6.298516836977796629e-06 1.582299735680692265e-09 1.209131683665987111e-10 
4.900878965854644775e-01 6.581960860785329714e-06 2.943628452101165749e-09 1.399612786778803297e-10 
6.514912247657775879e-01 7.718965644016861916e-04 3.719499773069401272e-06 1.818302621359180193e-06 
6.509483456611633301e-01 7.903938530944287777e-04 4.359641479823039845e-06 1.819657086343795527e-06 
5.127089619636535645e-01 4.298067779018310830e-06 5.635740762954810634e-10 5.523046950339782768e-11 
5.127345323562622070e-01 4.442721547093242407e-06 1.270190841395901771e-09 6.262352442165664002e-11 
5.037779211997985840e-01 4.684031409851741046e-06 6.504446981026035246e-10 6.563846688401042684e-11 
5.038018822669982910e-01 4.862085916101932526e-06 1.516914927002233071e-09 7.530660817156586972e-11 
4.946681261062622070e-01 5.151376626599812880e-06 7.420490333309714970e-10 7.934504442363987664e-11 
4.946916401386260986e-01 5.364947355701588094e-06 1.843232344533873857e-09 9.197504563518421605e-11 
4.803268015384674072e-01 5.942642474110471085e-06 8.874823098636852592e-10 1.058718668289770903e-10 
4.803514182567596436e-01 6.216943347681080922e-06 2.452771985517188114e-09 1.244510189346570428e-10 
4.954477250576019287e-01 7.776155143801588565e-06 1.618181810769669937e-09 1.821047063144121125e-10 
4.954748153686523438e-01 8.103082109300885350e-06 4.059271141443332453e-09 2.126708531502430333e-10 
5.047930479049682617e-01 1.097815038519911468e-05 3.054459796203445876e-09 3.654634095351383394e-10 
5.048280954360961914e-01 1.138350216933758929e-05 7.442981786454083704e-09 4.221018812256005504e-10 
5.021551847457885742e-01 1.709220850898418576e-05 7.851300942718353326e-09 9.014948787466892099e-10 
5.022042989730834961e-01 1.754785989760421216e-05 1.642314373384579085e-08 1.011301042908030468e-09 
5.077773332595825195e-01 2.774109816527925432e-05 2.089460338083881652e-08 2.413870436868137404e-09 
5.078362226486206055e-01 2.829532604664564133e-05 4.023905830763396807e-08 2.671807219911670472e-09 
4.937733709812164307e-01 4.318707942729815841e-05 5.145483683577367628e-08 5.954067461289014318e-09 
4.938250482082366943e-01 4.399239696795120835e-05 9.249725962945376523e-08 6.654556017338109086e-09 
4.976702034473419189e-01 8.799858187558129430e-05 1.538504221798575600e-07 2.509235486058969400e-08 
4.977807700634002686e-01 8.960824925452470779e-05 2.673091614724398823e-07 2.736551962811972771e-08 
4.748703837394714355e-01 4.857627936871722341e-05 4.126767549905707710e-08 7.212272556955667824e-09 
4.749464988708496094e-01 5.011785469832830131e-05 7.581041927551268600e-08 8.062547074416670512e-09 
4.993553459644317627e-01 1.333913824055343866e-04 2.817504594077036018e-07 5.649910761462706432e-08 
4.995257854461669922e-01 1.363775081699714065e-04 4.802451485375058837e-07 6.167119437350265798e-08 
5.003166198730468750e-01 2.142166486009955406e-04 6.262070542106812354e-07 1.450856359497265657e-07 
5.005382299423217773e-01 2.217137516709044576e-04 9.651793106968398206e-07 1.606199333537006169e-07 
4.879429042339324951e-01 1.061061848304234445e-04 1.594621750200531096e-07 3.443982521389443718e-08 
4.880869090557098389e-01 1.091694284696131945e-04 2.645119820954278111e-07 3.768760592492981232e-08 
5.020232796669006348e-01 2.232888364233076572e-04 4.976470222572970670e-07 1.503264428492911975e-07 
5.022126436233520508e-01 2.321335196029394865e-04 9.593102276994613931e-07 1.744280382354190806e-07 
5.079871416091918945e-01 2.180698356823995709e-04 3.851680787647637771e-07 1.428361002808742342e-07 
5.081801414489746094e-01 2.261661575175821781e-04 7.606868166476488113e-07 1.598157979287861963e-07 
5.037393569946289062e-01 7.954608299769461155e-04 3.766782583625172265e-06 1.889819827738392632e-06 
5.041989088058471680e-01 8.348667179234325886e-04 5.827857421536464244e-06 2.056105813608155586e-06 
4.948130846023559570e-01 6.359331309795379639e-04 2.485004870322882198e-06 1.221971501763619017e-06 
4.954206347465515137e-01 6.627220427617430687e-04 4.048395112477010116e-06 1.314943460783979390e-06 
4.975921809673309326e-01 5.839483346790075302e-04 1.787693463484174572e-06 1.026351355903898366e-06 
4.979137778282165527e-01 6.047943606972694397e-04 3.294899443062604405e-06 1.105290039049577899e-06 
4.891984760761260986e-01 1.143633853644132614e-03 6.459867563535226509e-06 3.740750571523676626e-06 
4.894988238811492920e-01 1.175884041003882885e-03 9.258705176762305200e-06 4.003896719950716943e-06 
5.022073388099670410e-01 1.353369792923331261e-03 5.815241365780821070e-06 5.239836355031002313e-06 
5.027307868003845215e-01 1.393013284541666508e-03 8.382807209272868931e-06 5.458382929646177217e-06 
4.993464946746826172e-01 1.006929669529199600e-03 3.044250661332625896e-06 2.991677774843992665e-06 
4.998854696750640869e-01 1.033668988384306431e-03 5.328551651473389938e-06 3.109101044174167328e-06 
5.601404905319213867e-01 2.553947968408465385e-03 1.546196290291845798e-05 1.754614822857547551e-05 
5.598931312561035156e-01 2.764678327366709709e-03 1.012990196613827720e-05 2.031978874583728611e-05 
4.971559345722198486e-01 2.602808875963091850e-03 1.677594264037907124e-05 1.839437572925817221e-05 
4.973772764205932617e-01 2.654387848451733589e-03 2.509222213120665401e-05 1.923633317346684635e-05 
4.948293864727020264e-01 2.669970039278268814e-03 1.258762131328694522e-05 1.944627547345589846e-05 
4.957376420497894287e-01 2.769534941762685776e-03 2.663520535861607641e-05 2.110422065015882254e-05 
4.964254796504974365e-01 3.126624040305614471e-03 1.455740220990264788e-05 2.625461638672277331e-05 
4.970242679119110107e-01 3.180191386491060257e-03 2.216186112491413951e-05 2.684722676349338144e-05 
4.643799364566802979e-01 3.324487945064902306e-03 3.282913166913203895e-05 2.991355177073273808e-05 
4.646837413311004639e-01 3.361238166689872742e-03 4.349816663307137787e-05 3.092577026109211147e-05 
4.932258725166320801e-01 4.111702088266611099e-03 2.117997428285889328e-05 4.420804543769918382e-05 
4.942869842052459717e-01 4.206115845590829849e-03 3.547111555235460401e-05 4.608272502082400024e-05 
4.849490523338317871e-01 4.890756215900182724e-03 4.017333412775769830e-05 6.179606862133368850e-05 
4.851028621196746826e-01 4.922004882246255875e-03 5.740605411119759083e-05 6.309425225481390953e-05 
4.899550080299377441e-01 4.984444472938776016e-03 2.261559529870282859e-05 6.431571819121018052e-05 
4.900557100772857666e-01 5.013136193156242371e-03 4.406052903505042195e-05 6.501678581116721034e-05 
5.062084197998046875e-01 4.904002882540225983e-03 -1.173835244117071852e-05 6.283030961640179157e-05 
5.068390369415283203e-01 4.976104013621807098e-03 7.873833055782597512e-06 6.386804307112470269e-05 
5.441784858703613281e-01 4.581357818096876144e-03 -5.431264798971824348e-05 5.623032484436407685e-05 
5.451169013977050781e-01 4.582649096846580505e-03 -3.443762398092076182e-05 5.550497371586970985e-05 
4.592391550540924072e-01 7.016724906861782074e-03 1.100398731068708003e-04 1.245939347427338362e-04 
4.590821564197540283e-01 7.079498376697301865e-03 1.508690038463100791e-04 1.292350061703473330e-04 
5.334975719451904297e-01 5.690350197255611420e-03 -6.388230394804850221e-05 8.452211477560922503e-05 
5.348422527313232422e-01 5.749823059886693954e-03 -4.813007399206981063e-05 8.546802564524114132e-05 
5.076463818550109863e-01 6.940476130694150925e-03 -2.859436244762036949e-05 1.216948294313624501e-04 
5.079338550567626953e-01 6.947849877178668976e-03 9.475760634813923389e-06 1.211943090311251581e-04 
4.878454804420471191e-01 6.375123281031847000e-03 -7.108874342520721257e-06 1.034535016515292227e-04 
4.880965352058410645e-01 6.404233630746603012e-03 2.868355113605502993e-05 1.049893980962224305e-04 
4.920418858528137207e-01 8.109043352305889130e-03 1.872838220151606947e-05 1.601867988938465714e-04 
4.931249916553497314e-01 8.175392635166645050e-03 5.244004569249227643e-05 1.646891614655032754e-04 
5.276371240615844727e-01 9.554197080433368683e-03 -1.345630607829662040e-05 2.156821428798139095e-04 
5.299034118652343750e-01 9.712884202599525452e-03 -1.200955830427119508e-05 2.224695926997810602e-04 
4.750482738018035889e-01 9.669355116784572601e-03 1.260232384083792567e-04 2.218411682406440377e-04 
4.760303199291229248e-01 9.785834699869155884e-03 1.714328391244634986e-04 2.329549461137503386e-04 
4.834902882575988770e-01 9.956482797861099243e-03 9.785389556782320142e-05 2.348507114220410585e-04 
4.846460223197937012e-01 1.002914831042289734e-02 1.333709078608080745e-04 2.422577090328559279e-04 
4.920317828655242920e-01 9.722953662276268005e-03 1.097211588785285130e-05 2.245216310257092118e-04 
4.931851923465728760e-01 9.707611054182052612e-03 6.135293369879946113e-05 2.300733904121443629e-04 
4.791539013385772705e-01 8.947153575718402863e-03 1.382013124384684488e-05 1.963118993444368243e-04 
4.806163609027862549e-01 8.959792554378509521e-03 3.959888636018149555e-05 1.989182637771591544e-04 
4.981189072132110596e-01 9.205837734043598175e-03 -3.205489701940678060e-05 2.075908996630460024e-04 
4.994762539863586426e-01 9.202423505485057831e-03 -3.791233893934986554e-06 2.080513368127867579e-04 
4.968176484107971191e-01 1.140096690505743027e-02 7.436384476022794843e-05 2.978168777190148830e-04 
4.985486268997192383e-01 1.147995702922344208e-02 9.926357597578316927e-05 3.085836360696703196e-04 
5.116038918495178223e-01 9.445493109524250031e-03 -1.005335507215932012e-04 2.206693316111341119e-04 
5.130028724670410156e-01 9.401536546647548676e-03 -7.584943523397669196e-05 2.198215224780142307e-04 
4.841432273387908936e-01 1.107667200267314911e-02 3.436979750404134393e-05 2.899322134908288717e-04 
4.853891134262084961e-01 1.115228421986103058e-02 7.803203334333375096e-05 2.987307088915258646e-04 
4.748964905738830566e-01 1.191445346921682358e-02 1.607924205018207431e-04 3.286394930910319090e-04 
4.773411750793457031e-01 1.202644314616918564e-02 1.745236950227990746e-04 3.415917453821748495e-04 
4.827112257480621338e-01 1.112669892609119415e-02 3.440484942984767258e-05 2.935796510428190231e-04 
4.840155541896820068e-01 1.115172076970338821e-02 8.686142246006056666e-05 3.002576122526079416e-04 
5.293884873390197754e-01 1.200810074806213379e-02 -1.419903419446200132e-04 3.438793937675654888e-04 
5.307235121726989746e-01 1.206739898771047592e-02 -1.248525659320876002e-04 3.474433033261448145e-04 
4.916690886020660400e-01 1.234362553805112839e-02 2.010876232816372067e-05 3.570867120288312435e-04 
4.919809699058532715e-01 1.220016088336706161e-02 9.393798973178490996e-05 3.530810063239187002e-04 
5.253664255142211914e-01 1.282164547592401505e-02 -1.194148062495514750e-04 3.867509367410093546e-04 
5.268225073814392090e-01 1.283636223524808884e-02 -8.550880738766863942e-05 3.864745958708226681e-04 
4.763464927673339844e-01 1.209404319524765015e-02 4.770825762534514070e-05 3.465528425294905901e-04 
4.774073064327239990e-01 1.207430381327867508e-02 1.274348760489374399e-04 3.530429094098508358e-04 
5.331877470016479492e-01 1.257441658526659012e-02 -2.191726816818118095e-04 3.822252620011568069e-04 
5.341029167175292969e-01 1.247599348425865173e-02 -1.599419047124683857e-04 3.732019686140120029e-04 
4.802855551242828369e-01 1.464297994971275330e-02 2.812718448694795370e-04 4.850919358432292938e-04 
4.820899367332458496e-01 1.471506990492343903e-02 3.308250452391803265e-04 4.957435885444283485e-04 
5.029294490814208984e-01 1.322766207158565521e-02 -3.154884689138270915e-05 4.108038265258073807e-04 
5.041357278823852539e-01 1.323527377098798752e-02 2.715523442020639777e-05 4.160056705586612225e-04 
4.937971234321594238e-01 1.502936519682407379e-02 9.903177124215289950e-05 5.083401920273900032e-04 
4.950383305549621582e-01 1.486853230744600296e-02 1.731887023197486997e-04 5.058376118540763855e-04 
5.247357487678527832e-01 1.496485807001590729e-02 -4.867546886089257896e-05 5.088210455141961575e-04 
5.271308422088623047e-01 1.495672203600406647e-02 -3.817541437456384301e-05 5.042722914367914200e-04 
5.241406559944152832e-01 1.553956791758537292e-02 -5.095951928524300456e-05 5.384225514717400074e-04 
5.265283584594726562e-01 1.545226480811834335e-02 -3.483055115793831646e-05 5.352030275389552116e-04 
4.806628823280334473e-01 1.491570100188255310e-02 1.568791922181844711e-04 5.103473667986690998e-04 
4.829648435115814209e-01 1.498792320489883423e-02 1.937701745191588998e-04 5.183665198273956776e-04 
4.919689595699310303e-01 1.521580480039119720e-02 1.004685418592998758e-05 5.324905505403876305e-04 
4.940777420997619629e-01 1.510158460587263107e-02 6.363590364344418049e-05 5.272706039249897003e-04 
4.836856126785278320e-01 1.474414020776748657e-02 5.738527761423029006e-05 5.053871427662670612e-04 
4.850207567214965820e-01 1.470400486141443253e-02 1.341095194220542908e-04 5.057990783825516701e-04 
4.686803817749023438e-01 1.617857255041599274e-02 2.656882570590823889e-04 5.970933707430958748e-04 
4.710163772106170654e-01 1.619949378073215485e-02 3.138011670671403408e-04 6.044642650522291660e-04 
4.696197509765625000e-01 1.733346283435821533e-02 4.596211947500705719e-04 6.711434689350426197e-04 
4.720329046249389648e-01 1.735999807715415955e-02 4.871770506724715233e-04 6.782420095987617970e-04 
4.672545194625854492e-01 1.676111482083797455e-02 2.772348816506564617e-04 6.388854235410690308e-04 
4.699519276618957520e-01 1.679108850657939911e-02 3.060746530536562204e-04 6.452164961956441402e-04 
4.747828245162963867e-01 1.555817946791648865e-02 1.091385274776257575e-04 5.645936471410095692e-04 
4.766169488430023193e-01 1.563772559165954590e-02 1.727284397929906845e-04 5.714649450965225697e-04 
4.756705164909362793e-01 1.815920509397983551e-02 5.685492069460451603e-04 7.322320598177611828e-04 
4.784518480300903320e-01 1.819669269025325775e-02 5.660455208271741867e-04 7.374196429736912251e-04 
4.680407941341400146e-01 1.704906299710273743e-02 2.802372036967426538e-04 6.684254622086882591e-04 
4.698771834373474121e-01 1.705431379377841949e-02 3.372832725290209055e-04 6.690695299766957760e-04 
4.961465299129486084e-01 1.837215386331081390e-02 1.269679196411743760e-04 7.462968351319432259e-04 
4.989801943302154541e-01 1.827811263501644135e-02 1.685963943600654602e-04 7.407982484437525272e-04 
4.592748582363128662e-01 1.793132536113262177e-02 4.117401258554309607e-04 7.305244216695427895e-04 
4.614737629890441895e-01 1.784433610737323761e-02 4.767982754856348038e-04 7.307921769097447395e-04 
4.977388978004455566e-01 1.358289550989866257e-02 -1.118619838962331414e-04 4.552822501864284277e-04 
4.988421201705932617e-01 1.348032988607883453e-02 -5.500009501702152193e-05 4.462959768716245890e-04 
5.383524894714355469e-01 1.895665936172008514e-02 -3.633374872151762247e-04 8.171970839612185955e-04 
5.411094427108764648e-01 1.868307217955589294e-02 -3.382772556506097317e-04 7.904256344772875309e-04 
5.247911214828491211e-01 2.090649865567684174e-02 7.675671440665610135e-07 9.220623178407549858e-04 
5.279645919799804688e-01 2.048839442431926727e-02 -2.413125002931337804e-06 8.923150599002838135e-04 
4.746906161308288574e-01 1.920623891055583954e-02 3.774524666368961334e-04 8.232055115513503551e-04 
4.761832952499389648e-01 1.910174079239368439e-02 4.596830112859606743e-04 8.137457771226763725e-04 
4.528876543045043945e-01 1.970897428691387177e-02 7.485395763069391251e-04 8.773280424065887928e-04 
4.541461765766143799e-01 1.961737312376499176e-02 7.974119507707655430e-04 8.766302489675581455e-04 
5.156839489936828613e-01 2.046720497310161591e-02 2.470901818014681339e-04 8.913632482290267944e-04 
5.173864960670471191e-01 2.044091932475566864e-02 2.967263280879706144e-04 8.867101278156042099e-04 
4.898696839809417725e-01 2.177863754332065582e-02 2.888437593355774879e-04 1.014827867038547993e-03 
4.920741319656372070e-01 2.159618213772773743e-02 3.570642729755491018e-04 9.960494935512542725e-04 
5.290921330451965332e-01 2.064685523509979248e-02 3.575614755391143262e-05 9.136111475527286530e-04 
5.314216613769531250e-01 2.059341780841350555e-02 3.008069506904575974e-05 8.988706977106630802e-04 
4.861878156661987305e-01 2.127481438219547272e-02 3.286901919636875391e-04 9.859794517979025841e-04 
4.890090525150299072e-01 2.117920108139514923e-02 3.254287003073841333e-04 9.713378967717289925e-04 
5.036111474037170410e-01 2.123494632542133331e-02 1.204296786454506218e-04 9.795702062547206879e-04 
5.062931776046752930e-01 2.116797864437103271e-02 1.491147995693609118e-04 9.668726124800741673e-04 
5.156863331794738770e-01 2.207893319427967072e-02 -1.738743012538179755e-04 1.053146086633205414e-03 
5.185106396675109863e-01 2.173192426562309265e-02 -1.368806551909074187e-04 1.021086238324642181e-03 
5.020344257354736328e-01 2.076291292905807495e-02 -1.315786939812824130e-04 9.669876308180391788e-04 
5.044418573379516602e-01 2.060476504266262054e-02 -5.058601527707651258e-05 9.437412372790277004e-04 
4.642053544521331787e-01 2.281586639583110809e-02 8.441676618531346321e-04 1.130034681409597397e-03 
4.667260944843292236e-01 2.274894528090953827e-02 8.796142064966261387e-04 1.124419854022562504e-03 
5.102708339691162109e-01 2.288834564387798309e-02 -8.434904884779825807e-05 1.130723394453525543e-03 
5.130501985549926758e-01 2.253235876560211182e-02 -1.530870940769091249e-05 1.084003015421330929e-03 
5.120993852615356445e-01 2.421470172703266144e-02 1.472567237215116620e-04 1.213445793837308884e-03 
5.158168077468872070e-01 2.385978773236274719e-02 1.367227523587644100e-04 1.182690146379172802e-03 
5.578849315643310547e-01 2.127654291689395905e-02 -6.450918735936284065e-04 1.024999190121889114e-03 
5.610283613204956055e-01 2.096530608832836151e-02 -6.268550641834735870e-04 9.938300354406237602e-04 
4.905549883842468262e-01 2.265934087336063385e-02 7.424108916893601418e-04 1.096279709599912167e-03 
4.933260679244995117e-01 2.254435792565345764e-02 7.523379754275083542e-04 1.088446006178855896e-03 
5.218397378921508789e-01 2.193187549710273743e-02 -3.085365169681608677e-04 1.074126688763499260e-03 
5.242225527763366699e-01 2.163661085069179535e-02 -2.417509531369432807e-04 1.038350863382220268e-03 
4.971704781055450439e-01 2.402599155902862549e-02 6.548778037540614605e-04 1.215417054481804371e-03 
4.998392164707183838e-01 2.381326630711555481e-02 6.619486957788467407e-04 1.189841073937714100e-03 
4.943809509277343750e-01 2.344707027077674866e-02 1.751217641867697239e-04 1.196628669276833534e-03 
4.974512457847595215e-01 2.316583320498466492e-02 1.810122630558907986e-04 1.157919294200837612e-03 
4.939392209053039551e-01 2.588992752134799957e-02 4.954912001267075539e-04 1.384692965075373650e-03 
4.972724318504333496e-01 2.552657201886177063e-02 4.753594694193452597e-04 1.347365905530750751e-03 
4.845921099185943604e-01 2.458402886986732483e-02 6.403439329005777836e-04 1.270669279620051384e-03 
4.880690574645996094e-01 2.420303411781787872e-02 5.934411892667412758e-04 1.239011879079043865e-03 
4.488269388675689697e-01 2.509437315165996552e-02 1.092087361030280590e-03 1.385173643939197063e-03 
4.520853161811828613e-01 2.503277920186519623e-02 1.075374661013484001e-03 1.360754133202135563e-03 
5.180968642234802246e-01 2.551820874214172363e-02 4.308829375077039003e-04 1.339387497864663601e-03 
5.221415758132934570e-01 2.522422373294830322e-02 3.593399887904524803e-04 1.303238794207572937e-03 
4.849837124347686768e-01 2.600009925663471222e-02 5.096693057566881180e-04 1.426885253749787807e-03 
4.892772734165191650e-01 2.578324638307094574e-02 5.034604109823703766e-04 1.395558356307446957e-03 
4.879894256591796875e-01 2.743756398558616638e-02 8.775549358688294888e-04 1.560858101584017277e-03 
4.932588338851928711e-01 2.704856917262077332e-02 7.831759867258369923e-04 1.511430484242737293e-03 
5.048679113388061523e-01 2.677316218614578247e-02 -3.046054916922003031e-05 1.505955471657216549e-03 
5.088431239128112793e-01 2.586002275347709656e-02 5.315885573509149253e-06 1.404804643243551254e-03 
4.676650762557983398e-01 2.770038135349750519e-02 1.353023806586861610e-03 1.637017354369163513e-03 
4.718821942806243896e-01 2.736722677946090698e-02 1.277606585063040257e-03 1.585186808370053768e-03 
5.103658437728881836e-01 2.983164042234420776e-02 4.031756834592670202e-04 1.769782975316047668e-03 
5.150519609451293945e-01 2.938262745738029480e-02 3.356766537763178349e-04 1.718607498332858086e-03 
4.856096506118774414e-01 2.854609303176403046e-02 4.868216637987643480e-04 1.680416287854313850e-03 
4.894061982631683350e-01 2.802649885416030884e-02 4.794375563506036997e-04 1.623339834623038769e-03 
4.903027415275573730e-01 2.551900967955589294e-02 5.752644501626491547e-04 1.390801044180989265e-03 
4.929780066013336182e-01 2.521943300962448120e-02 5.436639767140150070e-04 1.343977637588977814e-03 
5.301355719566345215e-01 2.640582993626594543e-02 2.308549883309751749e-04 1.433300902135670185e-03 
5.336398482322692871e-01 2.605632878839969635e-02 1.499990612501278520e-04 1.382520771585404873e-03 
4.901848137378692627e-01 2.074933610856533051e-02 1.086580450646579266e-03 1.003800658509135246e-03 
4.922186434268951416e-01 2.104124426841735840e-02 1.028022728860378265e-03 1.029595267027616501e-03 
4.793991446495056152e-01 3.094353340566158295e-02 1.174068660475313663e-03 1.927081029862165451e-03 
4.838645458221435547e-01 3.030096925795078278e-02 1.019574468955397606e-03 1.863115583546459675e-03 
4.899386465549468994e-01 2.789986878633499146e-02 6.858352571725845337e-04 1.618920941837131977e-03 
4.929975271224975586e-01 2.765824645757675171e-02 6.482045864686369896e-04 1.576974755153059959e-03 
4.715892672538757324e-01 2.785499952733516693e-02 1.264674472622573376e-03 1.647936762310564518e-03 
4.747170209884643555e-01 2.745971269905567169e-02 1.184186432510614395e-03 1.602514996193349361e-03 
4.740829765796661377e-01 2.921660244464874268e-02 1.280056661926209927e-03 1.779300509952008724e-03 
4.781816899776458740e-01 2.876632660627365112e-02 1.160416984930634499e-03 1.722697285003960133e-03 
4.703547656536102295e-01 3.133171796798706055e-02 1.438273349776864052e-03 2.026502043008804321e-03 
4.739905595779418945e-01 3.117528371512889862e-02 1.378199202008545399e-03 1.983576687052845955e-03 
5.082102417945861816e-01 3.075397945940494537e-02 6.423995364457368851e-04 1.897677313536405563e-03 
5.112594366073608398e-01 3.029733896255493164e-02 6.211751024238765240e-04 1.839784556068480015e-03 
5.255296826362609863e-01 3.111587464809417725e-02 6.275204941630363464e-04 1.917331945151090622e-03 
5.286792516708374023e-01 3.052862733602523804e-02 6.034779944457113743e-04 1.846102415584027767e-03 
4.658020734786987305e-01 3.266181051731109619e-02 2.039869781583547592e-03 2.219987334683537483e-03 
4.694854021072387695e-01 3.211943060159683228e-02 1.907553756609559059e-03 2.144433557987213135e-03 
5.123808383941650391e-01 3.070868365466594696e-02 7.969625876285135746e-04 1.904895645566284657e-03 
5.155513882637023926e-01 3.028537146747112274e-02 7.065336103551089764e-04 1.843963051214814186e-03 
4.861558079719543457e-01 3.234666213393211365e-02 1.275884336791932583e-03 2.117674797773361206e-03 
4.896436631679534912e-01 3.179628774523735046e-02 1.124053844250738621e-03 2.053952775895595551e-03 
4.747413992881774902e-01 3.169425949454307556e-02 1.795468153432011604e-03 2.091326517984271049e-03 
4.781877100467681885e-01 3.128084912896156311e-02 1.593186170794069767e-03 2.028671791777014732e-03 
5.446722507476806641e-01 3.109407797455787659e-02 -1.066968179657123983e-04 1.911695580929517746e-03 
5.488528013229370117e-01 3.043833933770656586e-02 -2.253065322292968631e-04 1.834408147260546684e-03 
4.740051627159118652e-01 3.558234870433807373e-02 1.448735012672841549e-03 2.505984390154480934e-03 
4.788930416107177734e-01 3.478587791323661804e-02 1.240504789166152477e-03 2.400449942797422409e-03 
4.994893074035644531e-01 3.347240015864372253e-02 7.692985818721354008e-04 2.222747774794697762e-03 
5.032759904861450195e-01 3.276858106255531311e-02 6.134135765023529530e-04 2.128251828253269196e-03 
4.965907037258148193e-01 3.764510154724121094e-02 9.376212838105857372e-04 2.703254343941807747e-03 
5.015307664871215820e-01 3.687293827533721924e-02 7.602339028380811214e-04 2.595755038782954216e-03 
5.091679096221923828e-01 3.500023484230041504e-02 7.372455438598990440e-04 2.374307950958609581e-03 
5.146985650062561035e-01 3.410079702734947205e-02 4.537764471024274826e-04 2.266421215608716011e-03 
4.930167496204376221e-01 3.485181555151939392e-02 1.363445422612130642e-03 2.388930879533290863e-03 
4.978948831558227539e-01 3.397939726710319519e-02 1.067826873622834682e-03 2.285217400640249252e-03 
5.128859877586364746e-01 3.473729640245437622e-02 5.468364106491208076e-04 2.340099774301052094e-03 
5.177770853042602539e-01 3.385582938790321350e-02 3.613620356190949678e-04 2.233297331258654594e-03 
4.968854188919067383e-01 3.361580893397331238e-02 1.027124817483127117e-03 2.253869082778692245e-03 
5.009592771530151367e-01 3.280524909496307373e-02 8.690548711456358433e-04 2.143332501873373985e-03 
5.085816383361816406e-01 3.725278005003929138e-02 7.774965488351881504e-04 2.630196511745452881e-03 
5.142039656639099121e-01 3.621787577867507935e-02 5.025717546232044697e-04 2.504226285964250565e-03 
4.746856987476348877e-01 3.660675138235092163e-02 1.624645083211362362e-03 2.629195339977741241e-03 
4.802249073982238770e-01 3.563001751899719238e-02 1.314365421421825886e-03 2.500916132703423500e-03 
4.749896526336669922e-01 3.620414435863494873e-02 1.561248442158102989e-03 2.603970700874924660e-03 
4.792788326740264893e-01 3.521099686622619629e-02 1.336344634182751179e-03 2.456712303683161736e-03 
5.020220875740051270e-01 3.417360782623291016e-02 8.228115621022880077e-04 2.301164902746677399e-03 
5.059347748756408691e-01 3.327423706650733948e-02 6.710592424497008324e-04 2.181200776249170303e-03 
4.865899085998535156e-01 3.574554622173309326e-02 1.500430400483310223e-03 2.530893078073859215e-03 
4.911819398403167725e-01 3.477537259459495544e-02 1.227378379553556442e-03 2.396180294454097748e-03 
5.089364647865295410e-01 3.721065819263458252e-02 1.266810344532132149e-03 2.661559497937560081e-03 
5.149415135383605957e-01 3.618386387825012207e-02 8.235946879722177982e-04 2.523395000025629997e-03 
4.897032678127288818e-01 3.440455347299575806e-02 1.476387958973646164e-03 2.402980113402009010e-03 
4.930208921432495117e-01 3.363389149308204651e-02 1.257432508282363415e-03 2.283805282786488533e-03 
5.136999487876892090e-01 3.711234033107757568e-02 6.345246220007538795e-04 2.655065851286053658e-03 
5.178225040435791016e-01 3.616400808095932007e-02 4.565892741084098816e-04 2.504982519894838333e-03 
4.712003767490386963e-01 4.178361222147941589e-02 2.152057131752371788e-03 3.332698950543999672e-03 
4.755140542984008789e-01 4.054516553878784180e-02 1.896100817248225212e-03 3.156184451654553413e-03 
5.222117304801940918e-01 4.081492871046066284e-02 7.506852853111922741e-04 3.104373812675476074e-03 
5.273712277412414551e-01 3.993088006973266602e-02 3.328123711980879307e-04 2.968489425256848335e-03 
4.555124640464782715e-01 3.877468407154083252e-02 2.963703591376543045e-03 3.116083098575472832e-03 
4.581047594547271729e-01 3.802098706364631653e-02 2.787529956549406052e-03 2.980095567181706429e-03 
5.185974836349487305e-01 3.908363729715347290e-02 1.068822108209133148e-03 2.876283600926399231e-03 
5.213934183120727539e-01 3.775707632303237915e-02 8.605810580775141716e-04 2.726133447140455246e-03 
4.911013245582580566e-01 3.716504946351051331e-02 1.646842923946678638e-03 2.740344963967800140e-03 
4.934117197990417480e-01 3.598723560571670532e-02 1.408463693223893642e-03 2.578648040071129799e-03 
4.749794602394104004e-01 4.232381656765937805e-02 2.143482910469174385e-03 3.420392517000436783e-03 
4.796246886253356934e-01 4.128307104110717773e-02 1.714795944280922413e-03 3.256038529798388481e-03 
4.550457000732421875e-01 4.094621911644935608e-02 3.048769896849989891e-03 3.367314347997307777e-03 
4.594150781631469727e-01 3.966080024838447571e-02 2.494714688509702682e-03 3.160872263833880424e-03 
4.846617281436920166e-01 4.201714694499969482e-02 1.708900788798928261e-03 3.293913556262850761e-03 
4.896839857101440430e-01 4.030936211347579956e-02 1.228062203153967857e-03 3.111324505880475044e-03 
5.267044305801391602e-01 4.092760384082794189e-02 2.716098679229617119e-04 3.104691393673419952e-03 
5.310825705528259277e-01 3.980422019958496094e-02 2.963976294267922640e-05 2.950144000351428986e-03 
4.871324896812438965e-01 4.147780314087867737e-02 1.345406752079725266e-03 3.237487282603979111e-03 
4.903926253318786621e-01 4.047426208853721619e-02 1.173829776234924793e-03 3.102117218077182770e-03 
4.954825639724731445e-01 4.154565557837486267e-02 1.320605515502393246e-03 3.248197725042700768e-03 
4.987790584564208984e-01 4.049116745591163635e-02 1.029985607601702213e-03 3.092927159741520882e-03 
4.918634295463562012e-01 3.816703334450721741e-02 1.590655650943517685e-03 2.890834119170904160e-03 
4.947113394737243652e-01 3.778273612260818481e-02 1.435504294931888580e-03 2.790695754811167717e-03 
5.239876508712768555e-01 4.298970848321914673e-02 6.042417953722178936e-04 3.391251899302005768e-03 
5.282818078994750977e-01 4.203563556075096130e-02 2.120968565577641129e-04 3.253056434914469719e-03 
4.454776048660278320e-01 4.297479614615440369e-02 2.524625975638628006e-03 3.549246117472648621e-03 
4.481530487537384033e-01 4.151131957769393921e-02 2.284758258610963821e-03 3.358757356181740761e-03 
4.656898975372314453e-01 4.259546846151351929e-02 2.088538603857159615e-03 3.458413761109113693e-03 
4.688474237918853760e-01 4.150880500674247742e-02 1.788475899957120419e-03 3.291729139164090157e-03 
4.982770979404449463e-01 4.162837937474250793e-02 1.054595340974628925e-03 3.253443865105509758e-03 
5.008695721626281738e-01 4.082071408629417419e-02 1.038720831274986267e-03 3.133524209260940552e-03 
5.009260177612304688e-01 4.195145517587661743e-02 1.478399499319493771e-03 3.335937857627868652e-03 
5.041805505752563477e-01 4.092297703027725220e-02 1.253765542060136795e-03 3.163601737469434738e-03 
4.977860152721405029e-01 4.531368985772132874e-02 1.181071042083203793e-03 3.737705294042825699e-03 
5.010553002357482910e-01 4.414821416139602661e-02 8.668969967402517796e-04 3.566147061064839363e-03 
5.053638219833374023e-01 4.388850182294845581e-02 9.034437825903296471e-04 3.555174451321363449e-03 
5.088679790496826172e-01 4.271877929568290710e-02 6.429569912143051624e-04 3.373681101948022842e-03 
5.094333887100219727e-01 4.899885877966880798e-02 1.173892640508711338e-03 4.247869830578565598e-03 
5.161034464836120605e-01 4.721771553158760071e-02 4.967153654433786869e-04 4.007759969681501389e-03 
4.870487153530120850e-01 4.110179096460342407e-02 1.622247160412371159e-03 3.253471339121460915e-03 
4.903813004493713379e-01 3.990121930837631226e-02 1.308766659349203110e-03 3.071737708523869514e-03 
4.972272217273712158e-01 4.677473753690719604e-02 1.130210934206843376e-03 3.956765867769718170e-03 
5.015316605567932129e-01 4.544468596577644348e-02 7.422250346280634403e-04 3.754364559426903725e-03 
4.829144179821014404e-01 4.424324259161949158e-02 1.886149402707815170e-03 3.675480373203754425e-03 
4.860796034336090088e-01 4.329253733158111572e-02 1.577367540448904037e-03 3.514091251417994499e-03 
5.072457194328308105e-01 4.668905213475227356e-02 1.299743074923753738e-03 3.972716163843870163e-03 
5.109326839447021484e-01 4.533884674310684204e-02 9.709889418445527554e-04 3.766538808122277260e-03 
5.264636874198913574e-01 4.645334929227828979e-02 5.365828401409089565e-04 3.867204068228602409e-03 
5.302084088325500488e-01 4.464707523584365845e-02 3.025791083928197622e-04 3.643668489530682564e-03 
5.148129463195800781e-01 4.540525376796722412e-02 1.335581066086888313e-03 3.820929676294326782e-03 
5.175777077674865723e-01 4.391278699040412903e-02 1.072152517735958099e-03 3.588039660826325417e-03 
5.029792785644531250e-01 5.018279328942298889e-02 1.799266319721937180e-03 4.523632582277059555e-03 
5.066850185394287109e-01 4.802501574158668518e-02 1.305234734900295734e-03 4.189951810985803604e-03 
4.909767210483551025e-01 4.719942435622215271e-02 2.018261002376675606e-03 4.112182185053825378e-03 
4.921448528766632080e-01 4.551115259528160095e-02 1.737431972287595272e-03 3.868663217872381210e-03 
5.104734301567077637e-01 5.137281864881515503e-02 9.234977769665420055e-04 4.650622606277465820e-03 
5.143504738807678223e-01 4.972509667277336121e-02 4.391668771859258413e-04 4.382369574159383774e-03 
4.798781275749206543e-01 4.898362606763839722e-02 2.505478449165821075e-03 4.423134960234165192e-03 
4.827989935874938965e-01 4.714703187346458435e-02 2.085034735500812531e-03 4.139005206525325775e-03 
4.810632765293121338e-01 4.839853569865226746e-02 2.356237964704632759e-03 4.321458283811807632e-03 
4.846999645233154297e-01 4.681086912751197815e-02 1.817017095163464546e-03 4.053699783980846405e-03 
4.928156137466430664e-01 4.713111370801925659e-02 2.056203549727797508e-03 4.128682427108287811e-03 
4.950023293495178223e-01 4.533138498663902283e-02 1.663313945755362511e-03 3.860037541016936302e-03 
5.143576264381408691e-01 4.778361693024635315e-02 9.532257099635899067e-04 4.157075658440589905e-03 
5.159412622451782227e-01 4.624198749661445618e-02 8.724405197426676750e-04 3.897240385413169861e-03 
5.107416510581970215e-01 5.067151039838790894e-02 1.237571472302079201e-03 4.572106059640645981e-03 
5.150213241577148438e-01 4.934303089976310730e-02 6.087602814659476280e-04 4.345074295997619629e-03 
5.046266913414001465e-01 4.731578007340431213e-02 1.636584987863898277e-03 4.150406923145055771e-03 
5.057615041732788086e-01 4.629505053162574768e-02 1.500000362284481525e-03 3.938820678740739822e-03 
4.974110424518585205e-01 5.398187041282653809e-02 1.691065263003110886e-03 5.087361205369234085e-03 
5.013481378555297852e-01 5.195333063602447510e-02 1.093339640647172928e-03 4.783647600561380386e-03 
4.958244562149047852e-01 5.125712975859642029e-02 1.397839630953967571e-03 4.665724933147430420e-03 
4.990528225898742676e-01 4.919672012329101562e-02 9.143110946752130985e-04 4.365261178463697433e-03 
4.954493641853332520e-01 5.459794029593467712e-02 1.917421235702931881e-03 5.207908805459737778e-03 
4.996012449264526367e-01 5.254658311605453491e-02 1.292490400373935699e-03 4.881637170910835266e-03 
5.058539509773254395e-01 5.135126784443855286e-02 1.874681096524000168e-03 4.741692449897527695e-03 
5.122680664062500000e-01 4.978660121560096741e-02 1.096641644835472107e-03 4.477971699088811874e-03 
4.720299541950225830e-01 5.315785109996795654e-02 3.259378951042890549e-03 5.164771806448698044e-03 
4.727552831172943115e-01 5.125904455780982971e-02 2.949483226984739304e-03 4.879116080701351166e-03 
5.007775425910949707e-01 5.084014683961868286e-02 2.243347698822617531e-03 4.710961133241653442e-03 
5.012181401252746582e-01 4.919908195734024048e-02 2.001333981752395630e-03 4.468081053346395493e-03 
4.950132071971893311e-01 4.999937862157821655e-02 2.416304079815745354e-03 4.641050472855567932e-03 
4.948648512363433838e-01 4.835889488458633423e-02 2.206705743446946144e-03 4.383917897939682007e-03 
5.190197825431823730e-01 5.801495537161827087e-02 9.489128133282065392e-04 5.762053653597831726e-03 
5.239904522895812988e-01 5.628215149044990540e-02 3.054560511372983456e-04 5.463043227791786194e-03 
