8.645403981208801270e-01 8.004246354103088379e-01 0.000000000000000000e+00 5.000000000000000000e-01 5.000000000000000000e-01 0.000000000000000000e+00 5.000000000000000000e-01 0.000000000000000000e+00 0.000000000000000000e+00 0.000000000000000000e+00 
2.837737500667572021e-01 2.928065657615661621e-01 0.000000000000000000e+00 1.000000000000000000e+00 9.583333333333333703e-01 0.000000000000000000e+00 1.000000000000000000e+00 0.000000000000000000e+00 9.230769230769231282e-01 0.000000000000000000e+00 
8.802323788404464722e-02 1.094968616962432861e-01 0.000000000000000000e+00 1.000000000000000000e+00 9.951923076923077094e-01 0.000000000000000000e+00 1.000000000000000000e+00 0.000000000000000000e+00 9.904761904761905100e-01 0.000000000000000000e+00 
3.653468936681747437e-02 4.985539615154266357e-02 0.000000000000000000e+00 1.000000000000000000e+00 9.983974358974359031e-01 0.000000000000000000e+00 1.000000000000000000e+00 0.000000000000000000e+00 9.968051118210862205e-01 0.000000000000000000e+00 
1.906592398881912231e-02 2.976385131478309631e-02 0.000000000000000000e+00 1.000000000000000000e+00 9.983974358974359031e-01 0.000000000000000000e+00 1.000000000000000000e+00 0.000000000000000000e+00 9.968051118210862205e-01 0.000000000000000000e+00 
1.237445510923862457e-02 1.959665678441524506e-02 0.000000000000000000e+00 1.000000000000000000e+00 9.983974358974359031e-01 0.000000000000000000e+00 1.000000000000000000e+00 0.000000000000000000e+00 9.968051118210862205e-01 0.000000000000000000e+00 
8.307066746056079865e-03 1.345036551356315613e-02 0.000000000000000000e+00 1.000000000000000000e+00 9.983974358974359031e-01 0.000000000000000000e+00 1.000000000000000000e+00 0.000000000000000000e+00 9.968051118210862205e-01 0.000000000000000000e+00 
5.358610302209854126e-03 1.039073988795280457e-02 0.000000000000000000e+00 1.000000000000000000e+00 9.983974358974359031e-01 0.000000000000000000e+00 1.000000000000000000e+00 0.000000000000000000e+00 9.968051118210862205e-01 0.000000000000000000e+00 
4.173023160547018051e-03 8.643250912427902222e-03 0.000000000000000000e+00 1.000000000000000000e+00 9.983974358974359031e-01 0.000000000000000000e+00 1.000000000000000000e+00 0.000000000000000000e+00 9.968051118210862205e-01 0.000000000000000000e+00 
3.276922041550278664e-03 7.084007374942302704e-03 0.000000000000000000e+00 1.000000000000000000e+00 9.983974358974359031e-01 0.000000000000000000e+00 1.000000000000000000e+00 0.000000000000000000e+00 9.968051118210862205e-01 0.000000000000000000e+00 
2.748881932348012924e-03 6.041270680725574493e-03 0.000000000000000000e+00 1.000000000000000000e+00 9.983974358974359031e-01 0.000000000000000000e+00 1.000000000000000000e+00 0.000000000000000000e+00 9.968051118210862205e-01 0.000000000000000000e+00 
2.175382571294903755e-03 5.283161532133817673e-03 0.000000000000000000e+00 1.000000000000000000e+00 9.983974358974359031e-01 0.000000000000000000e+00 1.000000000000000000e+00 0.000000000000000000e+00 9.968051118210862205e-01 0.000000000000000000e+00 
1.806729123927652836e-03 4.321925807744264603e-03 0.000000000000000000e+00 1.000000000000000000e+00 9.983974358974359031e-01 0.000000000000000000e+00 1.000000000000000000e+00 0.000000000000000000e+00 9.968051118210862205e-01 0.000000000000000000e+00 
1.523799961432814598e-03 3.961968701332807541e-03 0.000000000000000000e+00 1.000000000000000000e+00 9.983974358974359031e-01 0.000000000000000000e+00 1.000000000000000000e+00 0.000000000000000000e+00 9.968051118210862205e-01 0.000000000000000000e+00 
1.359616173431277275e-03 3.674369538202881813e-03 0.000000000000000000e+00 1.000000000000000000e+00 9.983974358974359031e-01 0.000000000000000000e+00 1.000000000000000000e+00 0.000000000000000000e+00 9.968051118210862205e-01 0.000000000000000000e+00 
1.222281949594616890e-03 3.490532981231808662e-03 0.000000000000000000e+00 1.000000000000000000e+00 9.983974358974359031e-01 0.000000000000000000e+00 1.000000000000000000e+00 0.000000000000000000e+00 9.968051118210862205e-01 0.000000000000000000e+00 
1.073119230568408966e-03 3.262141952291131020e-03 0.000000000000000000e+00 1.000000000000000000e+00 9.983974358974359031e-01 0.000000000000000000e+00 1.000000000000000000e+00 0.000000000000000000e+00 9.968051118210862205e-01 0.000000000000000000e+00 
9.926358470693230629e-04 3.043645527213811874e-03 0.000000000000000000e+00 1.000000000000000000e+00 9.983974358974359031e-01 0.000000000000000000e+00 1.000000000000000000e+00 0.000000000000000000e+00 9.968051118210862205e-01 0.000000000000000000e+00 
9.019470307976007462e-04 2.806878183037042618e-03 0.000000000000000000e+00 1.000000000000000000e+00 9.983974358974359031e-01 0.000000000000000000e+00 1.000000000000000000e+00 0.000000000000000000e+00 9.968051118210862205e-01 0.000000000000000000e+00 
8.064227877184748650e-04 2.885208232328295708e-03 0.000000000000000000e+00 1.000000000000000000e+00 9.983974358974359031e-01 0.000000000000000000e+00 1.000000000000000000e+00 0.000000000000000000e+00 9.968051118210862205e-01 0.000000000000000000e+00 
7.614265778101980686e-04 2.728900406509637833e-03 0.000000000000000000e+00 1.000000000000000000e+00 9.983974358974359031e-01 0.000000000000000000e+00 1.000000000000000000e+00 0.000000000000000000e+00 9.968051118210862205e-01 0.000000000000000000e+00 
6.862564478069543839e-04 2.535544801503419876e-03 0.000000000000000000e+00 1.000000000000000000e+00 9.983974358974359031e-01 0.000000000000000000e+00 1.000000000000000000e+00 0.000000000000000000e+00 9.968051118210862205e-01 0.000000000000000000e+00 
6.609376287087798119e-04 2.492013620212674141e-03 0.000000000000000000e+00 1.000000000000000000e+00 9.983974358974359031e-01 0.000000000000000000e+00 1.000000000000000000e+00 0.000000000000000000e+00 9.968051118210862205e-01 0.000000000000000000e+00 
6.216750480234622955e-04 2.454693429172039032e-03 0.000000000000000000e+00 1.000000000000000000e+00 9.983974358974359031e-01 0.000000000000000000e+00 1.000000000000000000e+00 0.000000000000000000e+00 9.968051118210862205e-01 0.000000000000000000e+00 
5.839185323566198349e-04 2.326873363927006721e-03 0.000000000000000000e+00 1.000000000000000000e+00 9.983974358974359031e-01 0.000000000000000000e+00 1.000000000000000000e+00 0.000000000000000000e+00 9.968051118210862205e-01 0.000000000000000000e+00 
5.496887024492025375e-04 2.298082225024700165e-03 0.000000000000000000e+00 1.000000000000000000e+00 9.983974358974359031e-01 0.000000000000000000e+00 1.000000000000000000e+00 0.000000000000000000e+00 9.968051118210862205e-01 0.000000000000000000e+00 
5.303974030539393425e-04 2.160777803510427475e-03 0.000000000000000000e+00 1.000000000000000000e+00 9.983974358974359031e-01 0.000000000000000000e+00 1.000000000000000000e+00 0.000000000000000000e+00 9.968051118210862205e-01 0.000000000000000000e+00 
4.896195023320615292e-04 2.189247403293848038e-03 0.000000000000000000e+00 1.000000000000000000e+00 9.983974358974359031e-01 0.000000000000000000e+00 1.000000000000000000e+00 0.000000000000000000e+00 9.968051118210862205e-01 0.000000000000000000e+00 
4.741098382510244846e-04 2.132291905581951141e-03 0.000000000000000000e+00 1.000000000000000000e+00 9.983974358974359031e-01 0.000000000000000000e+00 1.000000000000000000e+00 0.000000000000000000e+00 9.968051118210862205e-01 0.000000000000000000e+00 
4.410125839058309793e-04 2.058185404166579247e-03 0.000000000000000000e+00 1.000000000000000000e+00 9.983974358974359031e-01 0.000000000000000000e+00 1.000000000000000000e+00 0.000000000000000000e+00 9.968051118210862205e-01 0.000000000000000000e+00 
4.261973081156611443e-04 2.052048454061150551e-03 0.000000000000000000e+00 1.000000000000000000e+00 9.983974358974359031e-01 0.000000000000000000e+00 1.000000000000000000e+00 0.000000000000000000e+00 9.968051118210862205e-01 0.000000000000000000e+00 
4.098838544450700283e-04 1.974097220227122307e-03 0.000000000000000000e+00 1.000000000000000000e+00 9.983974358974359031e-01 0.000000000000000000e+00 1.000000000000000000e+00 0.000000000000000000e+00 9.968051118210862205e-01 0.000000000000000000e+00 
3.873810637742280960e-04 1.894748536869883537e-03 0.000000000000000000e+00 1.000000000000000000e+00 9.983974358974359031e-01 0.000000000000000000e+00 1.000000000000000000e+00 0.000000000000000000e+00 9.968051118210862205e-01 0.000000000000000000e+00 
3.779635881073772907e-04 1.795439166016876698e-03 0.000000000000000000e+00 1.000000000000000000e+00 9.983974358974359031e-01 0.000000000000000000e+00 1.000000000000000000e+00 0.000000000000000000e+00 9.968051118210862205e-01 0.000000000000000000e+00 
3.507505753077566624e-04 1.827068510465323925e-03 0.000000000000000000e+00 1.000000000000000000e+00 9.983974358974359031e-01 0.000000000000000000e+00 1.000000000000000000e+00 0.000000000000000000e+00 9.968051118210862205e-01 0.000000000000000000e+00 
3.416764957364648581e-04 1.719684922136366367e-03 0.000000000000000000e+00 1.000000000000000000e+00 9.983974358974359031e-01 0.000000000000000000e+00 1.000000000000000000e+00 0.000000000000000000e+00 9.968051118210862205e-01 0.000000000000000000e+00 
3.297814400866627693e-04 1.636773231439292431e-03 0.000000000000000000e+00 1.000000000000000000e+00 9.983974358974359031e-01 0.000000000000000000e+00 1.000000000000000000e+00 0.000000000000000000e+00 9.968051118210862205e-01 0.000000000000000000e+00 
3.164551453664898872e-04 1.586623373441398144e-03 0.000000000000000000e+00 1.000000000000000000e+00 9.983974358974359031e-01 0.000000000000000000e+00 1.000000000000000000e+00 0.000000000000000000e+00 9.968051118210862205e-01 0.000000000000000000e+00 
3.065256169065833092e-04 1.681284629739820957e-03 0.000000000000000000e+00 1.000000000000000000e+00 9.983974358974359031e-01 0.000000000000000000e+00 1.000000000000000000e+00 0.000000000000000000e+00 9.968051118210862205e-01 0.000000000000000000e+00 
2.936659730039536953e-04 1.562969293445348740e-03 0.000000000000000000e+00 1.000000000000000000e+00 9.983974358974359031e-01 0.000000000000000000e+00 1.000000000000000000e+00 0.000000000000000000e+00 9.968051118210862205e-01 0.000000000000000000e+00 
2.803012321237474680e-04 1.498775673098862171e-03 0.000000000000000000e+00 1.000000000000000000e+00 1.000000000000000000e+00 0.000000000000000000e+00 1.000000000000000000e+00 0.000000000000000000e+00 1.000000000000000000e+00 0.000000000000000000e+00 
2.707207167986780405e-04 1.488779322244226933e-03 0.000000000000000000e+00 1.000000000000000000e+00 1.000000000000000000e+00 0.000000000000000000e+00 1.000000000000000000e+00 0.000000000000000000e+00 1.000000000000000000e+00 0.000000000000000000e+00 
2.589139330666512251e-04 1.439213519915938377e-03 0.000000000000000000e+00 1.000000000000000000e+00 1.000000000000000000e+00 0.000000000000000000e+00 1.000000000000000000e+00 0.000000000000000000e+00 1.000000000000000000e+00 0.000000000000000000e+00 
2.488884492777287960e-04 1.524506835266947746e-03 0.000000000000000000e+00 1.000000000000000000e+00 9.983974358974359031e-01 0.000000000000000000e+00 1.000000000000000000e+00 0.000000000000000000e+00 9.968051118210862205e-01 0.000000000000000000e+00 
2.441599208395928144e-04 1.410818309523165226e-03 0.000000000000000000e+00 1.000000000000000000e+00 1.000000000000000000e+00 0.000000000000000000e+00 1.000000000000000000e+00 0.000000000000000000e+00 1.000000000000000000e+00 0.000000000000000000e+00 
2.379054058110341430e-04 1.373406616039574146e-03 0.000000000000000000e+00 1.000000000000000000e+00 1.000000000000000000e+00 0.000000000000000000e+00 1.000000000000000000e+00 0.000000000000000000e+00 1.000000000000000000e+00 0.000000000000000000e+00 
2.291804703418165445e-04 1.268272404558956623e-03 0.000000000000000000e+00 1.000000000000000000e+00 1.000000000000000000e+00 0.000000000000000000e+00 1.000000000000000000e+00 0.000000000000000000e+00 1.000000000000000000e+00 0.000000000000000000e+00 
2.257972955703735352e-04 1.313853310421109200e-03 0.000000000000000000e+00 1.000000000000000000e+00 1.000000000000000000e+00 0.000000000000000000e+00 1.000000000000000000e+00 0.000000000000000000e+00 1.000000000000000000e+00 0.000000000000000000e+00 
2.155055699404329062e-04 1.226992113515734673e-03 0.000000000000000000e+00 1.000000000000000000e+00 1.000000000000000000e+00 0.000000000000000000e+00 1.000000000000000000e+00 0.000000000000000000e+00 1.000000000000000000e+00 0.000000000000000000e+00 
2.119621494784951210e-04 1.146042370237410069e-03 0.000000000000000000e+00 1.000000000000000000e+00 1.000000000000000000e+00 0.000000000000000000e+00 1.000000000000000000e+00 0.000000000000000000e+00 1.000000000000000000e+00 0.000000000000000000e+00 
2.035168581642210484e-04 1.201967592351138592e-03 0.000000000000000000e+00 1.000000000000000000e+00 1.000000000000000000e+00 0.000000000000000000e+00 1.000000000000000000e+00 0.000000000000000000e+00 1.000000000000000000e+00 0.000000000000000000e+00 
1.946228585438802838e-04 1.231722766533493996e-03 0.000000000000000000e+00 1.000000000000000000e+00 1.000000000000000000e+00 0.000000000000000000e+00 1.000000000000000000e+00 0.000000000000000000e+00 1.000000000000000000e+00 0.000000000000000000e+00 
1.907831901917234063e-04 1.182398758828639984e-03 0.000000000000000000e+00 1.000000000000000000e+00 1.000000000000000000e+00 0.000000000000000000e+00 1.000000000000000000e+00 0.000000000000000000e+00 1.000000000000000000e+00 0.000000000000000000e+00 
1.842291094362735748e-04 1.115435268729925156e-03 0.000000000000000000e+00 1.000000000000000000e+00 1.000000000000000000e+00 0.000000000000000000e+00 1.000000000000000000e+00 0.000000000000000000e+00 1.000000000000000000e+00 0.000000000000000000e+00 
1.792288385331630707e-04 1.114405808039009571e-03 0.000000000000000000e+00 1.000000000000000000e+00 1.000000000000000000e+00 0.000000000000000000e+00 1.000000000000000000e+00 0.000000000000000000e+00 1.000000000000000000e+00 0.000000000000000000e+00 
1.733883691485971212e-04 1.126054441556334496e-03 0.000000000000000000e+00 1.000000000000000000e+00 1.000000000000000000e+00 0.000000000000000000e+00 1.000000000000000000e+00 0.000000000000000000e+00 1.000000000000000000e+00 0.000000000000000000e+00 
1.646808523219078779e-04 1.067801262252032757e-03 0.000000000000000000e+00 1.000000000000000000e+00 1.000000000000000000e+00 0.000000000000000000e+00 1.000000000000000000e+00 0.000000000000000000e+00 1.000000000000000000e+00 0.000000000000000000e+00 
1.639394031371921301e-04 1.014661509543657303e-03 0.000000000000000000e+00 1.000000000000000000e+00 1.000000000000000000e+00 0.000000000000000000e+00 1.000000000000000000e+00 0.000000000000000000e+00 1.000000000000000000e+00 0.000000000000000000e+00 
1.638930407352745533e-04 1.044758595526218414e-03 0.000000000000000000e+00 1.000000000000000000e+00 1.000000000000000000e+00 0.000000000000000000e+00 1.000000000000000000e+00 0.000000000000000000e+00 1.000000000000000000e+00 0.000000000000000000e+00 
1.559864758746698499e-04 1.050034188665449619e-03 0.000000000000000000e+00 1.000000000000000000e+00 1.000000000000000000e+00 0.000000000000000000e+00 1.000000000000000000e+00 0.000000000000000000e+00 1.000000000000000000e+00 0.000000000000000000e+00 
1.534622133476659656e-04 1.051276572979986668e-03 0.000000000000000000e+00 1.000000000000000000e+00 1.000000000000000000e+00 0.000000000000000000e+00 1.000000000000000000e+00 0.000000000000000000e+00 1.000000000000000000e+00 0.000000000000000000e+00 
1.494476309744641185e-04 1.052991952747106552e-03 0.000000000000000000e+00 1.000000000000000000e+00 1.000000000000000000e+00 0.000000000000000000e+00 1.000000000000000000e+00 0.000000000000000000e+00 1.000000000000000000e+00 0.000000000000000000e+00 
1.464147644583135843e-04 9.640140342526137829e-04 0.000000000000000000e+00 1.000000000000000000e+00 1.000000000000000000e+00 0.000000000000000000e+00 1.000000000000000000e+00 0.000000000000000000e+00 1.000000000000000000e+00 0.000000000000000000e+00 
1.412190758856013417e-04 9.195551392622292042e-04 0.000000000000000000e+00 1.000000000000000000e+00 1.000000000000000000e+00 0.000000000000000000e+00 1.000000000000000000e+00 0.000000000000000000e+00 1.000000000000000000e+00 0.000000000000000000e+00 
1.376199361402541399e-04 8.537654066458344460e-04 0.000000000000000000e+00 1.000000000000000000e+00 1.000000000000000000e+00 0.000000000000000000e+00 1.000000000000000000e+00 0.000000000000000000e+00 1.000000000000000000e+00 0.000000000000000000e+00 
1.354850537609308958e-04 9.080497547984123230e-04 0.000000000000000000e+00 1.000000000000000000e+00 1.000000000000000000e+00 0.000000000000000000e+00 1.000000000000000000e+00 0.000000000000000000e+00 1.000000000000000000e+00 0.000000000000000000e+00 
1.302279706578701735e-04 9.030387736856937408e-04 0.000000000000000000e+00 1.000000000000000000e+00 1.000000000000000000e+00 0.000000000000000000e+00 1.000000000000000000e+00 0.000000000000000000e+00 1.000000000000000000e+00 0.000000000000000000e+00 
1.296709669986739755e-04 8.620051667094230652e-04 0.000000000000000000e+00 1.000000000000000000e+00 1.000000000000000000e+00 0.000000000000000000e+00 1.000000000000000000e+00 0.000000000000000000e+00 1.000000000000000000e+00 0.000000000000000000e+00 
1.251776557182893157e-04 8.637393475510179996e-04 0.000000000000000000e+00 1.000000000000000000e+00 1.000000000000000000e+00 0.000000000000000000e+00 1.000000000000000000e+00 0.000000000000000000e+00 1.000000000000000000e+00 0.000000000000000000e+00 
1.230782072525471449e-04 8.272114209830760956e-04 0.000000000000000000e+00 1.000000000000000000e+00 1.000000000000000000e+00 0.000000000000000000e+00 1.000000000000000000e+00 0.000000000000000000e+00 1.000000000000000000e+00 0.000000000000000000e+00 
1.173740747617557645e-04 7.848292007111012936e-04 0.000000000000000000e+00 1.000000000000000000e+00 1.000000000000000000e+00 0.000000000000000000e+00 1.000000000000000000e+00 0.000000000000000000e+00 1.000000000000000000e+00 0.000000000000000000e+00 
1.175845827674493194e-04 7.841038168407976627e-04 0.000000000000000000e+00 1.000000000000000000e+00 1.000000000000000000e+00 0.000000000000000000e+00 1.000000000000000000e+00 0.000000000000000000e+00 1.000000000000000000e+00 0.000000000000000000e+00 
1.164482455351389945e-04 7.815840654075145721e-04 0.000000000000000000e+00 1.000000000000000000e+00 1.000000000000000000e+00 0.000000000000000000e+00 1.000000000000000000e+00 0.000000000000000000e+00 1.000000000000000000e+00 0.000000000000000000e+00 
1.124300470110028982e-04 8.026025607250630856e-04 0.000000000000000000e+00 1.000000000000000000e+00 1.000000000000000000e+00 0.000000000000000000e+00 1.000000000000000000e+00 0.000000000000000000e+00 1.000000000000000000e+00 0.000000000000000000e+00 
1.086149350157938898e-04 7.549474248662590981e-04 0.000000000000000000e+00 1.000000000000000000e+00 1.000000000000000000e+00 0.000000000000000000e+00 1.000000000000000000e+00 0.000000000000000000e+00 1.000000000000000000e+00 0.000000000000000000e+00 
1.068563869921490550e-04 7.474318845197558403e-04 0.000000000000000000e+00 1.000000000000000000e+00 1.000000000000000000e+00 0.000000000000000000e+00 1.000000000000000000e+00 0.000000000000000000e+00 1.000000000000000000e+00 0.000000000000000000e+00 
1.069234931492246687e-04 7.355377310886979103e-04 0.000000000000000000e+00 1.000000000000000000e+00 1.000000000000000000e+00 0.000000000000000000e+00 1.000000000000000000e+00 0.000000000000000000e+00 1.000000000000000000e+00 0.000000000000000000e+00 
1.020875133690424263e-04 7.069548009894788265e-04 0.000000000000000000e+00 1.000000000000000000e+00 1.000000000000000000e+00 0.000000000000000000e+00 1.000000000000000000e+00 0.000000000000000000e+00 1.000000000000000000e+00 0.000000000000000000e+00 
1.001725104288198054e-04 6.744211423210799694e-04 0.000000000000000000e+00 1.000000000000000000e+00 1.000000000000000000e+00 0.000000000000000000e+00 1.000000000000000000e+00 0.000000000000000000e+00 1.000000000000000000e+00 0.000000000000000000e+00 
9.744906128617003560e-05 6.732979672960937023e-04 0.000000000000000000e+00 1.000000000000000000e+00 1.000000000000000000e+00 0.000000000000000000e+00 1.000000000000000000e+00 0.000000000000000000e+00 1.000000000000000000e+00 0.000000000000000000e+00 
9.622704237699508667e-05 6.862428854219615459e-04 0.000000000000000000e+00 1.000000000000000000e+00 1.000000000000000000e+00 0.000000000000000000e+00 1.000000000000000000e+00 0.000000000000000000e+00 1.000000000000000000e+00 0.000000000000000000e+00 
9.497522842139005661e-05 6.512329564429819584e-04 0.000000000000000000e+00 1.000000000000000000e+00 1.000000000000000000e+00 0.000000000000000000e+00 1.000000000000000000e+00 0.000000000000000000e+00 1.000000000000000000e+00 0.000000000000000000e+00 
9.170225530397146940e-05 6.651915609836578369e-04 0.000000000000000000e+00 1.000000000000000000e+00 1.000000000000000000e+00 0.000000000000000000e+00 1.000000000000000000e+00 0.000000000000000000e+00 1.000000000000000000e+00 0.000000000000000000e+00 
8.997356053441762924e-05 6.490940577350556850e-04 0.000000000000000000e+00 1.000000000000000000e+00 1.000000000000000000e+00 0.000000000000000000e+00 1.000000000000000000e+00 0.000000000000000000e+00 1.000000000000000000e+00 0.000000000000000000e+00 
8.972767682280391455e-05 6.100403261370956898e-04 0.000000000000000000e+00 1.000000000000000000e+00 1.000000000000000000e+00 0.000000000000000000e+00 1.000000000000000000e+00 0.000000000000000000e+00 1.000000000000000000e+00 0.000000000000000000e+00 
8.613243699073791504e-05 6.200909847393631935e-04 0.000000000000000000e+00 1.000000000000000000e+00 1.000000000000000000e+00 0.000000000000000000e+00 1.000000000000000000e+00 0.000000000000000000e+00 1.000000000000000000e+00 0.000000000000000000e+00 
8.368473208975046873e-05 6.198349292390048504e-04 0.000000000000000000e+00 1.000000000000000000e+00 1.000000000000000000e+00 0.000000000000000000e+00 1.000000000000000000e+00 0.000000000000000000e+00 1.000000000000000000e+00 0.000000000000000000e+00 
8.111778151942417026e-05 5.850808811374008656e-04 0.000000000000000000e+00 1.000000000000000000e+00 1.000000000000000000e+00 0.000000000000000000e+00 1.000000000000000000e+00 0.000000000000000000e+00 1.000000000000000000e+00 0.000000000000000000e+00 
7.953254680614918470e-05 5.237759323790669441e-04 0.000000000000000000e+00 1.000000000000000000e+00 1.000000000000000000e+00 0.000000000000000000e+00 1.000000000000000000e+00 0.000000000000000000e+00 1.000000000000000000e+00 0.000000000000000000e+00 
7.879859913373365998e-05 4.696475516539067030e-04 0.000000000000000000e+00 1.000000000000000000e+00 1.000000000000000000e+00 0.000000000000000000e+00 1.000000000000000000e+00 0.000000000000000000e+00 1.000000000000000000e+00 0.000000000000000000e+00 
7.643658318556845188e-05 4.743929021060466766e-04 0.000000000000000000e+00 1.000000000000000000e+00 1.000000000000000000e+00 0.000000000000000000e+00 1.000000000000000000e+00 0.000000000000000000e+00 1.000000000000000000e+00 0.000000000000000000e+00 
7.471536082448437810e-05 4.977816715836524963e-04 0.000000000000000000e+00 1.000000000000000000e+00 1.000000000000000000e+00 0.000000000000000000e+00 1.000000000000000000e+00 0.000000000000000000e+00 1.000000000000000000e+00 0.000000000000000000e+00 
7.351386739173904061e-05 4.651721683330833912e-04 0.000000000000000000e+00 1.000000000000000000e+00 1.000000000000000000e+00 0.000000000000000000e+00 1.000000000000000000e+00 0.000000000000000000e+00 1.000000000000000000e+00 0.000000000000000000e+00 
7.254522643052041531e-05 4.498270864132791758e-04 0.000000000000000000e+00 1.000000000000000000e+00 1.000000000000000000e+00 0.000000000000000000e+00 1.000000000000000000e+00 0.000000000000000000e+00 1.000000000000000000e+00 0.000000000000000000e+00 
7.066380931064486504e-05 4.747775092255324125e-04 0.000000000000000000e+00 1.000000000000000000e+00 1.000000000000000000e+00 0.000000000000000000e+00 1.000000000000000000e+00 0.000000000000000000e+00 1.000000000000000000e+00 0.000000000000000000e+00 
7.056695176288485527e-05 4.232568317092955112e-04 0.000000000000000000e+00 1.000000000000000000e+00 1.000000000000000000e+00 0.000000000000000000e+00 1.000000000000000000e+00 0.000000000000000000e+00 1.000000000000000000e+00 0.000000000000000000e+00 
6.892025703564286232e-05 4.304055182728916407e-04 0.000000000000000000e+00 1.000000000000000000e+00 1.000000000000000000e+00 0.000000000000000000e+00 1.000000000000000000e+00 0.000000000000000000e+00 1.000000000000000000e+00 0.000000000000000000e+00 
6.764798308722674847e-05 4.258804838173091412e-04 0.000000000000000000e+00 1.000000000000000000e+00 1.000000000000000000e+00 0.000000000000000000e+00 1.000000000000000000e+00 0.000000000000000000e+00 1.000000000000000000e+00 0.000000000000000000e+00 
6.722699617967009544e-05 4.365209606476128101e-04 0.000000000000000000e+00 1.000000000000000000e+00 1.000000000000000000e+00 0.000000000000000000e+00 1.000000000000000000e+00 0.000000000000000000e+00 1.000000000000000000e+00 0.000000000000000000e+00 
6.681159720756113529e-05 4.256087995599955320e-04 0.000000000000000000e+00 1.000000000000000000e+00 1.000000000000000000e+00 0.000000000000000000e+00 1.000000000000000000e+00 0.000000000000000000e+00 1.000000000000000000e+00 0.000000000000000000e+00 
6.424656021408736706e-05 4.249584744684398174e-04 0.000000000000000000e+00 1.000000000000000000e+00 1.000000000000000000e+00 0.000000000000000000e+00 1.000000000000000000e+00 0.000000000000000000e+00 1.000000000000000000e+00 0.000000000000000000e+00 
6.317175575532019138e-05 4.246640310157090425e-04 0.000000000000000000e+00 1.000000000000000000e+00 1.000000000000000000e+00 0.000000000000000000e+00 1.000000000000000000e+00 0.000000000000000000e+00 1.000000000000000000e+00 0.000000000000000000e+00 
6.159771874081343412e-05 4.368757945485413074e-04 0.000000000000000000e+00 1.000000000000000000e+00 1.000000000000000000e+00 0.000000000000000000e+00 1.000000000000000000e+00 0.000000000000000000e+00 1.000000000000000000e+00 0.000000000000000000e+00 
6.122144259279593825e-05 4.365565546322613955e-04 0.000000000000000000e+00 1.000000000000000000e+00 1.000000000000000000e+00 0.000000000000000000e+00 1.000000000000000000e+00 0.000000000000000000e+00 1.000000000000000000e+00 0.000000000000000000e+00 
5.982064612908288836e-05 4.280172870494425297e-04 0.000000000000000000e+00 1.000000000000000000e+00 1.000000000000000000e+00 0.000000000000000000e+00 1.000000000000000000e+00 0.000000000000000000e+00 1.000000000000000000e+00 0.000000000000000000e+00 
5.860798773937858641e-05 4.050986317452043295e-04 0.000000000000000000e+00 1.000000000000000000e+00 1.000000000000000000e+00 0.000000000000000000e+00 1.000000000000000000e+00 0.000000000000000000e+00 1.000000000000000000e+00 0.000000000000000000e+00 
5.803053500130772591e-05 4.023624933324754238e-04 0.000000000000000000e+00 1.000000000000000000e+00 1.000000000000000000e+00 0.000000000000000000e+00 1.000000000000000000e+00 0.000000000000000000e+00 1.000000000000000000e+00 0.000000000000000000e+00 
5.730592965846881270e-05 4.237629182171076536e-04 0.000000000000000000e+00 1.000000000000000000e+00 1.000000000000000000e+00 0.000000000000000000e+00 1.000000000000000000e+00 0.000000000000000000e+00 1.000000000000000000e+00 0.000000000000000000e+00 
5.625533231068402529e-05 4.174921778030693531e-04 0.000000000000000000e+00 1.000000000000000000e+00 1.000000000000000000e+00 0.000000000000000000e+00 1.000000000000000000e+00 0.000000000000000000e+00 1.000000000000000000e+00 0.000000000000000000e+00 
5.511905328603461385e-05 4.276352992746978998e-04 0.000000000000000000e+00 1.000000000000000000e+00 1.000000000000000000e+00 0.000000000000000000e+00 1.000000000000000000e+00 0.000000000000000000e+00 1.000000000000000000e+00 0.000000000000000000e+00 
5.405914998846128583e-05 4.252460494171828032e-04 0.000000000000000000e+00 1.000000000000000000e+00 1.000000000000000000e+00 0.000000000000000000e+00 1.000000000000000000e+00 0.000000000000000000e+00 1.000000000000000000e+00 0.000000000000000000e+00 
5.326189784682355821e-05 4.226702149026095867e-04 0.000000000000000000e+00 1.000000000000000000e+00 1.000000000000000000e+00 0.000000000000000000e+00 1.000000000000000000e+00 0.000000000000000000e+00 1.000000000000000000e+00 0.000000000000000000e+00 
5.166179835214279592e-05 4.230955091770738363e-04 0.000000000000000000e+00 1.000000000000000000e+00 1.000000000000000000e+00 0.000000000000000000e+00 1.000000000000000000e+00 0.000000000000000000e+00 1.000000000000000000e+00 0.000000000000000000e+00 
5.151837103767320514e-05 3.869727661367505789e-04 0.000000000000000000e+00 1.000000000000000000e+00 1.000000000000000000e+00 0.000000000000000000e+00 1.000000000000000000e+00 0.000000000000000000e+00 1.000000000000000000e+00 0.000000000000000000e+00 
5.069131293566897511e-05 3.887919010594487190e-04 0.000000000000000000e+00 1.000000000000000000e+00 1.000000000000000000e+00 0.000000000000000000e+00 1.000000000000000000e+00 0.000000000000000000e+00 1.000000000000000000e+00 0.000000000000000000e+00 
4.962024104315787554e-05 3.731899778358638287e-04 0.000000000000000000e+00 1.000000000000000000e+00 1.000000000000000000e+00 0.000000000000000000e+00 1.000000000000000000e+00 0.000000000000000000e+00 1.000000000000000000e+00 0.000000000000000000e+00 
4.875965532846748829e-05 3.777297388296574354e-04 0.000000000000000000e+00 1.000000000000000000e+00 1.000000000000000000e+00 0.000000000000000000e+00 1.000000000000000000e+00 0.000000000000000000e+00 1.000000000000000000e+00 0.000000000000000000e+00 
4.832749982597306371e-05 3.815907693933695555e-04 0.000000000000000000e+00 1.000000000000000000e+00 1.000000000000000000e+00 0.000000000000000000e+00 1.000000000000000000e+00 0.000000000000000000e+00 1.000000000000000000e+00 0.000000000000000000e+00 
4.735701440949924290e-05 3.974302671849727631e-04 0.000000000000000000e+00 1.000000000000000000e+00 1.000000000000000000e+00 0.000000000000000000e+00 1.000000000000000000e+00 0.000000000000000000e+00 1.000000000000000000e+00 0.000000000000000000e+00 
4.686152897193096578e-05 3.915489069186151028e-04 0.000000000000000000e+00 1.000000000000000000e+00 1.000000000000000000e+00 0.000000000000000000e+00 1.000000000000000000e+00 0.000000000000000000e+00 1.000000000000000000e+00 0.000000000000000000e+00 
4.633810385712422431e-05 4.276935069356113672e-04 0.000000000000000000e+00 1.000000000000000000e+00 1.000000000000000000e+00 0.000000000000000000e+00 1.000000000000000000e+00 0.000000000000000000e+00 1.000000000000000000e+00 0.000000000000000000e+00 
4.535830521490424871e-05 4.136720963288098574e-04 0.000000000000000000e+00 1.000000000000000000e+00 1.000000000000000000e+00 0.000000000000000000e+00 1.000000000000000000e+00 0.000000000000000000e+00 1.000000000000000000e+00 0.000000000000000000e+00 
4.456664464669302106e-05 4.119147197343409061e-04 0.000000000000000000e+00 1.000000000000000000e+00 1.000000000000000000e+00 0.000000000000000000e+00 1.000000000000000000e+00 0.000000000000000000e+00 1.000000000000000000e+00 0.000000000000000000e+00 
4.390165122458711267e-05 4.235403903294354677e-04 0.000000000000000000e+00 1.000000000000000000e+00 1.000000000000000000e+00 0.000000000000000000e+00 1.000000000000000000e+00 0.000000000000000000e+00 1.000000000000000000e+00 0.000000000000000000e+00 
4.307832568883895874e-05 4.343979526311159134e-04 0.000000000000000000e+00 1.000000000000000000e+00 1.000000000000000000e+00 0.000000000000000000e+00 1.000000000000000000e+00 0.000000000000000000e+00 1.000000000000000000e+00 0.000000000000000000e+00 
4.300940781831741333e-05 4.277506377547979355e-04 0.000000000000000000e+00 1.000000000000000000e+00 1.000000000000000000e+00 0.000000000000000000e+00 1.000000000000000000e+00 0.000000000000000000e+00 1.000000000000000000e+00 0.000000000000000000e+00 
4.190108302282169461e-05 4.364846390672028065e-04 0.000000000000000000e+00 1.000000000000000000e+00 1.000000000000000000e+00 0.000000000000000000e+00 1.000000000000000000e+00 0.000000000000000000e+00 1.000000000000000000e+00 0.000000000000000000e+00 
4.154157795710489154e-05 4.136445932090282440e-04 0.000000000000000000e+00 1.000000000000000000e+00 1.000000000000000000e+00 0.000000000000000000e+00 1.000000000000000000e+00 0.000000000000000000e+00 1.000000000000000000e+00 0.000000000000000000e+00 
4.093433017260394990e-05 4.255465173628181219e-04 0.000000000000000000e+00 1.000000000000000000e+00 1.000000000000000000e+00 0.000000000000000000e+00 1.000000000000000000e+00 0.000000000000000000e+00 1.000000000000000000e+00 0.000000000000000000e+00 
3.989307151641696692e-05 4.164039855822920799e-04 0.000000000000000000e+00 1.000000000000000000e+00 1.000000000000000000e+00 0.000000000000000000e+00 1.000000000000000000e+00 0.000000000000000000e+00 1.000000000000000000e+00 0.000000000000000000e+00 
3.966023359680548310e-05 4.286173498257994652e-04 0.000000000000000000e+00 1.000000000000000000e+00 1.000000000000000000e+00 0.000000000000000000e+00 1.000000000000000000e+00 0.000000000000000000e+00 1.000000000000000000e+00 0.000000000000000000e+00 
3.899151488440111279e-05 4.173754132352769375e-04 0.000000000000000000e+00 1.000000000000000000e+00 1.000000000000000000e+00 0.000000000000000000e+00 1.000000000000000000e+00 0.000000000000000000e+00 1.000000000000000000e+00 0.000000000000000000e+00 
3.865250255330465734e-05 4.359922313597053289e-04 0.000000000000000000e+00 1.000000000000000000e+00 1.000000000000000000e+00 0.000000000000000000e+00 1.000000000000000000e+00 0.000000000000000000e+00 1.000000000000000000e+00 0.000000000000000000e+00 
3.813466537394560874e-05 4.671262868214398623e-04 0.000000000000000000e+00 1.000000000000000000e+00 1.000000000000000000e+00 0.000000000000000000e+00 1.000000000000000000e+00 0.000000000000000000e+00 1.000000000000000000e+00 0.000000000000000000e+00 
3.718468360602855682e-05 4.588001174852252007e-04 0.000000000000000000e+00 1.000000000000000000e+00 1.000000000000000000e+00 0.000000000000000000e+00 1.000000000000000000e+00 0.000000000000000000e+00 1.000000000000000000e+00 0.000000000000000000e+00 
3.684007970150560141e-05 4.708270716946572065e-04 0.000000000000000000e+00 1.000000000000000000e+00 1.000000000000000000e+00 0.000000000000000000e+00 1.000000000000000000e+00 0.000000000000000000e+00 1.000000000000000000e+00 0.000000000000000000e+00 
3.641537841758690774e-05 4.971874295733869076e-04 0.000000000000000000e+00 1.000000000000000000e+00 1.000000000000000000e+00 0.000000000000000000e+00 1.000000000000000000e+00 0.000000000000000000e+00 1.000000000000000000e+00 0.000000000000000000e+00 
3.566470695659518242e-05 4.826051590498536825e-04 0.000000000000000000e+00 1.000000000000000000e+00 1.000000000000000000e+00 0.000000000000000000e+00 1.000000000000000000e+00 0.000000000000000000e+00 1.000000000000000000e+00 0.000000000000000000e+00 
3.541510523064061999e-05 4.885514499619603157e-04 0.000000000000000000e+00 1.000000000000000000e+00 1.000000000000000000e+00 0.000000000000000000e+00 1.000000000000000000e+00 0.000000000000000000e+00 1.000000000000000000e+00 0.000000000000000000e+00 
3.499412923702038825e-05 5.225680069997906685e-04 0.000000000000000000e+00 1.000000000000000000e+00 1.000000000000000000e+00 0.000000000000000000e+00 1.000000000000000000e+00 0.000000000000000000e+00 1.000000000000000000e+00 0.000000000000000000e+00 
3.413355807424522936e-05 5.319333286024630070e-04 0.000000000000000000e+00 1.000000000000000000e+00 1.000000000000000000e+00 0.000000000000000000e+00 1.000000000000000000e+00 0.000000000000000000e+00 1.000000000000000000e+00 0.000000000000000000e+00 
3.372189894434995949e-05 5.386268021538853645e-04 0.000000000000000000e+00 1.000000000000000000e+00 1.000000000000000000e+00 0.000000000000000000e+00 1.000000000000000000e+00 0.000000000000000000e+00 1.000000000000000000e+00 0.000000000000000000e+00 
3.295260103186592460e-05 5.663071060553193092e-04 0.000000000000000000e+00 1.000000000000000000e+00 1.000000000000000000e+00 0.000000000000000000e+00 1.000000000000000000e+00 0.000000000000000000e+00 1.000000000000000000e+00 0.000000000000000000e+00 
3.261918027419596910e-05 5.904780700802803040e-04 0.000000000000000000e+00 1.000000000000000000e+00 1.000000000000000000e+00 0.000000000000000000e+00 1.000000000000000000e+00 0.000000000000000000e+00 1.000000000000000000e+00 0.000000000000000000e+00 
3.216653931303881109e-05 6.062369211576879025e-04 0.000000000000000000e+00 1.000000000000000000e+00 1.000000000000000000e+00 0.000000000000000000e+00 1.000000000000000000e+00 0.000000000000000000e+00 1.000000000000000000e+00 0.000000000000000000e+00 
3.212183582945726812e-05 6.244012038223445415e-04 0.000000000000000000e+00 1.000000000000000000e+00 1.000000000000000000e+00 0.000000000000000000e+00 1.000000000000000000e+00 0.000000000000000000e+00 1.000000000000000000e+00 0.000000000000000000e+00 
3.171763091813772917e-05 6.371828494593501091e-04 0.000000000000000000e+00 1.000000000000000000e+00 1.000000000000000000e+00 0.000000000000000000e+00 1.000000000000000000e+00 0.000000000000000000e+00 1.000000000000000000e+00 0.000000000000000000e+00 
3.098931119893677533e-05 6.359577528201043606e-04 0.000000000000000000e+00 1.000000000000000000e+00 1.000000000000000000e+00 0.000000000000000000e+00 1.000000000000000000e+00 0.000000000000000000e+00 1.000000000000000000e+00 0.000000000000000000e+00 
3.060373273910954595e-05 6.402413710020482540e-04 0.000000000000000000e+00 1.000000000000000000e+00 1.000000000000000000e+00 0.000000000000000000e+00 1.000000000000000000e+00 0.000000000000000000e+00 1.000000000000000000e+00 0.000000000000000000e+00 
2.997413685079663992e-05 6.734933704137802124e-04 0.000000000000000000e+00 1.000000000000000000e+00 1.000000000000000000e+00 0.000000000000000000e+00 1.000000000000000000e+00 0.000000000000000000e+00 1.000000000000000000e+00 0.000000000000000000e+00 
2.970963578263763338e-05 7.274131057783961296e-04 0.000000000000000000e+00 1.000000000000000000e+00 1.000000000000000000e+00 0.000000000000000000e+00 1.000000000000000000e+00 0.000000000000000000e+00 1.000000000000000000e+00 0.000000000000000000e+00 
2.940787817351520061e-05 7.587195141240954399e-04 0.000000000000000000e+00 1.000000000000000000e+00 1.000000000000000000e+00 0.000000000000000000e+00 1.000000000000000000e+00 0.000000000000000000e+00 1.000000000000000000e+00 0.000000000000000000e+00 
2.875593236240092665e-05 8.098369580693542957e-04 0.000000000000000000e+00 1.000000000000000000e+00 1.000000000000000000e+00 0.000000000000000000e+00 1.000000000000000000e+00 0.000000000000000000e+00 1.000000000000000000e+00 0.000000000000000000e+00 
2.847466566890943795e-05 7.998578948900103569e-04 0.000000000000000000e+00 1.000000000000000000e+00 1.000000000000000000e+00 0.000000000000000000e+00 1.000000000000000000e+00 0.000000000000000000e+00 1.000000000000000000e+00 0.000000000000000000e+00 
2.827721982612274587e-05 8.025866700336337090e-04 0.000000000000000000e+00 1.000000000000000000e+00 1.000000000000000000e+00 0.000000000000000000e+00 1.000000000000000000e+00 0.000000000000000000e+00 1.000000000000000000e+00 0.000000000000000000e+00 
2.789722930174320936e-05 8.966936147771775723e-04 0.000000000000000000e+00 1.000000000000000000e+00 1.000000000000000000e+00 0.000000000000000000e+00 1.000000000000000000e+00 0.000000000000000000e+00 1.000000000000000000e+00 0.000000000000000000e+00 
2.765694443951360881e-05 9.151394478976726532e-04 0.000000000000000000e+00 1.000000000000000000e+00 1.000000000000000000e+00 0.000000000000000000e+00 1.000000000000000000e+00 0.000000000000000000e+00 1.000000000000000000e+00 0.000000000000000000e+00 
2.706833038246259093e-05 9.924703044816851616e-04 0.000000000000000000e+00 1.000000000000000000e+00 1.000000000000000000e+00 0.000000000000000000e+00 1.000000000000000000e+00 0.000000000000000000e+00 1.000000000000000000e+00 0.000000000000000000e+00 
2.688206041057128459e-05 1.002755714580416679e-03 0.000000000000000000e+00 1.000000000000000000e+00 1.000000000000000000e+00 0.000000000000000000e+00 1.000000000000000000e+00 0.000000000000000000e+00 1.000000000000000000e+00 0.000000000000000000e+00 
2.640707316459156573e-05 1.064320676960051060e-03 0.000000000000000000e+00 1.000000000000000000e+00 1.000000000000000000e+00 0.000000000000000000e+00 1.000000000000000000e+00 0.000000000000000000e+00 1.000000000000000000e+00 0.000000000000000000e+00 
2.592463715700432658e-05 1.216179807670414448e-03 0.000000000000000000e+00 1.000000000000000000e+00 9.983974358974359031e-01 0.000000000000000000e+00 1.000000000000000000e+00 0.000000000000000000e+00 9.968051118210862205e-01 0.000000000000000000e+00 
2.551111720094922930e-05 1.317468821071088314e-03 0.000000000000000000e+00 1.000000000000000000e+00 9.983974358974359031e-01 0.000000000000000000e+00 1.000000000000000000e+00 0.000000000000000000e+00 9.968051118210862205e-01 0.000000000000000000e+00 
2.510318881832063198e-05 1.397254527546465397e-03 0.000000000000000000e+00 1.000000000000000000e+00 9.983974358974359031e-01 0.000000000000000000e+00 1.000000000000000000e+00 0.000000000000000000e+00 9.968051118210862205e-01 0.000000000000000000e+00 
2.495417174941394478e-05 1.551497145555913448e-03 0.000000000000000000e+00 1.000000000000000000e+00 9.983974358974359031e-01 0.000000000000000000e+00 1.000000000000000000e+00 0.000000000000000000e+00 9.968051118210862205e-01 0.000000000000000000e+00 
2.464123826939612627e-05 1.661313464865088463e-03 0.000000000000000000e+00 1.000000000000000000e+00 9.983974358974359031e-01 0.000000000000000000e+00 1.000000000000000000e+00 0.000000000000000000e+00 9.968051118210862205e-01 0.000000000000000000e+00 
2.441957985865883529e-05 1.741838408634066582e-03 0.000000000000000000e+00 1.000000000000000000e+00 9.983974358974359031e-01 0.000000000000000000e+00 1.000000000000000000e+00 0.000000000000000000e+00 9.968051118210862205e-01 0.000000000000000000e+00 
2.406566818535793573e-05 1.813605660572648048e-03 0.000000000000000000e+00 1.000000000000000000e+00 9.983974358974359031e-01 0.000000000000000000e+00 1.000000000000000000e+00 0.000000000000000000e+00 9.968051118210862205e-01 0.000000000000000000e+00 
2.359627251280471683e-05 1.805407577194273472e-03 0.000000000000000000e+00 1.000000000000000000e+00 9.983974358974359031e-01 0.000000000000000000e+00 1.000000000000000000e+00 0.000000000000000000e+00 9.968051118210862205e-01 0.000000000000000000e+00 
2.340068749617785215e-05 1.871382817625999451e-03 0.000000000000000000e+00 1.000000000000000000e+00 9.983974358974359031e-01 0.000000000000000000e+00 1.000000000000000000e+00 0.000000000000000000e+00 9.968051118210862205e-01 0.000000000000000000e+00 
2.316226527909748256e-05 1.875678775832056999e-03 0.000000000000000000e+00 1.000000000000000000e+00 9.983974358974359031e-01 0.000000000000000000e+00 1.000000000000000000e+00 0.000000000000000000e+00 9.968051118210862205e-01 0.000000000000000000e+00 
2.286609742441214621e-05 1.947387354448437691e-03 0.000000000000000000e+00 1.000000000000000000e+00 9.983974358974359031e-01 0.000000000000000000e+00 1.000000000000000000e+00 0.000000000000000000e+00 9.968051118210862205e-01 0.000000000000000000e+00 
2.255316576338373125e-05 2.160876523703336716e-03 0.000000000000000000e+00 1.000000000000000000e+00 9.983974358974359031e-01 0.000000000000000000e+00 1.000000000000000000e+00 0.000000000000000000e+00 9.968051118210862205e-01 0.000000000000000000e+00 
2.216386383224744350e-05 2.297469880431890488e-03 0.000000000000000000e+00 1.000000000000000000e+00 9.983974358974359031e-01 0.000000000000000000e+00 1.000000000000000000e+00 0.000000000000000000e+00 9.968051118210862205e-01 0.000000000000000000e+00 
2.207631769124418497e-05 2.463071374222636223e-03 0.000000000000000000e+00 1.000000000000000000e+00 9.983974358974359031e-01 0.000000000000000000e+00 1.000000000000000000e+00 0.000000000000000000e+00 9.968051118210862205e-01 0.000000000000000000e+00 
2.197014327975921333e-05 2.641976345330476761e-03 0.000000000000000000e+00 1.000000000000000000e+00 9.983974358974359031e-01 0.000000000000000000e+00 1.000000000000000000e+00 0.000000000000000000e+00 9.968051118210862205e-01 0.000000000000000000e+00 
2.160692019970156252e-05 2.651329385116696358e-03 0.000000000000000000e+00 1.000000000000000000e+00 9.983974358974359031e-01 0.000000000000000000e+00 1.000000000000000000e+00 0.000000000000000000e+00 9.968051118210862205e-01 0.000000000000000000e+00 
2.135732029273640364e-05 2.761679934337735176e-03 0.000000000000000000e+00 1.000000000000000000e+00 9.983974358974359031e-01 0.000000000000000000e+00 1.000000000000000000e+00 0.000000000000000000e+00 9.968051118210862205e-01 0.000000000000000000e+00 
2.110585774062201381e-05 2.809301018714904785e-03 0.000000000000000000e+00 1.000000000000000000e+00 9.983974358974359031e-01 0.000000000000000000e+00 1.000000000000000000e+00 0.000000000000000000e+00 9.968051118210862205e-01 0.000000000000000000e+00 
2.082831815641839057e-05 2.893279073759913445e-03 0.000000000000000000e+00 1.000000000000000000e+00 9.983974358974359031e-01 0.000000000000000000e+00 1.000000000000000000e+00 0.000000000000000000e+00 9.968051118210862205e-01 0.000000000000000000e+00 
2.054891592706553638e-05 3.097583074122667313e-03 0.000000000000000000e+00 1.000000000000000000e+00 9.983974358974359031e-01 0.000000000000000000e+00 1.000000000000000000e+00 0.000000000000000000e+00 9.968051118210862205e-01 0.000000000000000000e+00 
2.026019865297712386e-05 3.224215935915708542e-03 0.000000000000000000e+00 1.000000000000000000e+00 9.983974358974359031e-01 0.000000000000000000e+00 1.000000000000000000e+00 0.000000000000000000e+00 9.968051118210862205e-01 0.000000000000000000e+00 
2.003295230679214001e-05 3.410570556297898293e-03 0.000000000000000000e+00 1.000000000000000000e+00 9.983974358974359031e-01 0.000000000000000000e+00 1.000000000000000000e+00 0.000000000000000000e+00 9.968051118210862205e-01 0.000000000000000000e+00 
1.991001590795349330e-05 3.583159297704696655e-03 0.000000000000000000e+00 1.000000000000000000e+00 9.983974358974359031e-01 0.000000000000000000e+00 1.000000000000000000e+00 0.000000000000000000e+00 9.968051118210862205e-01 0.000000000000000000e+00 
1.947414784808643162e-05 3.647958394140005112e-03 0.000000000000000000e+00 1.000000000000000000e+00 9.983974358974359031e-01 0.000000000000000000e+00 1.000000000000000000e+00 0.000000000000000000e+00 9.968051118210862205e-01 0.000000000000000000e+00 
1.939964204211719334e-05 3.776986617594957352e-03 0.000000000000000000e+00 1.000000000000000000e+00 9.983974358974359031e-01 0.000000000000000000e+00 1.000000000000000000e+00 0.000000000000000000e+00 9.968051118210862205e-01 0.000000000000000000e+00 
1.923572563100606203e-05 3.873838111758232117e-03 0.000000000000000000e+00 1.000000000000000000e+00 9.983974358974359031e-01 0.000000000000000000e+00 1.000000000000000000e+00 0.000000000000000000e+00 9.968051118210862205e-01 0.000000000000000000e+00 
1.906622128444723785e-05 4.083856008946895599e-03 0.000000000000000000e+00 1.000000000000000000e+00 9.983974358974359031e-01 0.000000000000000000e+00 1.000000000000000000e+00 0.000000000000000000e+00 9.968051118210862205e-01 0.000000000000000000e+00 
1.874583904282189906e-05 4.096030723303556442e-03 0.000000000000000000e+00 1.000000000000000000e+00 9.983974358974359031e-01 0.000000000000000000e+00 1.000000000000000000e+00 0.000000000000000000e+00 9.968051118210862205e-01 0.000000000000000000e+00 
1.867505670816171914e-05 4.304407630115747452e-03 0.000000000000000000e+00 1.000000000000000000e+00 9.983974358974359031e-01 0.000000000000000000e+00 1.000000000000000000e+00 0.000000000000000000e+00 9.968051118210862205e-01 0.000000000000000000e+00 
1.846271152317058295e-05 4.545601550489664078e-03 0.000000000000000000e+00 1.000000000000000000e+00 9.983974358974359031e-01 0.000000000000000000e+00 1.000000000000000000e+00 0.000000000000000000e+00 9.968051118210862205e-01 0.000000000000000000e+00 
1.802870792744215578e-05 4.678797442466020584e-03 0.000000000000000000e+00 1.000000000000000000e+00 9.983974358974359031e-01 0.000000000000000000e+00 1.000000000000000000e+00 0.000000000000000000e+00 9.968051118210862205e-01 0.000000000000000000e+00 
1.796165088308043778e-05 4.768082872033119202e-03 0.000000000000000000e+00 1.000000000000000000e+00 9.983974358974359031e-01 0.000000000000000000e+00 1.000000000000000000e+00 0.000000000000000000e+00 9.968051118210862205e-01 0.000000000000000000e+00 
1.778283512976486236e-05 4.952963441610336304e-03 0.000000000000000000e+00 1.000000000000000000e+00 9.983974358974359031e-01 0.000000000000000000e+00 1.000000000000000000e+00 0.000000000000000000e+00 9.968051118210862205e-01 0.000000000000000000e+00 
1.771019014995545149e-05 5.030986852943897247e-03 0.000000000000000000e+00 1.000000000000000000e+00 9.983974358974359031e-01 0.000000000000000000e+00 1.000000000000000000e+00 0.000000000000000000e+00 9.968051118210862205e-01 0.000000000000000000e+00 
1.748666909406892955e-05 5.334209185093641281e-03 0.000000000000000000e+00 1.000000000000000000e+00 9.983974358974359031e-01 0.000000000000000000e+00 1.000000000000000000e+00 0.000000000000000000e+00 9.968051118210862205e-01 0.000000000000000000e+00 
1.730040094116702676e-05 5.557548720389604568e-03 0.000000000000000000e+00 1.000000000000000000e+00 9.983974358974359031e-01 0.000000000000000000e+00 1.000000000000000000e+00 0.000000000000000000e+00 9.968051118210862205e-01 0.000000000000000000e+00 
1.706942930468358099e-05 5.734930280596017838e-03 0.000000000000000000e+00 1.000000000000000000e+00 9.983974358974359031e-01 0.000000000000000000e+00 1.000000000000000000e+00 0.000000000000000000e+00 9.968051118210862205e-01 0.000000000000000000e+00 
1.699119638942647725e-05 5.916938651353120804e-03 0.000000000000000000e+00 1.000000000000000000e+00 9.983974358974359031e-01 0.000000000000000000e+00 1.000000000000000000e+00 0.000000000000000000e+00 9.968051118210862205e-01 0.000000000000000000e+00 
1.673228325671516359e-05 6.082583218812942505e-03 0.000000000000000000e+00 1.000000000000000000e+00 9.983974358974359031e-01 0.000000000000000000e+00 1.000000000000000000e+00 0.000000000000000000e+00 9.968051118210862205e-01 0.000000000000000000e+00 
1.660934685787651688e-05 6.277007982134819031e-03 0.000000000000000000e+00 1.000000000000000000e+00 9.983974358974359031e-01 0.000000000000000000e+00 1.000000000000000000e+00 0.000000000000000000e+00 9.968051118210862205e-01 0.000000000000000000e+00 
1.647709723329171538e-05 6.335326004773378372e-03 0.000000000000000000e+00 1.000000000000000000e+00 9.983974358974359031e-01 0.000000000000000000e+00 1.000000000000000000e+00 0.000000000000000000e+00 9.968051118210862205e-01 0.000000000000000000e+00 
