7.071429491043090820e-01 7.054115533828735352e-01 0.000000000000000000e+00 5.000000000000000000e-01 5.000000000000000000e-01 0.000000000000000000e+00 5.000000000000000000e-01 0.000000000000000000e+00 0.000000000000000000e+00 0.000000000000000000e+00 
6.929496526718139648e-01 6.949895024299621582e-01 0.000000000000000000e+00 5.000000000000000000e-01 4.967948717948718063e-01 0.000000000000000000e+00 3.333333333333333148e-01 0.000000000000000000e+00 4.983818770226537409e-01 0.000000000000000000e+00 
6.898325085639953613e-01 6.936745643615722656e-01 0.000000000000000000e+00 5.250000000000000222e-01 4.903846153846153633e-01 0.000000000000000000e+00 4.935064935064935043e-01 0.000000000000000000e+00 4.814814814814814548e-01 0.000000000000000000e+00 
6.853191852569580078e-01 6.921662092208862305e-01 0.000000000000000000e+00 6.750000000000000444e-01 5.272435897435897578e-01 0.000000000000000000e+00 5.273311897106108814e-01 0.000000000000000000e+00 5.271565495207667373e-01 0.000000000000000000e+00 
6.748734712600708008e-01 6.877558827400207520e-01 0.000000000000000000e+00 8.000000000000000444e-01 5.737179487179486781e-01 0.000000000000000000e+00 5.751633986928104125e-01 0.000000000000000000e+00 5.723270440251572166e-01 0.000000000000000000e+00 
6.229141950607299805e-01 6.572569012641906738e-01 0.000000000000000000e+00 8.000000000000000444e-01 6.794871794871795156e-01 0.000000000000000000e+00 7.333333333333332815e-01 0.000000000000000000e+00 6.458333333333333703e-01 0.000000000000000000e+00 
5.217027068138122559e-01 5.768260359764099121e-01 0.000000000000000000e+00 1.000000000000000000e+00 8.733974358974359031e-01 0.000000000000000000e+00 8.541033434650455725e-01 0.000000000000000000e+00 8.949152542372881269e-01 0.000000000000000000e+00 
3.815257847309112549e-01 4.471336901187896729e-01 0.000000000000000000e+00 1.000000000000000000e+00 9.631410256410256610e-01 0.000000000000000000e+00 9.418960244648317826e-01 0.000000000000000000e+00 9.865319865319864823e-01 0.000000000000000000e+00 
2.662980258464813232e-01 3.183817863464355469e-01 0.000000000000000000e+00 1.000000000000000000e+00 9.791666666666666297e-01 0.000000000000000000e+00 9.746031746031745824e-01 0.000000000000000000e+00 9.838187702265371870e-01 0.000000000000000000e+00 
1.831712275743484497e-01 2.251357585191726685e-01 0.000000000000000000e+00 1.000000000000000000e+00 9.839743589743589203e-01 0.000000000000000000e+00 9.778481012658227778e-01 0.000000000000000000e+00 9.902597402597402843e-01 0.000000000000000000e+00 
1.308600753545761108e-01 1.650691777467727661e-01 0.000000000000000000e+00 1.000000000000000000e+00 9.887820512820513219e-01 0.000000000000000000e+00 9.872204472843449929e-01 0.000000000000000000e+00 9.903536977491961268e-01 0.000000000000000000e+00 
1.006530746817588806e-01 1.299930363893508911e-01 0.000000000000000000e+00 1.000000000000000000e+00 9.903846153846154188e-01 0.000000000000000000e+00 9.872611464968152895e-01 0.000000000000000000e+00 9.935483870967741771e-01 0.000000000000000000e+00 
8.060348033905029297e-02 1.074188426136970520e-01 0.000000000000000000e+00 1.000000000000000000e+00 9.919871794871795156e-01 0.000000000000000000e+00 9.904153354632587725e-01 0.000000000000000000e+00 9.935691318327973809e-01 0.000000000000000000e+00 
6.664391607046127319e-02 9.225489944219589233e-02 0.000000000000000000e+00 1.000000000000000000e+00 9.919871794871795156e-01 0.000000000000000000e+00 9.904153354632587725e-01 0.000000000000000000e+00 9.935691318327973809e-01 0.000000000000000000e+00 
5.706250667572021484e-02 8.165593445301055908e-02 0.000000000000000000e+00 1.000000000000000000e+00 9.903846153846154188e-01 0.000000000000000000e+00 9.872611464968152895e-01 0.000000000000000000e+00 9.935483870967741771e-01 0.000000000000000000e+00 
4.824642464518547058e-02 7.357817888259887695e-02 0.000000000000000000e+00 1.000000000000000000e+00 9.903846153846154188e-01 0.000000000000000000e+00 9.872611464968152895e-01 0.000000000000000000e+00 9.935483870967741771e-01 0.000000000000000000e+00 
4.189815744757652283e-02 6.714275479316711426e-02 0.000000000000000000e+00 1.000000000000000000e+00 9.903846153846154188e-01 0.000000000000000000e+00 9.872611464968152895e-01 0.000000000000000000e+00 9.935483870967741771e-01 0.000000000000000000e+00 
3.692399337887763977e-02 6.199096515774726868e-02 0.000000000000000000e+00 1.000000000000000000e+00 9.903846153846154188e-01 0.000000000000000000e+00 9.872611464968152895e-01 0.000000000000000000e+00 9.935483870967741771e-01 0.000000000000000000e+00 
3.269186615943908691e-02 5.757142230868339539e-02 0.000000000000000000e+00 1.000000000000000000e+00 9.903846153846154188e-01 0.000000000000000000e+00 9.872611464968152895e-01 0.000000000000000000e+00 9.935483870967741771e-01 0.000000000000000000e+00 
2.902196720242500305e-02 5.469094216823577881e-02 0.000000000000000000e+00 1.000000000000000000e+00 9.903846153846154188e-01 0.000000000000000000e+00 9.872611464968152895e-01 0.000000000000000000e+00 9.935483870967741771e-01 0.000000000000000000e+00 
2.591765485703945160e-02 5.111543834209442139e-02 0.000000000000000000e+00 1.000000000000000000e+00 9.903846153846154188e-01 0.000000000000000000e+00 9.872611464968152895e-01 0.000000000000000000e+00 9.935483870967741771e-01 0.000000000000000000e+00 
2.321569062769412994e-02 4.875903204083442688e-02 0.000000000000000000e+00 1.000000000000000000e+00 9.903846153846154188e-01 0.000000000000000000e+00 9.872611464968152895e-01 0.000000000000000000e+00 9.935483870967741771e-01 0.000000000000000000e+00 
2.098217420279979706e-02 4.667301103472709656e-02 0.000000000000000000e+00 1.000000000000000000e+00 9.903846153846154188e-01 0.000000000000000000e+00 9.872611464968152895e-01 0.000000000000000000e+00 9.935483870967741771e-01 0.000000000000000000e+00 
1.915923692286014557e-02 4.499165341258049011e-02 0.000000000000000000e+00 1.000000000000000000e+00 9.903846153846154188e-01 0.000000000000000000e+00 9.872611464968152895e-01 0.000000000000000000e+00 9.935483870967741771e-01 0.000000000000000000e+00 
1.757523976266384125e-02 4.327056929469108582e-02 0.000000000000000000e+00 1.000000000000000000e+00 9.903846153846154188e-01 0.000000000000000000e+00 9.872611464968152895e-01 0.000000000000000000e+00 9.935483870967741771e-01 0.000000000000000000e+00 
1.608247682452201843e-02 4.135751724243164062e-02 0.000000000000000000e+00 1.000000000000000000e+00 9.903846153846154188e-01 0.000000000000000000e+00 9.872611464968152895e-01 0.000000000000000000e+00 9.935483870967741771e-01 0.000000000000000000e+00 
1.479240041226148605e-02 3.998662158846855164e-02 0.000000000000000000e+00 1.000000000000000000e+00 9.903846153846154188e-01 0.000000000000000000e+00 9.872611464968152895e-01 0.000000000000000000e+00 9.935483870967741771e-01 0.000000000000000000e+00 
1.362907886505126953e-02 3.830951824784278870e-02 0.000000000000000000e+00 1.000000000000000000e+00 9.919871794871795156e-01 0.000000000000000000e+00 9.904153354632587725e-01 0.000000000000000000e+00 9.935691318327973809e-01 0.000000000000000000e+00 
1.260417420417070389e-02 3.716750442981719971e-02 0.000000000000000000e+00 1.000000000000000000e+00 9.919871794871795156e-01 0.000000000000000000e+00 9.904153354632587725e-01 0.000000000000000000e+00 9.935691318327973809e-01 0.000000000000000000e+00 
1.167512964457273483e-02 3.628090396523475647e-02 0.000000000000000000e+00 1.000000000000000000e+00 9.919871794871795156e-01 0.000000000000000000e+00 9.904153354632587725e-01 0.000000000000000000e+00 9.935691318327973809e-01 0.000000000000000000e+00 
1.095869112759828568e-02 3.512177243828773499e-02 0.000000000000000000e+00 1.000000000000000000e+00 9.919871794871795156e-01 0.000000000000000000e+00 9.904153354632587725e-01 0.000000000000000000e+00 9.935691318327973809e-01 0.000000000000000000e+00 
1.022670697420835495e-02 3.377912566065788269e-02 0.000000000000000000e+00 1.000000000000000000e+00 9.919871794871795156e-01 0.000000000000000000e+00 9.904153354632587725e-01 0.000000000000000000e+00 9.935691318327973809e-01 0.000000000000000000e+00 
9.588197804987430573e-03 3.247689455747604370e-02 0.000000000000000000e+00 1.000000000000000000e+00 9.919871794871795156e-01 0.000000000000000000e+00 9.904153354632587725e-01 0.000000000000000000e+00 9.935691318327973809e-01 0.000000000000000000e+00 
8.992235176265239716e-03 3.104400634765625000e-02 0.000000000000000000e+00 1.000000000000000000e+00 9.919871794871795156e-01 0.000000000000000000e+00 9.904153354632587725e-01 0.000000000000000000e+00 9.935691318327973809e-01 0.000000000000000000e+00 
8.396567776799201965e-03 2.971655316650867462e-02 0.000000000000000000e+00 1.000000000000000000e+00 9.919871794871795156e-01 0.000000000000000000e+00 9.904153354632587725e-01 0.000000000000000000e+00 9.935691318327973809e-01 0.000000000000000000e+00 
7.921786047518253326e-03 2.858776412904262543e-02 0.000000000000000000e+00 1.000000000000000000e+00 9.919871794871795156e-01 0.000000000000000000e+00 9.904153354632587725e-01 0.000000000000000000e+00 9.935691318327973809e-01 0.000000000000000000e+00 
7.516201585531234741e-03 2.731943130493164062e-02 0.000000000000000000e+00 1.000000000000000000e+00 9.919871794871795156e-01 0.000000000000000000e+00 9.904153354632587725e-01 0.000000000000000000e+00 9.935691318327973809e-01 0.000000000000000000e+00 
7.094320841133594513e-03 2.600172348320484161e-02 0.000000000000000000e+00 1.000000000000000000e+00 9.935897435897436125e-01 0.000000000000000000e+00 9.935897435897436125e-01 0.000000000000000000e+00 9.935897435897436125e-01 0.000000000000000000e+00 
6.719955243170261383e-03 2.489298395812511444e-02 0.000000000000000000e+00 1.000000000000000000e+00 9.935897435897436125e-01 0.000000000000000000e+00 9.935897435897436125e-01 0.000000000000000000e+00 9.935897435897436125e-01 0.000000000000000000e+00 
6.299657281488180161e-03 2.401274256408214569e-02 0.000000000000000000e+00 1.000000000000000000e+00 9.935897435897436125e-01 0.000000000000000000e+00 9.935897435897436125e-01 0.000000000000000000e+00 9.935897435897436125e-01 0.000000000000000000e+00 
6.099476013332605362e-03 2.326190285384654999e-02 0.000000000000000000e+00 1.000000000000000000e+00 9.935897435897436125e-01 0.000000000000000000e+00 9.935897435897436125e-01 0.000000000000000000e+00 9.935897435897436125e-01 0.000000000000000000e+00 
5.714327562600374222e-03 2.269291505217552185e-02 0.000000000000000000e+00 1.000000000000000000e+00 9.935897435897436125e-01 0.000000000000000000e+00 9.935897435897436125e-01 0.000000000000000000e+00 9.935897435897436125e-01 0.000000000000000000e+00 
5.449944175779819489e-03 2.208354882895946503e-02 0.000000000000000000e+00 1.000000000000000000e+00 9.967948717948718063e-01 0.000000000000000000e+00 1.000000000000000000e+00 0.000000000000000000e+00 9.936305732484076447e-01 0.000000000000000000e+00 
5.144976079463958740e-03 2.149155922234058380e-02 0.000000000000000000e+00 1.000000000000000000e+00 9.967948717948718063e-01 0.000000000000000000e+00 1.000000000000000000e+00 0.000000000000000000e+00 9.936305732484076447e-01 0.000000000000000000e+00 
4.804950673133134842e-03 2.104225195944309235e-02 0.000000000000000000e+00 1.000000000000000000e+00 9.967948717948718063e-01 0.000000000000000000e+00 1.000000000000000000e+00 0.000000000000000000e+00 9.936305732484076447e-01 0.000000000000000000e+00 
4.572686739265918732e-03 2.073583565652370453e-02 0.000000000000000000e+00 1.000000000000000000e+00 9.967948717948718063e-01 0.000000000000000000e+00 1.000000000000000000e+00 0.000000000000000000e+00 9.936305732484076447e-01 0.000000000000000000e+00 
4.383705090731382370e-03 2.052018977701663971e-02 0.000000000000000000e+00 1.000000000000000000e+00 9.967948717948718063e-01 0.000000000000000000e+00 1.000000000000000000e+00 0.000000000000000000e+00 9.936305732484076447e-01 0.000000000000000000e+00 
4.220164846628904343e-03 2.039203979074954987e-02 0.000000000000000000e+00 1.000000000000000000e+00 9.967948717948718063e-01 0.000000000000000000e+00 1.000000000000000000e+00 0.000000000000000000e+00 9.936305732484076447e-01 0.000000000000000000e+00 
4.021878354251384735e-03 2.033212222158908844e-02 0.000000000000000000e+00 1.000000000000000000e+00 9.967948717948718063e-01 0.000000000000000000e+00 1.000000000000000000e+00 0.000000000000000000e+00 9.936305732484076447e-01 0.000000000000000000e+00 
3.889432642608880997e-03 2.032197080552577972e-02 0.000000000000000000e+00 1.000000000000000000e+00 9.967948717948718063e-01 0.000000000000000000e+00 1.000000000000000000e+00 0.000000000000000000e+00 9.936305732484076447e-01 0.000000000000000000e+00 
3.720385720953345299e-03 2.039055712521076202e-02 0.000000000000000000e+00 1.000000000000000000e+00 9.967948717948718063e-01 0.000000000000000000e+00 1.000000000000000000e+00 0.000000000000000000e+00 9.936305732484076447e-01 0.000000000000000000e+00 
3.578939009457826614e-03 2.047312632203102112e-02 0.000000000000000000e+00 1.000000000000000000e+00 9.967948717948718063e-01 0.000000000000000000e+00 1.000000000000000000e+00 0.000000000000000000e+00 9.936305732484076447e-01 0.000000000000000000e+00 
3.469554474577307701e-03 2.058902569115161896e-02 0.000000000000000000e+00 1.000000000000000000e+00 9.967948717948718063e-01 0.000000000000000000e+00 1.000000000000000000e+00 0.000000000000000000e+00 9.936305732484076447e-01 0.000000000000000000e+00 
3.383144503459334373e-03 2.061618864536285400e-02 0.000000000000000000e+00 1.000000000000000000e+00 9.967948717948718063e-01 0.000000000000000000e+00 1.000000000000000000e+00 0.000000000000000000e+00 9.936305732484076447e-01 0.000000000000000000e+00 
3.238434670493006706e-03 2.082866057753562927e-02 0.000000000000000000e+00 1.000000000000000000e+00 9.967948717948718063e-01 0.000000000000000000e+00 1.000000000000000000e+00 0.000000000000000000e+00 9.936305732484076447e-01 0.000000000000000000e+00 
3.170177340507507324e-03 2.106088027358055115e-02 0.000000000000000000e+00 1.000000000000000000e+00 9.967948717948718063e-01 0.000000000000000000e+00 1.000000000000000000e+00 0.000000000000000000e+00 9.936305732484076447e-01 0.000000000000000000e+00 
3.052320796996355057e-03 2.137469314038753510e-02 0.000000000000000000e+00 1.000000000000000000e+00 9.967948717948718063e-01 0.000000000000000000e+00 1.000000000000000000e+00 0.000000000000000000e+00 9.936305732484076447e-01 0.000000000000000000e+00 
2.938410267233848572e-03 2.172368392348289490e-02 0.000000000000000000e+00 1.000000000000000000e+00 9.967948717948718063e-01 0.000000000000000000e+00 1.000000000000000000e+00 0.000000000000000000e+00 9.936305732484076447e-01 0.000000000000000000e+00 
2.855468541383743286e-03 2.176157571375370026e-02 0.000000000000000000e+00 1.000000000000000000e+00 9.967948717948718063e-01 0.000000000000000000e+00 1.000000000000000000e+00 0.000000000000000000e+00 9.936305732484076447e-01 0.000000000000000000e+00 
2.816912019625306129e-03 2.198274992406368256e-02 0.000000000000000000e+00 1.000000000000000000e+00 9.967948717948718063e-01 0.000000000000000000e+00 1.000000000000000000e+00 0.000000000000000000e+00 9.936305732484076447e-01 0.000000000000000000e+00 
2.722211880609393120e-03 2.230072580277919769e-02 0.000000000000000000e+00 1.000000000000000000e+00 9.951923076923077094e-01 0.000000000000000000e+00 1.000000000000000000e+00 0.000000000000000000e+00 9.904761904761905100e-01 0.000000000000000000e+00 
2.659818157553672791e-03 2.250195108354091644e-02 0.000000000000000000e+00 1.000000000000000000e+00 9.951923076923077094e-01 0.000000000000000000e+00 1.000000000000000000e+00 0.000000000000000000e+00 9.904761904761905100e-01 0.000000000000000000e+00 
2.592637902125716209e-03 2.265791781246662140e-02 0.000000000000000000e+00 1.000000000000000000e+00 9.951923076923077094e-01 0.000000000000000000e+00 1.000000000000000000e+00 0.000000000000000000e+00 9.904761904761905100e-01 0.000000000000000000e+00 
2.490074606612324715e-03 2.277260832488536835e-02 0.000000000000000000e+00 1.000000000000000000e+00 9.951923076923077094e-01 0.000000000000000000e+00 1.000000000000000000e+00 0.000000000000000000e+00 9.904761904761905100e-01 0.000000000000000000e+00 
2.463189186528325081e-03 2.312463894486427307e-02 0.000000000000000000e+00 1.000000000000000000e+00 9.935897435897436125e-01 0.000000000000000000e+00 1.000000000000000000e+00 0.000000000000000000e+00 9.873417721518987777e-01 0.000000000000000000e+00 
2.397542120888829231e-03 2.355031296610832214e-02 0.000000000000000000e+00 1.000000000000000000e+00 9.935897435897436125e-01 0.000000000000000000e+00 1.000000000000000000e+00 0.000000000000000000e+00 9.873417721518987777e-01 0.000000000000000000e+00 
2.329061506316065788e-03 2.351670153439044952e-02 0.000000000000000000e+00 1.000000000000000000e+00 9.935897435897436125e-01 0.000000000000000000e+00 1.000000000000000000e+00 0.000000000000000000e+00 9.873417721518987777e-01 0.000000000000000000e+00 
2.287453506141901016e-03 2.355905994772911072e-02 0.000000000000000000e+00 1.000000000000000000e+00 9.935897435897436125e-01 0.000000000000000000e+00 1.000000000000000000e+00 0.000000000000000000e+00 9.873417721518987777e-01 0.000000000000000000e+00 
2.224204828962683678e-03 2.390154823660850525e-02 0.000000000000000000e+00 1.000000000000000000e+00 9.935897435897436125e-01 0.000000000000000000e+00 1.000000000000000000e+00 0.000000000000000000e+00 9.873417721518987777e-01 0.000000000000000000e+00 
2.164207398891448975e-03 2.409144490957260132e-02 0.000000000000000000e+00 1.000000000000000000e+00 9.935897435897436125e-01 0.000000000000000000e+00 1.000000000000000000e+00 0.000000000000000000e+00 9.873417721518987777e-01 0.000000000000000000e+00 
2.131826011463999748e-03 2.444971911609172821e-02 0.000000000000000000e+00 1.000000000000000000e+00 9.935897435897436125e-01 0.000000000000000000e+00 1.000000000000000000e+00 0.000000000000000000e+00 9.873417721518987777e-01 0.000000000000000000e+00 
2.107063308358192444e-03 2.499099448323249817e-02 0.000000000000000000e+00 1.000000000000000000e+00 9.935897435897436125e-01 0.000000000000000000e+00 1.000000000000000000e+00 0.000000000000000000e+00 9.873417721518987777e-01 0.000000000000000000e+00 
2.031051320955157280e-03 2.493177726864814758e-02 0.000000000000000000e+00 1.000000000000000000e+00 9.935897435897436125e-01 0.000000000000000000e+00 1.000000000000000000e+00 0.000000000000000000e+00 9.873417721518987777e-01 0.000000000000000000e+00 
1.979015069082379341e-03 2.563750743865966797e-02 0.000000000000000000e+00 1.000000000000000000e+00 9.935897435897436125e-01 0.000000000000000000e+00 1.000000000000000000e+00 0.000000000000000000e+00 9.873417721518987777e-01 0.000000000000000000e+00 
1.940200454555451870e-03 2.548862807452678680e-02 0.000000000000000000e+00 1.000000000000000000e+00 9.935897435897436125e-01 0.000000000000000000e+00 1.000000000000000000e+00 0.000000000000000000e+00 9.873417721518987777e-01 0.000000000000000000e+00 
1.927065546624362469e-03 2.558247745037078857e-02 0.000000000000000000e+00 1.000000000000000000e+00 9.935897435897436125e-01 0.000000000000000000e+00 1.000000000000000000e+00 0.000000000000000000e+00 9.873417721518987777e-01 0.000000000000000000e+00 
1.877193688414990902e-03 2.580101788043975830e-02 0.000000000000000000e+00 1.000000000000000000e+00 9.935897435897436125e-01 0.000000000000000000e+00 1.000000000000000000e+00 0.000000000000000000e+00 9.873417721518987777e-01 0.000000000000000000e+00 
1.846136874519288540e-03 2.576255612075328827e-02 0.000000000000000000e+00 1.000000000000000000e+00 9.935897435897436125e-01 0.000000000000000000e+00 1.000000000000000000e+00 0.000000000000000000e+00 9.873417721518987777e-01 0.000000000000000000e+00 
1.806645072065293789e-03 2.616480179131031036e-02 0.000000000000000000e+00 1.000000000000000000e+00 9.919871794871795156e-01 0.000000000000000000e+00 1.000000000000000000e+00 0.000000000000000000e+00 9.842271293375394192e-01 0.000000000000000000e+00 
1.788507797755300999e-03 2.652460895478725433e-02 0.000000000000000000e+00 1.000000000000000000e+00 9.903846153846154188e-01 0.000000000000000000e+00 1.000000000000000000e+00 0.000000000000000000e+00 9.811320754716981174e-01 0.000000000000000000e+00 
1.734862453304231167e-03 2.630964107811450958e-02 0.000000000000000000e+00 1.000000000000000000e+00 9.919871794871795156e-01 0.000000000000000000e+00 1.000000000000000000e+00 0.000000000000000000e+00 9.842271293375394192e-01 0.000000000000000000e+00 
1.709201605990529060e-03 2.639673650264739990e-02 0.000000000000000000e+00 1.000000000000000000e+00 9.903846153846154188e-01 0.000000000000000000e+00 1.000000000000000000e+00 0.000000000000000000e+00 9.811320754716981174e-01 0.000000000000000000e+00 
1.686039962805807590e-03 2.677455730736255646e-02 0.000000000000000000e+00 1.000000000000000000e+00 9.903846153846154188e-01 0.000000000000000000e+00 1.000000000000000000e+00 0.000000000000000000e+00 9.811320754716981174e-01 0.000000000000000000e+00 
1.663275295868515968e-03 2.689139917492866516e-02 0.000000000000000000e+00 1.000000000000000000e+00 9.903846153846154188e-01 0.000000000000000000e+00 1.000000000000000000e+00 0.000000000000000000e+00 9.811320754716981174e-01 0.000000000000000000e+00 
1.641621114686131477e-03 2.654659189283847809e-02 0.000000000000000000e+00 1.000000000000000000e+00 9.919871794871795156e-01 0.000000000000000000e+00 1.000000000000000000e+00 0.000000000000000000e+00 9.842271293375394192e-01 0.000000000000000000e+00 
1.596461632288992405e-03 2.639048546552658081e-02 0.000000000000000000e+00 1.000000000000000000e+00 9.919871794871795156e-01 0.000000000000000000e+00 1.000000000000000000e+00 0.000000000000000000e+00 9.842271293375394192e-01 0.000000000000000000e+00 
1.586600090377032757e-03 2.648429758846759796e-02 0.000000000000000000e+00 1.000000000000000000e+00 9.919871794871795156e-01 0.000000000000000000e+00 1.000000000000000000e+00 0.000000000000000000e+00 9.842271293375394192e-01 0.000000000000000000e+00 
1.554860849864780903e-03 2.646766044199466705e-02 0.000000000000000000e+00 1.000000000000000000e+00 9.919871794871795156e-01 0.000000000000000000e+00 1.000000000000000000e+00 0.000000000000000000e+00 9.842271293375394192e-01 0.000000000000000000e+00 
1.537341391667723656e-03 2.628016844391822815e-02 0.000000000000000000e+00 1.000000000000000000e+00 9.919871794871795156e-01 0.000000000000000000e+00 1.000000000000000000e+00 0.000000000000000000e+00 9.842271293375394192e-01 0.000000000000000000e+00 
1.528187422081828117e-03 2.585907839238643646e-02 0.000000000000000000e+00 1.000000000000000000e+00 9.935897435897436125e-01 0.000000000000000000e+00 1.000000000000000000e+00 0.000000000000000000e+00 9.873417721518987777e-01 0.000000000000000000e+00 
1.495921052992343903e-03 2.554798685014247894e-02 0.000000000000000000e+00 1.000000000000000000e+00 9.935897435897436125e-01 0.000000000000000000e+00 1.000000000000000000e+00 0.000000000000000000e+00 9.873417721518987777e-01 0.000000000000000000e+00 
1.480366452597081661e-03 2.545961365103721619e-02 0.000000000000000000e+00 1.000000000000000000e+00 9.935897435897436125e-01 0.000000000000000000e+00 1.000000000000000000e+00 0.000000000000000000e+00 9.873417721518987777e-01 0.000000000000000000e+00 
1.475440571084618568e-03 2.519558928906917572e-02 0.000000000000000000e+00 1.000000000000000000e+00 9.935897435897436125e-01 0.000000000000000000e+00 1.000000000000000000e+00 0.000000000000000000e+00 9.873417721518987777e-01 0.000000000000000000e+00 
1.462773303501307964e-03 2.501437254250049591e-02 0.000000000000000000e+00 1.000000000000000000e+00 9.935897435897436125e-01 0.000000000000000000e+00 1.000000000000000000e+00 0.000000000000000000e+00 9.873417721518987777e-01 0.000000000000000000e+00 
1.428728806786239147e-03 2.457028068602085114e-02 0.000000000000000000e+00 1.000000000000000000e+00 9.935897435897436125e-01 0.000000000000000000e+00 1.000000000000000000e+00 0.000000000000000000e+00 9.873417721518987777e-01 0.000000000000000000e+00 
1.413850928656756878e-03 2.420021593570709229e-02 0.000000000000000000e+00 1.000000000000000000e+00 9.935897435897436125e-01 0.000000000000000000e+00 1.000000000000000000e+00 0.000000000000000000e+00 9.873417721518987777e-01 0.000000000000000000e+00 
1.377442735247313976e-03 2.415998280048370361e-02 0.000000000000000000e+00 1.000000000000000000e+00 9.935897435897436125e-01 0.000000000000000000e+00 1.000000000000000000e+00 0.000000000000000000e+00 9.873417721518987777e-01 0.000000000000000000e+00 
1.367579447105526924e-03 2.417280711233615875e-02 0.000000000000000000e+00 1.000000000000000000e+00 9.935897435897436125e-01 0.000000000000000000e+00 1.000000000000000000e+00 0.000000000000000000e+00 9.873417721518987777e-01 0.000000000000000000e+00 
1.359860179945826530e-03 2.402579970657825470e-02 0.000000000000000000e+00 1.000000000000000000e+00 9.935897435897436125e-01 0.000000000000000000e+00 1.000000000000000000e+00 0.000000000000000000e+00 9.873417721518987777e-01 0.000000000000000000e+00 
1.338782487437129021e-03 2.389973960816860199e-02 0.000000000000000000e+00 1.000000000000000000e+00 9.951923076923077094e-01 0.000000000000000000e+00 1.000000000000000000e+00 0.000000000000000000e+00 9.904761904761905100e-01 0.000000000000000000e+00 
1.329144812189042568e-03 2.385595254600048065e-02 0.000000000000000000e+00 1.000000000000000000e+00 9.951923076923077094e-01 0.000000000000000000e+00 1.000000000000000000e+00 0.000000000000000000e+00 9.904761904761905100e-01 0.000000000000000000e+00 
1.314644585363566875e-03 2.396601811051368713e-02 0.000000000000000000e+00 1.000000000000000000e+00 9.951923076923077094e-01 0.000000000000000000e+00 1.000000000000000000e+00 0.000000000000000000e+00 9.904761904761905100e-01 0.000000000000000000e+00 
1.291596447117626667e-03 2.357698790729045868e-02 0.000000000000000000e+00 1.000000000000000000e+00 9.951923076923077094e-01 0.000000000000000000e+00 1.000000000000000000e+00 0.000000000000000000e+00 9.904761904761905100e-01 0.000000000000000000e+00 
1.284201280213892460e-03 2.370999939739704132e-02 0.000000000000000000e+00 1.000000000000000000e+00 9.951923076923077094e-01 0.000000000000000000e+00 1.000000000000000000e+00 0.000000000000000000e+00 9.904761904761905100e-01 0.000000000000000000e+00 
1.282357145100831985e-03 2.347707562148571014e-02 0.000000000000000000e+00 1.000000000000000000e+00 9.951923076923077094e-01 0.000000000000000000e+00 1.000000000000000000e+00 0.000000000000000000e+00 9.904761904761905100e-01 0.000000000000000000e+00 
1.256977440789341927e-03 2.323632128536701202e-02 0.000000000000000000e+00 1.000000000000000000e+00 9.951923076923077094e-01 0.000000000000000000e+00 1.000000000000000000e+00 0.000000000000000000e+00 9.904761904761905100e-01 0.000000000000000000e+00 
1.251210807822644711e-03 2.323963120579719543e-02 0.000000000000000000e+00 1.000000000000000000e+00 9.951923076923077094e-01 0.000000000000000000e+00 1.000000000000000000e+00 0.000000000000000000e+00 9.904761904761905100e-01 0.000000000000000000e+00 
1.228761975653469563e-03 2.306069061160087585e-02 0.000000000000000000e+00 1.000000000000000000e+00 9.951923076923077094e-01 0.000000000000000000e+00 1.000000000000000000e+00 0.000000000000000000e+00 9.904761904761905100e-01 0.000000000000000000e+00 
1.220350270159542561e-03 2.296728640794754028e-02 0.000000000000000000e+00 1.000000000000000000e+00 9.951923076923077094e-01 0.000000000000000000e+00 1.000000000000000000e+00 0.000000000000000000e+00 9.904761904761905100e-01 0.000000000000000000e+00 
1.207713503390550613e-03 2.300211042165756226e-02 0.000000000000000000e+00 1.000000000000000000e+00 9.951923076923077094e-01 0.000000000000000000e+00 1.000000000000000000e+00 0.000000000000000000e+00 9.904761904761905100e-01 0.000000000000000000e+00 
1.198119483888149261e-03 2.263383381068706512e-02 0.000000000000000000e+00 1.000000000000000000e+00 9.951923076923077094e-01 0.000000000000000000e+00 1.000000000000000000e+00 0.000000000000000000e+00 9.904761904761905100e-01 0.000000000000000000e+00 
1.204100088216364384e-03 2.252654917538166046e-02 0.000000000000000000e+00 1.000000000000000000e+00 9.951923076923077094e-01 0.000000000000000000e+00 1.000000000000000000e+00 0.000000000000000000e+00 9.904761904761905100e-01 0.000000000000000000e+00 
1.181993982754647732e-03 2.245029434561729431e-02 0.000000000000000000e+00 1.000000000000000000e+00 9.951923076923077094e-01 0.000000000000000000e+00 1.000000000000000000e+00 0.000000000000000000e+00 9.904761904761905100e-01 0.000000000000000000e+00 
1.172464923001825809e-03 2.240197733044624329e-02 0.000000000000000000e+00 1.000000000000000000e+00 9.951923076923077094e-01 0.000000000000000000e+00 1.000000000000000000e+00 0.000000000000000000e+00 9.904761904761905100e-01 0.000000000000000000e+00 
1.154702971689403057e-03 2.227538637816905975e-02 0.000000000000000000e+00 1.000000000000000000e+00 9.951923076923077094e-01 0.000000000000000000e+00 1.000000000000000000e+00 0.000000000000000000e+00 9.904761904761905100e-01 0.000000000000000000e+00 
1.144816051237285137e-03 2.208578959107398987e-02 0.000000000000000000e+00 1.000000000000000000e+00 9.951923076923077094e-01 0.000000000000000000e+00 1.000000000000000000e+00 0.000000000000000000e+00 9.904761904761905100e-01 0.000000000000000000e+00 
1.129892887547612190e-03 2.188738621771335602e-02 0.000000000000000000e+00 1.000000000000000000e+00 9.951923076923077094e-01 0.000000000000000000e+00 1.000000000000000000e+00 0.000000000000000000e+00 9.904761904761905100e-01 0.000000000000000000e+00 
1.125532435253262520e-03 2.178465761244297028e-02 0.000000000000000000e+00 1.000000000000000000e+00 9.951923076923077094e-01 0.000000000000000000e+00 1.000000000000000000e+00 0.000000000000000000e+00 9.904761904761905100e-01 0.000000000000000000e+00 
1.113652018830180168e-03 2.162947505712509155e-02 0.000000000000000000e+00 1.000000000000000000e+00 9.951923076923077094e-01 0.000000000000000000e+00 1.000000000000000000e+00 0.000000000000000000e+00 9.904761904761905100e-01 0.000000000000000000e+00 
1.097550848498940468e-03 2.145765349268913269e-02 0.000000000000000000e+00 1.000000000000000000e+00 9.951923076923077094e-01 0.000000000000000000e+00 1.000000000000000000e+00 0.000000000000000000e+00 9.904761904761905100e-01 0.000000000000000000e+00 
1.093353494070470333e-03 2.147440798580646515e-02 0.000000000000000000e+00 1.000000000000000000e+00 9.951923076923077094e-01 0.000000000000000000e+00 1.000000000000000000e+00 0.000000000000000000e+00 9.904761904761905100e-01 0.000000000000000000e+00 
1.082796021364629269e-03 2.143182605504989624e-02 0.000000000000000000e+00 1.000000000000000000e+00 9.951923076923077094e-01 0.000000000000000000e+00 1.000000000000000000e+00 0.000000000000000000e+00 9.904761904761905100e-01 0.000000000000000000e+00 
1.079064095392823219e-03 2.143248543143272400e-02 0.000000000000000000e+00 1.000000000000000000e+00 9.951923076923077094e-01 0.000000000000000000e+00 1.000000000000000000e+00 0.000000000000000000e+00 9.904761904761905100e-01 0.000000000000000000e+00 
1.059424830600619316e-03 2.115719392895698547e-02 0.000000000000000000e+00 1.000000000000000000e+00 9.967948717948718063e-01 0.000000000000000000e+00 1.000000000000000000e+00 0.000000000000000000e+00 9.936305732484076447e-01 0.000000000000000000e+00 
1.057470333762466908e-03 2.113602496683597565e-02 0.000000000000000000e+00 1.000000000000000000e+00 9.967948717948718063e-01 0.000000000000000000e+00 1.000000000000000000e+00 0.000000000000000000e+00 9.936305732484076447e-01 0.000000000000000000e+00 
1.047181780450046062e-03 2.101522311568260193e-02 0.000000000000000000e+00 1.000000000000000000e+00 9.967948717948718063e-01 0.000000000000000000e+00 1.000000000000000000e+00 0.000000000000000000e+00 9.936305732484076447e-01 0.000000000000000000e+00 
1.036136760376393795e-03 2.092273160815238953e-02 0.000000000000000000e+00 1.000000000000000000e+00 9.967948717948718063e-01 0.000000000000000000e+00 1.000000000000000000e+00 0.000000000000000000e+00 9.936305732484076447e-01 0.000000000000000000e+00 
1.027382211759686470e-03 2.087865583598613739e-02 0.000000000000000000e+00 1.000000000000000000e+00 9.967948717948718063e-01 0.000000000000000000e+00 1.000000000000000000e+00 0.000000000000000000e+00 9.936305732484076447e-01 0.000000000000000000e+00 
1.024687080644071102e-03 2.082199789583683014e-02 0.000000000000000000e+00 1.000000000000000000e+00 9.967948717948718063e-01 0.000000000000000000e+00 1.000000000000000000e+00 0.000000000000000000e+00 9.936305732484076447e-01 0.000000000000000000e+00 
1.010957756079733372e-03 2.073534019291400909e-02 0.000000000000000000e+00 1.000000000000000000e+00 9.967948717948718063e-01 0.000000000000000000e+00 1.000000000000000000e+00 0.000000000000000000e+00 9.936305732484076447e-01 0.000000000000000000e+00 
1.001550815999507904e-03 2.065580897033214569e-02 0.000000000000000000e+00 1.000000000000000000e+00 9.967948717948718063e-01 0.000000000000000000e+00 1.000000000000000000e+00 0.000000000000000000e+00 9.936305732484076447e-01 0.000000000000000000e+00 
9.941156022250652313e-04 2.056489698588848114e-02 0.000000000000000000e+00 1.000000000000000000e+00 9.967948717948718063e-01 0.000000000000000000e+00 1.000000000000000000e+00 0.000000000000000000e+00 9.936305732484076447e-01 0.000000000000000000e+00 
9.862667648121714592e-04 2.055433392524719238e-02 0.000000000000000000e+00 1.000000000000000000e+00 9.967948717948718063e-01 0.000000000000000000e+00 1.000000000000000000e+00 0.000000000000000000e+00 9.936305732484076447e-01 0.000000000000000000e+00 
9.876916883513331413e-04 2.047556452453136444e-02 0.000000000000000000e+00 1.000000000000000000e+00 9.967948717948718063e-01 0.000000000000000000e+00 1.000000000000000000e+00 0.000000000000000000e+00 9.936305732484076447e-01 0.000000000000000000e+00 
9.695302578620612621e-04 2.042006328701972961e-02 0.000000000000000000e+00 1.000000000000000000e+00 9.967948717948718063e-01 0.000000000000000000e+00 1.000000000000000000e+00 0.000000000000000000e+00 9.936305732484076447e-01 0.000000000000000000e+00 
9.636121685616672039e-04 2.037809230387210846e-02 0.000000000000000000e+00 1.000000000000000000e+00 9.967948717948718063e-01 0.000000000000000000e+00 1.000000000000000000e+00 0.000000000000000000e+00 9.936305732484076447e-01 0.000000000000000000e+00 
9.504241170361638069e-04 2.037676423788070679e-02 0.000000000000000000e+00 1.000000000000000000e+00 9.967948717948718063e-01 0.000000000000000000e+00 1.000000000000000000e+00 0.000000000000000000e+00 9.936305732484076447e-01 0.000000000000000000e+00 
9.417801047675311565e-04 2.037094160914421082e-02 0.000000000000000000e+00 1.000000000000000000e+00 9.967948717948718063e-01 0.000000000000000000e+00 1.000000000000000000e+00 0.000000000000000000e+00 9.936305732484076447e-01 0.000000000000000000e+00 
9.340835968032479286e-04 2.034425362944602966e-02 0.000000000000000000e+00 1.000000000000000000e+00 9.967948717948718063e-01 0.000000000000000000e+00 1.000000000000000000e+00 0.000000000000000000e+00 9.936305732484076447e-01 0.000000000000000000e+00 
9.352657361887395382e-04 2.033997140824794769e-02 0.000000000000000000e+00 1.000000000000000000e+00 9.967948717948718063e-01 0.000000000000000000e+00 1.000000000000000000e+00 0.000000000000000000e+00 9.936305732484076447e-01 0.000000000000000000e+00 
9.213138255290687084e-04 2.029350958764553070e-02 0.000000000000000000e+00 1.000000000000000000e+00 9.967948717948718063e-01 0.000000000000000000e+00 1.000000000000000000e+00 0.000000000000000000e+00 9.936305732484076447e-01 0.000000000000000000e+00 
9.163864306174218655e-04 2.024041116237640381e-02 0.000000000000000000e+00 1.000000000000000000e+00 9.967948717948718063e-01 0.000000000000000000e+00 1.000000000000000000e+00 0.000000000000000000e+00 9.936305732484076447e-01 0.000000000000000000e+00 
9.068734361790120602e-04 2.021266333758831024e-02 0.000000000000000000e+00 1.000000000000000000e+00 9.967948717948718063e-01 0.000000000000000000e+00 1.000000000000000000e+00 0.000000000000000000e+00 9.936305732484076447e-01 0.000000000000000000e+00 
8.950603078119456768e-04 2.021668478846549988e-02 0.000000000000000000e+00 1.000000000000000000e+00 9.967948717948718063e-01 0.000000000000000000e+00 1.000000000000000000e+00 0.000000000000000000e+00 9.936305732484076447e-01 0.000000000000000000e+00 
8.929857867769896984e-04 2.020951174199581146e-02 0.000000000000000000e+00 1.000000000000000000e+00 9.967948717948718063e-01 0.000000000000000000e+00 1.000000000000000000e+00 0.000000000000000000e+00 9.936305732484076447e-01 0.000000000000000000e+00 
8.931796182878315449e-04 2.019407041370868683e-02 0.000000000000000000e+00 1.000000000000000000e+00 9.967948717948718063e-01 0.000000000000000000e+00 1.000000000000000000e+00 0.000000000000000000e+00 9.936305732484076447e-01 0.000000000000000000e+00 
8.780932985246181488e-04 2.018272876739501953e-02 0.000000000000000000e+00 1.000000000000000000e+00 9.967948717948718063e-01 0.000000000000000000e+00 1.000000000000000000e+00 0.000000000000000000e+00 9.936305732484076447e-01 0.000000000000000000e+00 
8.654367411509156227e-04 2.020259946584701538e-02 0.000000000000000000e+00 1.000000000000000000e+00 9.967948717948718063e-01 0.000000000000000000e+00 1.000000000000000000e+00 0.000000000000000000e+00 9.936305732484076447e-01 0.000000000000000000e+00 
8.594637620262801647e-04 2.019350044429302216e-02 0.000000000000000000e+00 1.000000000000000000e+00 9.967948717948718063e-01 0.000000000000000000e+00 1.000000000000000000e+00 0.000000000000000000e+00 9.936305732484076447e-01 0.000000000000000000e+00 
8.552637300454080105e-04 2.018751762807369232e-02 0.000000000000000000e+00 1.000000000000000000e+00 9.967948717948718063e-01 0.000000000000000000e+00 1.000000000000000000e+00 0.000000000000000000e+00 9.936305732484076447e-01 0.000000000000000000e+00 
8.446287247352302074e-04 2.021536231040954590e-02 0.000000000000000000e+00 1.000000000000000000e+00 9.967948717948718063e-01 0.000000000000000000e+00 1.000000000000000000e+00 0.000000000000000000e+00 9.936305732484076447e-01 0.000000000000000000e+00 
8.410983136855065823e-04 2.022379823029041290e-02 0.000000000000000000e+00 1.000000000000000000e+00 9.967948717948718063e-01 0.000000000000000000e+00 1.000000000000000000e+00 0.000000000000000000e+00 9.936305732484076447e-01 0.000000000000000000e+00 
8.365092216990888119e-04 2.016454562544822693e-02 0.000000000000000000e+00 1.000000000000000000e+00 9.967948717948718063e-01 0.000000000000000000e+00 1.000000000000000000e+00 0.000000000000000000e+00 9.936305732484076447e-01 0.000000000000000000e+00 
8.291221456602215767e-04 2.018978446722030640e-02 0.000000000000000000e+00 1.000000000000000000e+00 9.967948717948718063e-01 0.000000000000000000e+00 1.000000000000000000e+00 0.000000000000000000e+00 9.936305732484076447e-01 0.000000000000000000e+00 
8.221410098485648632e-04 2.021241746842861176e-02 0.000000000000000000e+00 1.000000000000000000e+00 9.967948717948718063e-01 0.000000000000000000e+00 1.000000000000000000e+00 0.000000000000000000e+00 9.936305732484076447e-01 0.000000000000000000e+00 
8.172051166184246540e-04 2.019525505602359772e-02 0.000000000000000000e+00 1.000000000000000000e+00 9.967948717948718063e-01 0.000000000000000000e+00 1.000000000000000000e+00 0.000000000000000000e+00 9.936305732484076447e-01 0.000000000000000000e+00 
8.067904855124652386e-04 2.022955752909183502e-02 0.000000000000000000e+00 1.000000000000000000e+00 9.967948717948718063e-01 0.000000000000000000e+00 1.000000000000000000e+00 0.000000000000000000e+00 9.936305732484076447e-01 0.000000000000000000e+00 
8.004030096344649792e-04 2.026085369288921356e-02 0.000000000000000000e+00 1.000000000000000000e+00 9.967948717948718063e-01 0.000000000000000000e+00 1.000000000000000000e+00 0.000000000000000000e+00 9.936305732484076447e-01 0.000000000000000000e+00 
7.900727796368300915e-04 2.024887874722480774e-02 0.000000000000000000e+00 1.000000000000000000e+00 9.967948717948718063e-01 0.000000000000000000e+00 1.000000000000000000e+00 0.000000000000000000e+00 9.936305732484076447e-01 0.000000000000000000e+00 
7.882547797635197639e-04 2.023792825639247894e-02 0.000000000000000000e+00 1.000000000000000000e+00 9.967948717948718063e-01 0.000000000000000000e+00 1.000000000000000000e+00 0.000000000000000000e+00 9.936305732484076447e-01 0.000000000000000000e+00 
7.799884187988936901e-04 2.026130259037017822e-02 0.000000000000000000e+00 1.000000000000000000e+00 9.967948717948718063e-01 0.000000000000000000e+00 1.000000000000000000e+00 0.000000000000000000e+00 9.936305732484076447e-01 0.000000000000000000e+00 
7.781274034641683102e-04 2.024689316749572754e-02 0.000000000000000000e+00 1.000000000000000000e+00 9.967948717948718063e-01 0.000000000000000000e+00 1.000000000000000000e+00 0.000000000000000000e+00 9.936305732484076447e-01 0.000000000000000000e+00 
7.677940884605050087e-04 2.026568353176116943e-02 0.000000000000000000e+00 1.000000000000000000e+00 9.967948717948718063e-01 0.000000000000000000e+00 1.000000000000000000e+00 0.000000000000000000e+00 9.936305732484076447e-01 0.000000000000000000e+00 
7.606750587001442909e-04 2.026849426329135895e-02 0.000000000000000000e+00 1.000000000000000000e+00 9.967948717948718063e-01 0.000000000000000000e+00 1.000000000000000000e+00 0.000000000000000000e+00 9.936305732484076447e-01 0.000000000000000000e+00 
7.541949744336307049e-04 2.025528810918331146e-02 0.000000000000000000e+00 1.000000000000000000e+00 9.967948717948718063e-01 0.000000000000000000e+00 1.000000000000000000e+00 0.000000000000000000e+00 9.936305732484076447e-01 0.000000000000000000e+00 
7.531857118010520935e-04 2.022983320057392120e-02 0.000000000000000000e+00 1.000000000000000000e+00 9.967948717948718063e-01 0.000000000000000000e+00 1.000000000000000000e+00 0.000000000000000000e+00 9.936305732484076447e-01 0.000000000000000000e+00 
7.445542141795158386e-04 2.023557201027870178e-02 0.000000000000000000e+00 1.000000000000000000e+00 9.967948717948718063e-01 0.000000000000000000e+00 1.000000000000000000e+00 0.000000000000000000e+00 9.936305732484076447e-01 0.000000000000000000e+00 
7.361376192420721054e-04 2.021927013993263245e-02 0.000000000000000000e+00 1.000000000000000000e+00 9.967948717948718063e-01 0.000000000000000000e+00 1.000000000000000000e+00 0.000000000000000000e+00 9.936305732484076447e-01 0.000000000000000000e+00 
7.356113055720925331e-04 2.018772810697555542e-02 0.000000000000000000e+00 1.000000000000000000e+00 9.967948717948718063e-01 0.000000000000000000e+00 1.000000000000000000e+00 0.000000000000000000e+00 9.936305732484076447e-01 0.000000000000000000e+00 
7.276601390913128853e-04 2.019518986344337463e-02 0.000000000000000000e+00 1.000000000000000000e+00 9.967948717948718063e-01 0.000000000000000000e+00 1.000000000000000000e+00 0.000000000000000000e+00 9.936305732484076447e-01 0.000000000000000000e+00 
7.226763991639018059e-04 2.018764987587928772e-02 0.000000000000000000e+00 1.000000000000000000e+00 9.967948717948718063e-01 0.000000000000000000e+00 1.000000000000000000e+00 0.000000000000000000e+00 9.936305732484076447e-01 0.000000000000000000e+00 
7.161359535530209541e-04 2.016923017799854279e-02 0.000000000000000000e+00 1.000000000000000000e+00 9.967948717948718063e-01 0.000000000000000000e+00 1.000000000000000000e+00 0.000000000000000000e+00 9.936305732484076447e-01 0.000000000000000000e+00 
7.115057669579982758e-04 2.015557140111923218e-02 0.000000000000000000e+00 1.000000000000000000e+00 9.967948717948718063e-01 0.000000000000000000e+00 1.000000000000000000e+00 0.000000000000000000e+00 9.936305732484076447e-01 0.000000000000000000e+00 
7.045316742733120918e-04 2.015547640621662140e-02 0.000000000000000000e+00 1.000000000000000000e+00 9.967948717948718063e-01 0.000000000000000000e+00 1.000000000000000000e+00 0.000000000000000000e+00 9.936305732484076447e-01 0.000000000000000000e+00 
7.018877076916396618e-04 2.012673951685428619e-02 0.000000000000000000e+00 1.000000000000000000e+00 9.967948717948718063e-01 0.000000000000000000e+00 1.000000000000000000e+00 0.000000000000000000e+00 9.936305732484076447e-01 0.000000000000000000e+00 
6.936639547348022461e-04 2.012054435908794403e-02 0.000000000000000000e+00 1.000000000000000000e+00 9.967948717948718063e-01 0.000000000000000000e+00 1.000000000000000000e+00 0.000000000000000000e+00 9.936305732484076447e-01 0.000000000000000000e+00 
6.900254520587623119e-04 2.013113535940647125e-02 0.000000000000000000e+00 1.000000000000000000e+00 9.967948717948718063e-01 0.000000000000000000e+00 1.000000000000000000e+00 0.000000000000000000e+00 9.936305732484076447e-01 0.000000000000000000e+00 
