4.930067062377929688e-01 9.867438116595295128e-11 -2.002490112066347683e-18 2.893618985025993023e-20 
4.930064976215362549e-01 1.024744039623826097e-10 6.776773534882041654e-18 3.160968282647106467e-20 
4.977912604808807373e-01 1.456911739687594132e-12 -1.832012478818596298e-19 6.230839553563055323e-24 
4.977912604808807373e-01 1.509485787233588727e-12 -1.321684950867654411e-19 6.809855963816678388e-24 
4.947410821914672852e-01 1.076239215748366757e-14 9.668305507679646442e-22 3.416287239209479574e-28 
4.947410821914672852e-01 1.062937833861158851e-14 8.417034282221761504e-22 3.324362362222633759e-28 
5.085563063621520996e-01 3.552713678800500929e-15 -2.117582368135750848e-22 1.262177448353618889e-29 
5.085563063621520996e-01 3.552713678800500929e-15 -2.117582368135750848e-22 1.262177448353618889e-29 
5.089530348777770996e-01 0.000000000000000000e+00 0.000000000000000000e+00 0.000000000000000000e+00 
5.089530348777770996e-01 0.000000000000000000e+00 0.000000000000000000e+00 0.000000000000000000e+00 
5.125555396080017090e-01 3.552713678800500929e-15 -2.117582368135750848e-22 1.262177448353618889e-29 
5.125555396080017090e-01 3.552713678800500929e-15 -2.117582368135750848e-22 1.262177448353618889e-29 
4.952475130558013916e-01 8.881784197001252323e-16 2.646977960169688560e-23 7.888609052210118054e-31 
4.952475130558013916e-01 8.881784197001252323e-16 2.646977960169688560e-23 7.888609052210118054e-31 
5.027233362197875977e-01 3.552713678800500929e-15 2.117582368135750848e-22 1.262177448353618889e-29 
5.027233362197875977e-01 3.552713678800500929e-15 2.117582368135750848e-22 1.262177448353618889e-29 
4.898657500743865967e-01 3.552713678800500929e-15 -2.117582368135750848e-22 1.262177448353618889e-29 
4.898657500743865967e-01 3.552713678800500929e-15 -2.117582368135750848e-22 1.262177448353618889e-29 
5.033515691757202148e-01 3.552713678800500929e-15 -2.117582368135750848e-22 1.262177448353618889e-29 
5.033515691757202148e-01 3.552713678800500929e-15 -2.117582368135750848e-22 1.262177448353618889e-29 
4.985523819923400879e-01 8.881784197001252323e-16 2.646977960169688560e-23 7.888609052210118054e-31 
4.985523819923400879e-01 8.881784197001252323e-16 2.646977960169688560e-23 7.888609052210118054e-31 
4.890369474887847900e-01 3.552713678800500929e-15 -2.117582368135750848e-22 1.262177448353618889e-29 
4.890369474887847900e-01 3.552713678800500929e-15 -2.117582368135750848e-22 1.262177448353618889e-29 
5.027588605880737305e-01 3.552713678800500929e-15 -2.117582368135750848e-22 1.262177448353618889e-29 
5.027588605880737305e-01 3.552713678800500929e-15 -2.117582368135750848e-22 1.262177448353618889e-29 
5.012340545654296875e-01 0.000000000000000000e+00 0.000000000000000000e+00 0.000000000000000000e+00 
5.012340545654296875e-01 0.000000000000000000e+00 0.000000000000000000e+00 0.000000000000000000e+00 
4.967913031578063965e-01 8.881784197001252323e-16 -2.646977960169688560e-23 7.888609052210118054e-31 
4.967913031578063965e-01 8.881784197001252323e-16 -2.646977960169688560e-23 7.888609052210118054e-31 
4.997965097427368164e-01 7.993605777301127091e-15 7.146840492458159111e-22 6.389773332290195624e-29 
4.997965097427368164e-01 7.993605777301127091e-15 7.146840492458159111e-22 6.389773332290195624e-29 
5.035432577133178711e-01 3.552713678800500929e-15 -2.117582368135750848e-22 1.262177448353618889e-29 
5.035432577133178711e-01 3.552713678800500929e-15 -2.117582368135750848e-22 1.262177448353618889e-29 
4.979405105113983154e-01 8.881784197001252323e-16 -2.646977960169688560e-23 7.888609052210118054e-31 
4.979405105113983154e-01 8.881784197001252323e-16 -2.646977960169688560e-23 7.888609052210118054e-31 
4.919771850109100342e-01 8.881784197001252323e-16 -2.646977960169688560e-23 7.888609052210118054e-31 
4.919771850109100342e-01 8.881784197001252323e-16 -2.646977960169688560e-23 7.888609052210118054e-31 
5.004233121871948242e-01 1.421085471520200372e-14 -1.694065894508600678e-21 2.019483917365790222e-28 
5.004233121871948242e-01 1.421085471520200372e-14 -1.694065894508600678e-21 2.019483917365790222e-28 
4.965623617172241211e-01 7.993605777301127091e-15 -7.146840492458159111e-22 6.389773332290195624e-29 
4.965623617172241211e-01 7.993605777301127091e-15 -7.146840492458159111e-22 6.389773332290195624e-29 
5.032587647438049316e-01 0.000000000000000000e+00 0.000000000000000000e+00 0.000000000000000000e+00 
5.032587647438049316e-01 0.000000000000000000e+00 0.000000000000000000e+00 0.000000000000000000e+00 
5.062273740768432617e-01 3.552713678800500929e-15 -2.117582368135750848e-22 1.262177448353618889e-29 
5.062273740768432617e-01 3.552713678800500929e-15 -2.117582368135750848e-22 1.262177448353618889e-29 
5.103459954261779785e-01 0.000000000000000000e+00 0.000000000000000000e+00 0.000000000000000000e+00 
5.103459954261779785e-01 0.000000000000000000e+00 0.000000000000000000e+00 0.000000000000000000e+00 
4.943261444568634033e-01 0.000000000000000000e+00 0.000000000000000000e+00 0.000000000000000000e+00 
4.943261444568634033e-01 0.000000000000000000e+00 0.000000000000000000e+00 0.000000000000000000e+00 
4.947090744972229004e-01 8.881784197001252323e-16 -2.646977960169688560e-23 7.888609052210118054e-31 
4.947090744972229004e-01 8.881784197001252323e-16 -2.646977960169688560e-23 7.888609052210118054e-31 
5.062623620033264160e-01 0.000000000000000000e+00 0.000000000000000000e+00 0.000000000000000000e+00 
5.062623620033264160e-01 0.000000000000000000e+00 0.000000000000000000e+00 0.000000000000000000e+00 
5.078845620155334473e-01 3.552713678800500929e-15 2.117582368135750848e-22 1.262177448353618889e-29 
5.078845620155334473e-01 3.552713678800500929e-15 2.117582368135750848e-22 1.262177448353618889e-29 
5.046099424362182617e-01 3.552713678800500929e-15 -2.117582368135750848e-22 1.262177448353618889e-29 
5.046099424362182617e-01 3.552713678800500929e-15 -2.117582368135750848e-22 1.262177448353618889e-29 
4.999457597732543945e-01 1.421085471520200372e-14 1.694065894508600678e-21 2.019483917365790222e-28 
4.999457597732543945e-01 1.421085471520200372e-14 1.694065894508600678e-21 2.019483917365790222e-28 
5.070891380310058594e-01 0.000000000000000000e+00 0.000000000000000000e+00 0.000000000000000000e+00 
5.070891380310058594e-01 0.000000000000000000e+00 0.000000000000000000e+00 0.000000000000000000e+00 
4.994221925735473633e-01 3.552713678800500929e-15 2.117582368135750848e-22 1.262177448353618889e-29 
4.994221925735473633e-01 3.552713678800500929e-15 2.117582368135750848e-22 1.262177448353618889e-29 
4.991836249828338623e-01 3.552713678800500929e-15 -2.117582368135750848e-22 1.262177448353618889e-29 
4.991836249828338623e-01 3.552713678800500929e-15 -2.117582368135750848e-22 1.262177448353618889e-29 
5.111292600631713867e-01 3.552713678800500929e-15 -2.117582368135750848e-22 1.262177448353618889e-29 
5.111292600631713867e-01 3.552713678800500929e-15 -2.117582368135750848e-22 1.262177448353618889e-29 
4.945839643478393555e-01 3.552713678800500929e-15 -2.117582368135750848e-22 1.262177448353618889e-29 
4.945839643478393555e-01 3.552713678800500929e-15 -2.117582368135750848e-22 1.262177448353618889e-29 
4.942806959152221680e-01 7.993605777301127091e-15 -7.146840492458159111e-22 6.389773332290195624e-29 
4.942806959152221680e-01 7.993605777301127091e-15 -7.146840492458159111e-22 6.389773332290195624e-29 
4.993613660335540771e-01 3.552713678800500929e-15 -2.117582368135750848e-22 1.262177448353618889e-29 
4.993613660335540771e-01 3.552713678800500929e-15 -2.117582368135750848e-22 1.262177448353618889e-29 
5.005708932876586914e-01 3.552713678800500929e-15 2.117582368135750848e-22 1.262177448353618889e-29 
5.005708932876586914e-01 3.552713678800500929e-15 2.117582368135750848e-22 1.262177448353618889e-29 
5.041469931602478027e-01 3.552713678800500929e-15 -2.117582368135750848e-22 1.262177448353618889e-29 
5.041469931602478027e-01 3.552713678800500929e-15 -2.117582368135750848e-22 1.262177448353618889e-29 
4.874978065490722656e-01 0.000000000000000000e+00 0.000000000000000000e+00 0.000000000000000000e+00 
4.874978065490722656e-01 0.000000000000000000e+00 0.000000000000000000e+00 0.000000000000000000e+00 
