6.959552070183151473e-01 6.932171791791915672e-01 0.000000000000000000e+00 4.979166666666666186e-01 4.987959558823529815e-01 0.000000000000000000e+00 4.970346367587647474e-01 0.000000000000000000e+00 4.999892706379600038e-01 0.000000000000000000e+00 
6.935418641811345042e-01 6.936283379793166670e-01 0.000000000000000000e+00 4.962137372013651904e-01 4.995863970588235725e-01 0.000000000000000000e+00 0.000000000000000000e+00 0.000000000000000000e+00 4.995863970588235725e-01 0.000000000000000000e+00 
6.935062079909718458e-01 6.937562167644500954e-01 0.000000000000000000e+00 4.972091865756541051e-01 4.993106617647058987e-01 0.000000000000000000e+00 4.993106617647058987e-01 0.000000000000000000e+00 0.000000000000000000e+00 0.000000000000000000e+00 
6.934726349119439970e-01 6.951204895973205344e-01 0.000000000000000000e+00 4.979699943117177896e-01 4.994485294117646523e-01 0.000000000000000000e+00 0.000000000000000000e+00 0.000000000000000000e+00 4.994485294117646523e-01 0.000000000000000000e+00 
6.934113276696449724e-01 6.933941215276717696e-01 0.000000000000000000e+00 5.012300910125142561e-01 4.995863970588235725e-01 0.000000000000000000e+00 4.995863970588235725e-01 0.000000000000000000e+00 0.000000000000000000e+00 0.000000000000000000e+00 
6.936457477535403759e-01 6.937663555145263672e-01 0.000000000000000000e+00 4.992960750853241980e-01 4.998621323529411353e-01 0.000000000000000000e+00 4.998621323529411353e-01 0.000000000000000000e+00 0.000000000000000000e+00 0.000000000000000000e+00 
6.930826372457445927e-01 6.935673207044601440e-01 0.000000000000000000e+00 5.103348976109214341e-01 5.001011029411766007e-01 0.000000000000000000e+00 5.000000000000000278e-02 0.000000000000000000e+00 5.002524548220542711e-01 0.000000000000000000e+00 
6.930858529468445495e-01 6.931944578886032327e-01 0.000000000000000000e+00 5.056136234357223591e-01 5.064705882352941169e-01 0.000000000000000000e+00 5.140415165482649096e-01 0.000000000000000000e+00 5.037697585783738052e-01 0.000000000000000000e+00 
6.928228960712614626e-01 6.936241388320922852e-01 0.000000000000000000e+00 5.108361774744027972e-01 5.015441176470588625e-01 0.000000000000000000e+00 5.041817851963980024e-01 0.000000000000000000e+00 5.002167202235562327e-01 0.000000000000000000e+00 
6.933171698257785120e-01 6.943376451730728371e-01 0.000000000000000000e+00 5.052865472127417990e-01 4.998253676470588158e-01 0.000000000000000000e+00 6.666666666666666574e-02 0.000000000000000000e+00 4.999817149913821090e-01 0.000000000000000000e+00 
6.925273851933332336e-01 6.934616208076477273e-01 0.000000000000000000e+00 5.116858646188851001e-01 5.034742647058824128e-01 0.000000000000000000e+00 5.024858684165082190e-01 0.000000000000000000e+00 5.127764072964009490e-01 0.000000000000000000e+00 
6.921290019876721322e-01 6.930106878280639648e-01 0.000000000000000000e+00 5.168657565415244459e-01 5.162959558823528861e-01 0.000000000000000000e+00 5.260091920866454274e-01 0.000000000000000000e+00 5.118331641521437492e-01 0.000000000000000000e+00 
6.912098820909298169e-01 6.927993088960647805e-01 0.000000000000000000e+00 5.266673777019340585e-01 5.120588235294117885e-01 0.000000000000000000e+00 5.129619599763907134e-01 0.000000000000000000e+00 5.110210589645700630e-01 0.000000000000000000e+00 
6.907392946729887795e-01 6.927107840776443037e-01 0.000000000000000000e+00 5.288573663253697266e-01 5.114154411764705310e-01 0.000000000000000000e+00 5.102563172198253394e-01 0.000000000000000000e+00 5.134738872797510734e-01 0.000000000000000000e+00 
6.903202695447837600e-01 6.925836801528930664e-01 0.000000000000000000e+00 5.312500000000000000e-01 5.140716911764707797e-01 0.000000000000000000e+00 5.123156383656981561e-01 0.000000000000000000e+00 5.174659722803548467e-01 0.000000000000000000e+00 
6.893668631441357553e-01 6.935153990983963235e-01 0.000000000000000000e+00 5.330631399317405927e-01 5.118566176470588092e-01 0.000000000000000000e+00 5.082842123751479813e-01 0.000000000000000000e+00 5.211775776699811846e-01 0.000000000000000000e+00 
6.882905538985346627e-01 6.924133926630020586e-01 0.000000000000000000e+00 5.389434015927190291e-01 5.219209558823530992e-01 0.000000000000000000e+00 5.202521468854209852e-01 0.000000000000000000e+00 5.237470115987156172e-01 0.000000000000000000e+00 
6.880186539868039519e-01 6.929392814636230469e-01 0.000000000000000000e+00 5.413182593856654679e-01 5.196047794117648611e-01 0.000000000000000000e+00 5.204069925667315077e-01 0.000000000000000000e+00 5.193918384789011355e-01 0.000000000000000000e+00 
6.877878183187478012e-01 6.930562734603882280e-01 0.000000000000000000e+00 5.428220989761092241e-01 5.212499999999999911e-01 0.000000000000000000e+00 5.161553274664216762e-01 0.000000000000000000e+00 5.293430564260637183e-01 0.000000000000000000e+00 
6.867873449984670531e-01 6.926726788282394631e-01 0.000000000000000000e+00 5.456520193401592778e-01 5.180698529411763564e-01 0.000000000000000000e+00 5.155663422962334375e-01 0.000000000000000000e+00 5.207897857924473906e-01 0.000000000000000000e+00 
6.861256824825403555e-01 6.936721175909041914e-01 0.000000000000000000e+00 5.482081911262798313e-01 5.223529411764705754e-01 0.000000000000000000e+00 5.168132424171318906e-01 0.000000000000000000e+00 5.319437308996973757e-01 0.000000000000000000e+00 
6.863318881077163924e-01 6.934128820896148238e-01 0.000000000000000000e+00 5.453782707622297776e-01 5.190716911764705621e-01 0.000000000000000000e+00 5.176906460901919971e-01 0.000000000000000000e+00 5.204891743976984841e-01 0.000000000000000000e+00 
6.856430582829302622e-01 6.931237280368804932e-01 0.000000000000000000e+00 5.474082764505119325e-01 5.215073529411765607e-01 0.000000000000000000e+00 5.182351666180256000e-01 0.000000000000000000e+00 5.236794766323453754e-01 0.000000000000000000e+00 
6.847051196944591300e-01 6.933826178312301192e-01 0.000000000000000000e+00 5.520904436860067932e-01 5.170955882352942234e-01 0.000000000000000000e+00 5.147609415995230142e-01 0.000000000000000000e+00 5.196773473450830849e-01 0.000000000000000000e+00 
6.840977134761550005e-01 6.933485567569732666e-01 0.000000000000000000e+00 5.559478100113766086e-01 5.242738970588236569e-01 0.000000000000000000e+00 5.314531691180079953e-01 0.000000000000000000e+00 5.195240958101419171e-01 0.000000000000000000e+00 
6.831661505503866527e-01 6.929124683141708596e-01 0.000000000000000000e+00 5.533312002275313501e-01 5.272058823529411908e-01 0.000000000000000000e+00 5.321674010772449170e-01 0.000000000000000000e+00 5.227700373495001163e-01 0.000000000000000000e+00 
6.839563578062090032e-01 6.992136925458908303e-01 0.000000000000000000e+00 5.546075085324232434e-01 5.155790441176471006e-01 0.000000000000000000e+00 5.096442870298101280e-01 0.000000000000000000e+00 5.357723142501666924e-01 0.000000000000000000e+00 
6.835557105394760580e-01 6.943480819463729858e-01 0.000000000000000000e+00 5.550483503981797906e-01 5.226930147058823639e-01 0.000000000000000000e+00 5.184751251480624878e-01 0.000000000000000000e+00 5.286379888376697700e-01 0.000000000000000000e+00 
6.826814232019027262e-01 6.939404577016830000e-01 0.000000000000000000e+00 5.614441126279864358e-01 5.230330882352941524e-01 0.000000000000000000e+00 5.268576123895503116e-01 0.000000000000000000e+00 5.187831555282902407e-01 0.000000000000000000e+00 
6.820257687527978563e-01 6.939681708812713845e-01 0.000000000000000000e+00 5.620236063708760055e-01 5.289705882352940813e-01 0.000000000000000000e+00 5.308984027891932023e-01 0.000000000000000000e+00 5.279562469697463012e-01 0.000000000000000000e+00 
6.815132902547360594e-01 6.940446734428405984e-01 0.000000000000000000e+00 5.602744596131967736e-01 5.195680147058824305e-01 0.000000000000000000e+00 5.198524223917918574e-01 0.000000000000000000e+00 5.193984211169774268e-01 0.000000000000000000e+00 
6.814553310439854794e-01 6.948830634355545044e-01 0.000000000000000000e+00 5.620840443686007104e-01 5.210386029411764319e-01 0.000000000000000000e+00 5.255311630500431042e-01 0.000000000000000000e+00 5.183551183362402615e-01 0.000000000000000000e+00 
6.805900875415411555e-01 6.961821109056473000e-01 0.000000000000000000e+00 5.636838737201365079e-01 5.263051470588234748e-01 0.000000000000000000e+00 5.368868832163591343e-01 0.000000000000000000e+00 5.195386162793218521e-01 0.000000000000000000e+00 
6.801214758243170344e-01 6.947600215673446211e-01 0.000000000000000000e+00 5.662293799772468716e-01 5.238143382352939970e-01 0.000000000000000000e+00 5.262272100455401835e-01 0.000000000000000000e+00 5.216203485191297506e-01 0.000000000000000000e+00 
6.801692243322170484e-01 6.945110589265823808e-01 0.000000000000000000e+00 5.681065130830489363e-01 5.278584558823529171e-01 0.000000000000000000e+00 5.254743676566822064e-01 0.000000000000000000e+00 5.316504803633631537e-01 0.000000000000000000e+00 
6.786986661648994890e-01 6.957715600728988647e-01 0.000000000000000000e+00 5.685900170648464647e-01 5.239981617647058165e-01 0.000000000000000000e+00 5.254189337180847907e-01 0.000000000000000000e+00 5.233671785963688317e-01 0.000000000000000000e+00 
6.787873661151925253e-01 6.952168345451354980e-01 0.000000000000000000e+00 5.706626848691696008e-01 5.255330882352940991e-01 0.000000000000000000e+00 5.266107238386716904e-01 0.000000000000000000e+00 5.242176450857196635e-01 0.000000000000000000e+00 
6.787906759021224978e-01 6.958863556385039839e-01 0.000000000000000000e+00 5.710928612059158471e-01 5.261764705882353566e-01 0.000000000000000000e+00 5.316819018923319984e-01 0.000000000000000000e+00 5.216106144840686465e-01 0.000000000000000000e+00 
6.779733717238130009e-01 6.967981308698654175e-01 0.000000000000000000e+00 5.721594141069397121e-01 5.264430147058822840e-01 0.000000000000000000e+00 5.236435435153785622e-01 0.000000000000000000e+00 5.306169442536012859e-01 0.000000000000000000e+00 
6.770350432640049876e-01 6.981742978096008301e-01 0.000000000000000000e+00 5.755012798634812077e-01 5.221047794117646967e-01 0.000000000000000000e+00 5.303112899347135478e-01 0.000000000000000000e+00 5.167675449628594819e-01 0.000000000000000000e+00 
6.770582947714743893e-01 6.982594937086105125e-01 0.000000000000000000e+00 5.739192263936291338e-01 5.282169117647057544e-01 0.000000000000000000e+00 5.251778570345447816e-01 0.000000000000000000e+00 5.335801450487976938e-01 0.000000000000000000e+00 
6.760302586767047428e-01 6.992342472076416016e-01 0.000000000000000000e+00 5.784662969283276279e-01 5.195404411764705799e-01 0.000000000000000000e+00 5.165393510701833391e-01 0.000000000000000000e+00 5.258581708055658499e-01 0.000000000000000000e+00 
6.757004363748401188e-01 6.966821670532226118e-01 0.000000000000000000e+00 5.767420364050057646e-01 5.285294117647059142e-01 0.000000000000000000e+00 5.347151353974531895e-01 0.000000000000000000e+00 5.238546029974451290e-01 0.000000000000000000e+00 
6.757363742122064476e-01 6.988242894411087480e-01 0.000000000000000000e+00 5.757928043230944315e-01 5.262591911764704644e-01 0.000000000000000000e+00 5.282584709697599745e-01 0.000000000000000000e+00 5.245185854709654150e-01 0.000000000000000000e+00 
6.753517132977170379e-01 6.997853875160217063e-01 0.000000000000000000e+00 5.762691979522184260e-01 5.210477941176471228e-01 0.000000000000000000e+00 5.179941107741857786e-01 0.000000000000000000e+00 5.244169477881330810e-01 0.000000000000000000e+00 
6.752574045096647604e-01 6.988624483346939087e-01 0.000000000000000000e+00 5.756754835039817886e-01 5.237408088235293580e-01 0.000000000000000000e+00 5.196293670770125717e-01 0.000000000000000000e+00 5.299445850296514715e-01 0.000000000000000000e+00 
6.744147973459327927e-01 7.000575602054596169e-01 0.000000000000000000e+00 5.791026734926052466e-01 5.247426470588235636e-01 0.000000000000000000e+00 5.251075892986510896e-01 0.000000000000000000e+00 5.246610385879818539e-01 0.000000000000000000e+00 
6.740547386045748768e-01 6.977224320173263106e-01 0.000000000000000000e+00 5.762620875995450032e-01 5.304227941176471450e-01 0.000000000000000000e+00 5.373279383906799378e-01 0.000000000000000000e+00 5.257835623730217067e-01 0.000000000000000000e+00 
6.746432054978588333e-01 6.988139420747756514e-01 0.000000000000000000e+00 5.770655574516495578e-01 5.286672794117646124e-01 0.000000000000000000e+00 5.275608950344186088e-01 0.000000000000000000e+00 5.309617798929771038e-01 0.000000000000000000e+00 
6.734315306456829520e-01 6.987364619970322099e-01 0.000000000000000000e+00 5.835395335608646317e-01 5.251194852941175606e-01 0.000000000000000000e+00 5.300440575796367959e-01 0.000000000000000000e+00 5.216663880298172407e-01 0.000000000000000000e+00 
6.734487295354185665e-01 7.012589782476424949e-01 0.000000000000000000e+00 5.767384812286688867e-01 5.175735294117645990e-01 0.000000000000000000e+00 5.168517534391899870e-01 0.000000000000000000e+00 5.180138656805677311e-01 0.000000000000000000e+00 
6.730412695391593259e-01 6.998939126729964988e-01 0.000000000000000000e+00 5.829102673492605469e-01 5.255147058823528283e-01 0.000000000000000000e+00 5.238697763056927581e-01 0.000000000000000000e+00 5.272328739174115819e-01 0.000000000000000000e+00 
6.713434013286955215e-01 7.033094495534897295e-01 0.000000000000000000e+00 5.859143913538111814e-01 5.193382352941176006e-01 0.000000000000000000e+00 5.134635630240601545e-01 0.000000000000000000e+00 5.301904510503676615e-01 0.000000000000000000e+00 
6.724179312841069844e-01 7.032253444194793701e-01 0.000000000000000000e+00 5.814988623435721760e-01 5.218566176470588180e-01 0.000000000000000000e+00 5.180137489805973772e-01 0.000000000000000000e+00 5.267821323156967050e-01 0.000000000000000000e+00 
6.716309340333775912e-01 7.000967204570770486e-01 0.000000000000000000e+00 5.824516496018202760e-01 5.258915441176470473e-01 0.000000000000000000e+00 5.275536050829163770e-01 0.000000000000000000e+00 5.253416760556339771e-01 0.000000000000000000e+00 
6.705342561718546923e-01 7.014391809701919778e-01 0.000000000000000000e+00 5.853704493742889481e-01 5.261948529411764053e-01 0.000000000000000000e+00 5.283769812960666945e-01 0.000000000000000000e+00 5.240236668002735687e-01 0.000000000000000000e+00 
6.712235987389860714e-01 7.027086019515991211e-01 0.000000000000000000e+00 5.881719283276449772e-01 5.228033088235293224e-01 0.000000000000000000e+00 5.214585098881078240e-01 0.000000000000000000e+00 5.240268805187854317e-01 0.000000000000000000e+00 
6.705671127745722604e-01 7.025570124387741089e-01 0.000000000000000000e+00 5.849616040955631924e-01 5.237591911764705177e-01 0.000000000000000000e+00 5.224823396036706313e-01 0.000000000000000000e+00 5.259016956536324283e-01 0.000000000000000000e+00 
6.708422985703464958e-01 7.006774693727493286e-01 0.000000000000000000e+00 5.904045790671217375e-01 5.244025735294117752e-01 0.000000000000000000e+00 5.248035037305537331e-01 0.000000000000000000e+00 5.249610035142493469e-01 0.000000000000000000e+00 
6.692091918235753001e-01 7.038553863763808982e-01 0.000000000000000000e+00 5.928078782707623118e-01 5.229227941176470829e-01 0.000000000000000000e+00 5.216629102282126507e-01 0.000000000000000000e+00 5.248137510972050723e-01 0.000000000000000000e+00 
6.698125181751446444e-01 7.029529720544814841e-01 0.000000000000000000e+00 5.921501706484642025e-01 5.270220588235293713e-01 0.000000000000000000e+00 5.281231599365389107e-01 0.000000000000000000e+00 5.252482650401233411e-01 0.000000000000000000e+00 
6.685829484015194391e-01 7.048120707273483054e-01 0.000000000000000000e+00 5.898037542662115662e-01 5.226562500000000444e-01 0.000000000000000000e+00 5.195066112451625084e-01 0.000000000000000000e+00 5.273867808628953657e-01 0.000000000000000000e+00 
6.693095486522128157e-01 7.029283285140991433e-01 0.000000000000000000e+00 5.919155290102389166e-01 5.223437499999998845e-01 0.000000000000000000e+00 5.164399956094546384e-01 0.000000000000000000e+00 5.333838000041936089e-01 0.000000000000000000e+00 
6.685706653692616852e-01 7.059040039777755293e-01 0.000000000000000000e+00 5.923137087599545936e-01 5.231341911764706420e-01 0.000000000000000000e+00 5.190842331556901890e-01 0.000000000000000000e+00 5.290185999085201818e-01 0.000000000000000000e+00 
6.676760010751847663e-01 7.035509884357452615e-01 0.000000000000000000e+00 5.922603811149033115e-01 5.263786764705881138e-01 0.000000000000000000e+00 5.313621211737253880e-01 0.000000000000000000e+00 5.220761427490713258e-01 0.000000000000000000e+00 
6.676089023160446390e-01 7.059924006462097168e-01 0.000000000000000000e+00 5.927012229806598587e-01 5.169944852941175117e-01 0.000000000000000000e+00 5.177241727867675225e-01 0.000000000000000000e+00 5.164053296405911597e-01 0.000000000000000000e+00 
6.681929768759236055e-01 7.081982463598250899e-01 0.000000000000000000e+00 5.930318543799771858e-01 5.190165441176473049e-01 0.000000000000000000e+00 5.140564464559597146e-01 0.000000000000000000e+00 5.303170339456332316e-01 0.000000000000000000e+00 
6.668726294317343095e-01 7.057801425457000954e-01 0.000000000000000000e+00 5.987770193401592556e-01 5.229044117647058121e-01 0.000000000000000000e+00 5.192392123668819748e-01 0.000000000000000000e+00 5.296652705346251988e-01 0.000000000000000000e+00 
6.659528999605276445e-01 7.067910552024840865e-01 0.000000000000000000e+00 5.962244027303753580e-01 5.198069852941176183e-01 0.000000000000000000e+00 5.156895950570380416e-01 0.000000000000000000e+00 5.261815630627849627e-01 0.000000000000000000e+00 
6.659130802943844518e-01 7.074119448661804199e-01 0.000000000000000000e+00 5.957871160409556888e-01 5.218750000000000888e-01 0.000000000000000000e+00 5.180705133336682700e-01 0.000000000000000000e+00 5.266035051472390816e-01 0.000000000000000000e+00 
6.670742262752389351e-01 7.072351336479186790e-01 0.000000000000000000e+00 5.948272184300341658e-01 5.206893382352940636e-01 0.000000000000000000e+00 5.216944889248920081e-01 0.000000000000000000e+00 5.191627044454902862e-01 0.000000000000000000e+00 
6.655153584358228791e-01 7.088634073734283447e-01 0.000000000000000000e+00 6.013296359499431532e-01 5.256893382352940680e-01 0.000000000000000000e+00 5.220764084827922424e-01 0.000000000000000000e+00 5.306666055028749218e-01 0.000000000000000000e+00 
6.647554392904144738e-01 7.076286673545837402e-01 0.000000000000000000e+00 5.987805745164960225e-01 5.217830882352940680e-01 0.000000000000000000e+00 5.228101563592344458e-01 0.000000000000000000e+00 5.212481859460116329e-01 0.000000000000000000e+00 
6.633170930598782933e-01 7.098857462406158447e-01 0.000000000000000000e+00 6.015571672354949051e-01 5.178952205882352278e-01 0.000000000000000000e+00 5.205312569954206880e-01 0.000000000000000000e+00 5.158578316123735297e-01 0.000000000000000000e+00 
6.641354275034556665e-01 7.106514751911163774e-01 0.000000000000000000e+00 6.025526166097838754e-01 5.207812499999998623e-01 0.000000000000000000e+00 5.154363440355896886e-01 0.000000000000000000e+00 5.298491738422149711e-01 0.000000000000000000e+00 
6.633191295858129610e-01 7.088740229606628196e-01 0.000000000000000000e+00 6.006897042093287675e-01 5.215716911764706198e-01 0.000000000000000000e+00 5.236151812390494875e-01 0.000000000000000000e+00 5.207477526125230405e-01 0.000000000000000000e+00 
6.639921690620252948e-01 7.085785686969756636e-01 0.000000000000000000e+00 5.996693686006825397e-01 5.211029411764706021e-01 0.000000000000000000e+00 5.209263784344758674e-01 0.000000000000000000e+00 5.215294236996846911e-01 0.000000000000000000e+00 
6.623322241542282107e-01 7.097281992435455766e-01 0.000000000000000000e+00 6.053149886234356902e-01 5.244485294117646745e-01 0.000000000000000000e+00 5.226679998838968944e-01 0.000000000000000000e+00 5.273284531211526183e-01 0.000000000000000000e+00 
6.623630453498696724e-01 7.113588124513625655e-01 0.000000000000000000e+00 6.040102389078497724e-01 5.238235294117645768e-01 0.000000000000000000e+00 5.310913881848111640e-01 0.000000000000000000e+00 5.199253068217547513e-01 0.000000000000000000e+00 
6.619669828602071648e-01 7.107673555612563643e-01 0.000000000000000000e+00 6.042626564277587820e-01 5.211305147058823417e-01 0.000000000000000000e+00 5.215950433960588883e-01 0.000000000000000000e+00 5.204126167913509793e-01 0.000000000000000000e+00 
6.624514111683230677e-01 7.116527080535888228e-01 0.000000000000000000e+00 6.042164391353811448e-01 5.195863970588234793e-01 0.000000000000000000e+00 5.248896946269964170e-01 0.000000000000000000e+00 5.166018766881144142e-01 0.000000000000000000e+00 
6.610685459786307394e-01 7.095614194869994673e-01 0.000000000000000000e+00 6.067797212741752322e-01 5.198069852941176183e-01 0.000000000000000000e+00 5.163387079454473394e-01 0.000000000000000000e+00 5.224350526828641650e-01 0.000000000000000000e+00 
6.606774615956654273e-01 7.111020892858505027e-01 0.000000000000000000e+00 6.059620307167234987e-01 5.195312500000000000e-01 0.000000000000000000e+00 5.202156225928169508e-01 0.000000000000000000e+00 5.188244979424899705e-01 0.000000000000000000e+00 
6.598109789065533803e-01 7.112023115158081499e-01 0.000000000000000000e+00 6.045897326507394531e-01 5.192279411764706420e-01 0.000000000000000000e+00 5.205499586644277699e-01 0.000000000000000000e+00 5.179510117351564524e-01 0.000000000000000000e+00 
6.599449465502651435e-01 7.128604322671889815e-01 0.000000000000000000e+00 6.052225540386803049e-01 5.226011029411765652e-01 0.000000000000000000e+00 5.205716942944492720e-01 0.000000000000000000e+00 5.258781484080992108e-01 0.000000000000000000e+00 
6.586521963617500974e-01 7.120738148689269575e-01 0.000000000000000000e+00 6.083688850967008399e-01 5.222702205882352455e-01 0.000000000000000000e+00 5.217624979589812195e-01 0.000000000000000000e+00 5.235721594877384977e-01 0.000000000000000000e+00 
6.590271021522352557e-01 7.129187911748886552e-01 0.000000000000000000e+00 6.094283276450511710e-01 5.245863970588235947e-01 0.000000000000000000e+00 5.207726166883672736e-01 0.000000000000000000e+00 5.315265534578584861e-01 0.000000000000000000e+00 
6.583692573850065122e-01 7.144535362720489946e-01 0.000000000000000000e+00 6.114050056882821549e-01 5.214522058823529704e-01 0.000000000000000000e+00 5.256831526817130618e-01 0.000000000000000000e+00 5.192449338671349945e-01 0.000000000000000000e+00 
6.583806490938818312e-01 7.132993996143340842e-01 0.000000000000000000e+00 6.105055460750853369e-01 5.196875000000000799e-01 0.000000000000000000e+00 5.201000480902371326e-01 0.000000000000000000e+00 5.195003760961547368e-01 0.000000000000000000e+00 
6.591442140906337288e-01 7.117612898349762185e-01 0.000000000000000000e+00 6.083653299203640730e-01 5.201838235294117263e-01 0.000000000000000000e+00 5.179450010067062626e-01 0.000000000000000000e+00 5.228017810001764909e-01 0.000000000000000000e+00 
6.569442509994571910e-01 7.133532285690307173e-01 0.000000000000000000e+00 6.101962457337883894e-01 5.182444852941175961e-01 0.000000000000000000e+00 5.205293530968104765e-01 0.000000000000000000e+00 5.162454160531757541e-01 0.000000000000000000e+00 
6.579322430460933235e-01 7.133687615394592729e-01 0.000000000000000000e+00 6.106228668941979798e-01 5.182444852941177071e-01 0.000000000000000000e+00 5.148627504443528125e-01 0.000000000000000000e+00 5.239036280024842451e-01 0.000000000000000000e+00 
6.580068376487432369e-01 7.128539681434631348e-01 0.000000000000000000e+00 6.137656427758817479e-01 5.209191176470587825e-01 0.000000000000000000e+00 5.221547906877741507e-01 0.000000000000000000e+00 5.203803397009929554e-01 0.000000000000000000e+00 
6.550679277031088432e-01 7.166627109050750510e-01 0.000000000000000000e+00 6.156285551763367447e-01 5.163419117647058965e-01 0.000000000000000000e+00 5.138012817263205578e-01 0.000000000000000000e+00 5.200058436486546531e-01 0.000000000000000000e+00 
6.562278295132893957e-01 7.163455814123154131e-01 0.000000000000000000e+00 6.128057451649602250e-01 5.209283088235294734e-01 0.000000000000000000e+00 5.236676419005880101e-01 0.000000000000000000e+00 5.182827889628845996e-01 0.000000000000000000e+00 
6.557574706476295701e-01 7.165876716375351174e-01 0.000000000000000000e+00 6.146722127417519888e-01 5.197334558823529793e-01 0.000000000000000000e+00 5.192561459213208552e-01 0.000000000000000000e+00 5.187612285453442329e-01 0.000000000000000000e+00 
6.545676565617831733e-01 7.146798133850097434e-01 0.000000000000000000e+00 6.170115187713310911e-01 5.193933823529410798e-01 0.000000000000000000e+00 5.209149652018039145e-01 0.000000000000000000e+00 5.176766498421776497e-01 0.000000000000000000e+00 
