7.195813894271850808e-01 7.124554514884948730e-01 0.000000000000000000e+00 5.003296978705751297e-01 5.014999999999999458e-01 0.000000000000000000e+00 9.993999999999999551e-01 0.000000000000000000e+00 3.599999999999999901e-03 0.000000000000000000e+00 
7.087594389915465865e-01 7.034180760383605957e-01 0.000000000000000000e+00 5.036063675331858835e-01 5.077000000000000401e-01 0.000000000000000000e+00 9.921999999999999709e-01 0.000000000000000000e+00 2.319999999999999840e-02 0.000000000000000000e+00 
7.007802844047545943e-01 6.973986029624938965e-01 0.000000000000000000e+00 5.133121456720133313e-01 5.260000000000000231e-01 0.000000000000000000e+00 9.614000000000000323e-01 0.000000000000000000e+00 9.059999999999999998e-02 0.000000000000000000e+00 
6.960644245147704634e-01 6.938772201538085938e-01 0.000000000000000000e+00 5.273156630254425270e-01 5.400000000000000355e-01 0.000000000000000000e+00 8.581999999999999629e-01 0.000000000000000000e+00 2.217999999999999972e-01 0.000000000000000000e+00 
6.932960152626037598e-01 6.921957731246948242e-01 0.000000000000000000e+00 5.351441509955752185e-01 5.355999999999999650e-01 0.000000000000000000e+00 7.002000000000000446e-01 0.000000000000000000e+00 3.709999999999999964e-01 0.000000000000000000e+00 
6.920754909515380859e-01 6.915180683135986328e-01 0.000000000000000000e+00 5.294515694137167383e-01 5.280000000000000249e-01 0.000000000000000000e+00 5.627999999999999670e-01 0.000000000000000000e+00 4.932000000000000273e-01 0.000000000000000000e+00 
6.916340351104736106e-01 6.911565065383911133e-01 0.000000000000000000e+00 5.232292242809734040e-01 5.205999999999999517e-01 0.000000000000000000e+00 4.769999999999999796e-01 0.000000000000000000e+00 5.642000000000000348e-01 0.000000000000000000e+00 
6.913616776466369185e-01 6.907414793968200684e-01 0.000000000000000000e+00 5.191475387168141831e-01 5.218000000000000416e-01 0.000000000000000000e+00 4.475999999999999979e-01 0.000000000000000000e+00 5.959999999999999742e-01 0.000000000000000000e+00 
6.909421563148498979e-01 6.901645660400390625e-01 0.000000000000000000e+00 5.206138948423673085e-01 5.256999999999999451e-01 0.000000000000000000e+00 4.590000000000000191e-01 0.000000000000000000e+00 5.924000000000000377e-01 0.000000000000000000e+00 
6.902512311935424805e-01 6.895102262496948242e-01 0.000000000000000000e+00 5.246022452295353578e-01 5.315999999999999615e-01 0.000000000000000000e+00 4.889999999999999902e-01 0.000000000000000000e+00 5.742000000000000437e-01 0.000000000000000000e+00 
6.894273400306701882e-01 6.888192892074584961e-01 0.000000000000000000e+00 5.316764899059733818e-01 5.387999999999999456e-01 0.000000000000000000e+00 5.340000000000000302e-01 0.000000000000000000e+00 5.435999999999999721e-01 0.000000000000000000e+00 
6.889116406440735085e-01 6.881182193756103516e-01 0.000000000000000000e+00 5.390726545215708265e-01 5.452000000000000179e-01 0.000000000000000000e+00 5.824000000000000288e-01 0.000000000000000000e+00 5.080000000000000071e-01 0.000000000000000000e+00 
6.882148265838623491e-01 6.874001026153564453e-01 0.000000000000000000e+00 5.493291534153761368e-01 5.518999999999999462e-01 0.000000000000000000e+00 6.191999999999999726e-01 0.000000000000000000e+00 4.845999999999999752e-01 0.000000000000000000e+00 
6.874258518218994141e-01 6.866232156753540039e-01 0.000000000000000000e+00 5.521101960038716783e-01 5.531000000000000361e-01 0.000000000000000000e+00 6.343999999999999639e-01 0.000000000000000000e+00 4.717999999999999972e-01 0.000000000000000000e+00 
6.865182399749756303e-01 6.857445240020751953e-01 0.000000000000000000e+00 5.549538941509956080e-01 5.574999999999999956e-01 0.000000000000000000e+00 6.433999999999999719e-01 0.000000000000000000e+00 4.716000000000000192e-01 0.000000000000000000e+00 
6.858266353607177512e-01 6.847435235977172852e-01 0.000000000000000000e+00 5.587210056001106206e-01 5.604999999999999982e-01 0.000000000000000000e+00 6.490000000000000213e-01 0.000000000000000000e+00 4.719999999999999751e-01 0.000000000000000000e+00 
6.849701762199401633e-01 6.836083531379699707e-01 0.000000000000000000e+00 5.629081253456857947e-01 5.667999999999999705e-01 0.000000000000000000e+00 6.513999999999999790e-01 0.000000000000000000e+00 4.822000000000000175e-01 0.000000000000000000e+00 
6.835733175277709517e-01 6.823272109031677246e-01 0.000000000000000000e+00 5.697676126935841134e-01 5.715999999999999970e-01 0.000000000000000000e+00 6.485999999999999543e-01 0.000000000000000000e+00 4.945999999999999841e-01 0.000000000000000000e+00 
6.822872042655945268e-01 6.808674335479736328e-01 0.000000000000000000e+00 5.717808006084070804e-01 5.792000000000000481e-01 0.000000000000000000e+00 6.600000000000000311e-01 0.000000000000000000e+00 4.984000000000000097e-01 0.000000000000000000e+00 
6.806934952735901323e-01 6.791952252388000488e-01 0.000000000000000000e+00 5.790196781664823655e-01 5.839999999999999636e-01 0.000000000000000000e+00 6.692000000000000171e-01 0.000000000000000000e+00 4.988000000000000211e-01 0.000000000000000000e+00 
6.790097832679748979e-01 6.773117184638977051e-01 0.000000000000000000e+00 5.866831011476769664e-01 5.916000000000000147e-01 0.000000000000000000e+00 6.909999999999999476e-01 0.000000000000000000e+00 4.922000000000000264e-01 0.000000000000000000e+00 
6.770100593566894531e-01 6.752208471298217773e-01 0.000000000000000000e+00 5.938783358683628055e-01 5.990999999999999659e-01 0.000000000000000000e+00 7.087999999999999856e-01 0.000000000000000000e+00 4.894000000000000017e-01 0.000000000000000000e+00 
6.749907851219176802e-01 6.729250550270080566e-01 0.000000000000000000e+00 5.996450238523229892e-01 6.040999999999999703e-01 0.000000000000000000e+00 7.174000000000000377e-01 0.000000000000000000e+00 4.908000000000000140e-01 0.000000000000000000e+00 
6.726137518882751021e-01 6.703882217407226562e-01 0.000000000000000000e+00 6.075147780696903421e-01 6.109999999999999876e-01 0.000000000000000000e+00 7.261999999999999567e-01 0.000000000000000000e+00 4.958000000000000185e-01 0.000000000000000000e+00 
6.700503468513488992e-01 6.675460934638977051e-01 0.000000000000000000e+00 6.133482266316371279e-01 6.192999999999999616e-01 0.000000000000000000e+00 7.334000000000000519e-01 0.000000000000000000e+00 5.051999999999999824e-01 0.000000000000000000e+00 
6.670501828193664551e-01 6.643811464309692383e-01 0.000000000000000000e+00 6.227564988938053547e-01 6.266000000000000458e-01 0.000000000000000000e+00 7.364000000000000545e-01 0.000000000000000000e+00 5.168000000000000371e-01 0.000000000000000000e+00 
6.639594912528992143e-01 6.608280539512634277e-01 0.000000000000000000e+00 6.288133469303096579e-01 6.367000000000000437e-01 0.000000000000000000e+00 7.491999999999999771e-01 0.000000000000000000e+00 5.241999999999999993e-01 0.000000000000000000e+00 
6.604127645492553489e-01 6.568565964698791504e-01 0.000000000000000000e+00 6.359683956720132425e-01 6.435999999999999499e-01 0.000000000000000000e+00 7.568000000000000282e-01 0.000000000000000000e+00 5.303999999999999826e-01 0.000000000000000000e+00 
6.564124703407288042e-01 6.523922085762023926e-01 0.000000000000000000e+00 6.435015383019911939e-01 6.504999999999999671e-01 0.000000000000000000e+00 7.603999999999999648e-01 0.000000000000000000e+00 5.405999999999999694e-01 0.000000000000000000e+00 
6.517591476440429688e-01 6.473305225372314453e-01 0.000000000000000000e+00 6.513319707549778403e-01 6.592999999999999972e-01 0.000000000000000000e+00 7.683999999999999719e-01 0.000000000000000000e+00 5.502000000000000224e-01 0.000000000000000000e+00 
6.466769695281981978e-01 6.416200995445251465e-01 0.000000000000000000e+00 6.588774284430309880e-01 6.683000000000000052e-01 0.000000000000000000e+00 7.792000000000000037e-01 0.000000000000000000e+00 5.574000000000000066e-01 0.000000000000000000e+00 
6.409304022789001909e-01 6.352109313011169434e-01 0.000000000000000000e+00 6.672119140625000222e-01 6.760000000000000453e-01 0.000000000000000000e+00 7.913999999999999924e-01 0.000000000000000000e+00 5.605999999999999872e-01 0.000000000000000000e+00 
6.345839619636535200e-01 6.280750036239624023e-01 0.000000000000000000e+00 6.771514622511062287e-01 6.862000000000000322e-01 0.000000000000000000e+00 8.020000000000000462e-01 0.000000000000000000e+00 5.704000000000000181e-01 0.000000000000000000e+00 
6.277473688125609907e-01 6.202308535575866699e-01 0.000000000000000000e+00 6.853630133434733818e-01 6.964000000000000190e-01 0.000000000000000000e+00 8.054000000000000048e-01 0.000000000000000000e+00 5.874000000000000332e-01 0.000000000000000000e+00 
6.193409562110900879e-01 6.117467880249023438e-01 0.000000000000000000e+00 6.954404037610619760e-01 7.060999999999999499e-01 0.000000000000000000e+00 8.157999999999999696e-01 0.000000000000000000e+00 5.964000000000000412e-01 0.000000000000000000e+00 
6.115589141845703125e-01 6.028135418891906738e-01 0.000000000000000000e+00 7.063109271294247815e-01 7.147000000000000020e-01 0.000000000000000000e+00 8.294000000000000261e-01 0.000000000000000000e+00 5.999999999999999778e-01 0.000000000000000000e+00 
6.022989869117736372e-01 5.934842824935913086e-01 0.000000000000000000e+00 7.159976925470132869e-01 7.265000000000000346e-01 0.000000000000000000e+00 8.334000000000000297e-01 0.000000000000000000e+00 6.196000000000000396e-01 0.000000000000000000e+00 
5.937836050987244096e-01 5.838364958763122559e-01 0.000000000000000000e+00 7.259199564435840912e-01 7.389999999999999902e-01 0.000000000000000000e+00 8.409999999999999698e-01 0.000000000000000000e+00 6.370000000000000107e-01 0.000000000000000000e+00 
5.844719886779785600e-01 5.737803578376770020e-01 0.000000000000000000e+00 7.354652067201327137e-01 7.502999999999999670e-01 0.000000000000000000e+00 8.469999999999999751e-01 0.000000000000000000e+00 6.535999999999999588e-01 0.000000000000000000e+00 
5.748788714408874512e-01 5.631735324859619141e-01 0.000000000000000000e+00 7.470657753733407347e-01 7.613999999999999657e-01 0.000000000000000000e+00 8.481999999999999540e-01 0.000000000000000000e+00 6.745999999999999774e-01 0.000000000000000000e+00 
5.641527771949768066e-01 5.520498156547546387e-01 0.000000000000000000e+00 7.571520239905973337e-01 7.718000000000000416e-01 0.000000000000000000e+00 8.528000000000000025e-01 0.000000000000000000e+00 6.907999999999999696e-01 0.000000000000000000e+00 
5.537929892539977805e-01 5.404452681541442871e-01 0.000000000000000000e+00 7.694297047842920678e-01 7.836999999999999522e-01 0.000000000000000000e+00 8.588000000000000078e-01 0.000000000000000000e+00 7.086000000000000076e-01 0.000000000000000000e+00 
5.422262310981750266e-01 5.283451080322265625e-01 0.000000000000000000e+00 7.766796010785398385e-01 7.939000000000000501e-01 0.000000000000000000e+00 8.649999999999999911e-01 0.000000000000000000e+00 7.227999999999999980e-01 0.000000000000000000e+00 
5.305925846099853738e-01 5.156545042991638184e-01 0.000000000000000000e+00 7.872956132466815138e-01 8.035999999999999810e-01 0.000000000000000000e+00 8.693999999999999506e-01 0.000000000000000000e+00 7.378000000000000114e-01 0.000000000000000000e+00 
5.188552737236022949e-01 5.024403929710388184e-01 0.000000000000000000e+00 7.966051489905974226e-01 8.125999999999999890e-01 0.000000000000000000e+00 8.721999999999999753e-01 0.000000000000000000e+00 7.530000000000000027e-01 0.000000000000000000e+00 
5.055063664913177490e-01 4.886606335639953613e-01 0.000000000000000000e+00 8.052297946626106873e-01 8.233000000000000318e-01 0.000000000000000000e+00 8.773999999999999577e-01 0.000000000000000000e+00 7.691999999999999948e-01 0.000000000000000000e+00 
4.915016114711761586e-01 4.743023216724395752e-01 0.000000000000000000e+00 8.149545855226769664e-01 8.304000000000000270e-01 0.000000000000000000e+00 8.748000000000000220e-01 0.000000000000000000e+00 7.860000000000000320e-01 0.000000000000000000e+00 
4.772383153438568004e-01 4.595649838447570801e-01 0.000000000000000000e+00 8.254943307522124574e-01 8.400999999999999579e-01 0.000000000000000000e+00 8.840000000000000080e-01 0.000000000000000000e+00 7.962000000000000188e-01 0.000000000000000000e+00 
4.639429569244384877e-01 4.446368515491485596e-01 0.000000000000000000e+00 8.321170232992256555e-01 8.487000000000000099e-01 0.000000000000000000e+00 8.888000000000000345e-01 0.000000000000000000e+00 8.085999999999999854e-01 0.000000000000000000e+00 
4.498399376869201549e-01 4.295974373817443848e-01 0.000000000000000000e+00 8.395961525165930306e-01 8.567000000000000171e-01 0.000000000000000000e+00 8.895999999999999464e-01 0.000000000000000000e+00 8.237999999999999767e-01 0.000000000000000000e+00 
4.356862068176269309e-01 4.146521389484405518e-01 0.000000000000000000e+00 8.497372787610618650e-01 8.643999999999999462e-01 0.000000000000000000e+00 8.970000000000000195e-01 0.000000000000000000e+00 8.317999999999999838e-01 0.000000000000000000e+00 
4.214162170886993630e-01 3.999325931072235107e-01 0.000000000000000000e+00 8.567626953125000444e-01 8.736000000000000432e-01 0.000000000000000000e+00 9.038000000000000478e-01 0.000000000000000000e+00 8.434000000000000385e-01 0.000000000000000000e+00 
4.068723559379577859e-01 3.855287134647369385e-01 0.000000000000000000e+00 8.631148886891593097e-01 8.810000000000000053e-01 0.000000000000000000e+00 9.043999999999999817e-01 0.000000000000000000e+00 8.576000000000000290e-01 0.000000000000000000e+00 
3.934204459190368541e-01 3.715484142303466797e-01 0.000000000000000000e+00 8.688761753318583470e-01 8.871999999999999886e-01 0.000000000000000000e+00 9.078000000000000513e-01 0.000000000000000000e+00 8.666000000000000369e-01 0.000000000000000000e+00 
3.795134723186492920e-01 3.581657111644744873e-01 0.000000000000000000e+00 8.768811791344026663e-01 8.934999999999999609e-01 0.000000000000000000e+00 9.130000000000000338e-01 0.000000000000000000e+00 8.739999999999999991e-01 0.000000000000000000e+00 
3.670299172401428334e-01 3.454515635967254639e-01 0.000000000000000000e+00 8.822730140348451489e-01 8.981000000000000094e-01 0.000000000000000000e+00 9.160000000000000364e-01 0.000000000000000000e+00 8.801999999999999824e-01 0.000000000000000000e+00 
3.550514578819274902e-01 3.333915770053863525e-01 0.000000000000000000e+00 8.861034292035399051e-01 9.038000000000000478e-01 0.000000000000000000e+00 9.185999999999999721e-01 0.000000000000000000e+00 8.890000000000000124e-01 0.000000000000000000e+00 
3.431720018386840709e-01 3.220739960670471191e-01 0.000000000000000000e+00 8.939757760647124574e-01 9.082999999999999963e-01 0.000000000000000000e+00 9.225999999999999757e-01 0.000000000000000000e+00 8.940000000000000169e-01 0.000000000000000000e+00 
3.339797616004943626e-01 3.117734789848327637e-01 0.000000000000000000e+00 8.951753059319690342e-01 9.105999999999999650e-01 0.000000000000000000e+00 9.290000000000000480e-01 0.000000000000000000e+00 8.921999999999999931e-01 0.000000000000000000e+00 
3.234368801116943581e-01 3.013733625411987305e-01 0.000000000000000000e+00 8.997340379563052437e-01 9.136999999999999567e-01 0.000000000000000000e+00 9.255999999999999783e-01 0.000000000000000000e+00 9.018000000000000460e-01 0.000000000000000000e+00 
3.121444046497344749e-01 2.919772863388061523e-01 0.000000000000000000e+00 9.050329697870574952e-01 9.169000000000000483e-01 0.000000000000000000e+00 9.300000000000000488e-01 0.000000000000000000e+00 9.038000000000000478e-01 0.000000000000000000e+00 
3.030984818935394398e-01 2.826546430587768555e-01 0.000000000000000000e+00 9.078803408462390312e-01 9.193000000000000060e-01 0.000000000000000000e+00 9.292000000000000259e-01 0.000000000000000000e+00 9.093999999999999861e-01 0.000000000000000000e+00 
2.935868859291076438e-01 2.738587856292724609e-01 0.000000000000000000e+00 9.120577381775442083e-01 9.231000000000000316e-01 0.000000000000000000e+00 9.335999999999999854e-01 0.000000000000000000e+00 9.125999999999999668e-01 0.000000000000000000e+00 
2.855528354644775169e-01 2.652209401130676270e-01 0.000000000000000000e+00 9.147514950912609688e-01 9.271000000000000352e-01 0.000000000000000000e+00 9.325999999999999845e-01 0.000000000000000000e+00 9.215999999999999748e-01 0.000000000000000000e+00 
2.781953036785125843e-01 2.575649619102478027e-01 0.000000000000000000e+00 9.164784119192477263e-01 9.294999999999999929e-01 0.000000000000000000e+00 9.405999999999999917e-01 0.000000000000000000e+00 9.183999999999999941e-01 0.000000000000000000e+00 
2.687737882137298806e-01 2.493994534015655518e-01 0.000000000000000000e+00 9.210313104950220708e-01 9.318999999999999506e-01 0.000000000000000000e+00 9.344000000000000083e-01 0.000000000000000000e+00 9.294000000000000039e-01 0.000000000000000000e+00 
2.626947581768036000e-01 2.423203587532043457e-01 0.000000000000000000e+00 9.223453487970132425e-01 9.344000000000000083e-01 0.000000000000000000e+00 9.417999999999999705e-01 0.000000000000000000e+00 9.270000000000000462e-01 0.000000000000000000e+00 
2.535328298807144054e-01 2.352778017520904541e-01 0.000000000000000000e+00 9.271445485342919568e-01 9.365999999999999881e-01 0.000000000000000000e+00 9.407999999999999696e-01 0.000000000000000000e+00 9.324000000000000066e-01 0.000000000000000000e+00 
2.453374534845352284e-01 2.289029657840728760e-01 0.000000000000000000e+00 9.308127074115043476e-01 9.385000000000000009e-01 0.000000000000000000e+00 9.427999999999999714e-01 0.000000000000000000e+00 9.342000000000000304e-01 0.000000000000000000e+00 
2.427762538194656317e-01 2.229710221290588379e-01 0.000000000000000000e+00 9.287690559319690120e-01 9.401000000000000467e-01 0.000000000000000000e+00 9.454000000000000181e-01 0.000000000000000000e+00 9.347999999999999643e-01 0.000000000000000000e+00 
2.344441294670104869e-01 2.171355485916137695e-01 0.000000000000000000e+00 9.323475525442477263e-01 9.422000000000000375e-01 0.000000000000000000e+00 9.462000000000000410e-01 0.000000000000000000e+00 9.382000000000000339e-01 0.000000000000000000e+00 
2.286265701055526789e-01 2.118199169635772705e-01 0.000000000000000000e+00 9.358525909153760924e-01 9.438999999999999613e-01 0.000000000000000000e+00 9.477999999999999758e-01 0.000000000000000000e+00 9.399999999999999467e-01 0.000000000000000000e+00 
2.235431969165802002e-01 2.065023928880691528e-01 0.000000000000000000e+00 9.377376590154866687e-01 9.448999999999999622e-01 0.000000000000000000e+00 9.482000000000000428e-01 0.000000000000000000e+00 9.415999999999999925e-01 0.000000000000000000e+00 
2.183456569910049438e-01 2.014818191528320312e-01 0.000000000000000000e+00 9.382974540237831729e-01 9.467999999999999750e-01 0.000000000000000000e+00 9.482000000000000428e-01 0.000000000000000000e+00 9.454000000000000181e-01 0.000000000000000000e+00 
2.118575096130371205e-01 1.968365013599395752e-01 0.000000000000000000e+00 9.413587181969026441e-01 9.475999999999999979e-01 0.000000000000000000e+00 9.487999999999999767e-01 0.000000000000000000e+00 9.464000000000000190e-01 0.000000000000000000e+00 
2.079121351242065319e-01 1.930398344993591309e-01 0.000000000000000000e+00 9.429292121819690120e-01 9.495000000000000107e-01 0.000000000000000000e+00 9.547999999999999821e-01 0.000000000000000000e+00 9.442000000000000393e-01 0.000000000000000000e+00 
2.039913028478622381e-01 1.878920048475265503e-01 0.000000000000000000e+00 9.448803926991150570e-01 9.495999999999999996e-01 0.000000000000000000e+00 9.484000000000000208e-01 0.000000000000000000e+00 9.507999999999999785e-01 0.000000000000000000e+00 
1.977419257164001465e-01 1.843363046646118164e-01 0.000000000000000000e+00 9.467239784983407791e-01 9.510999999999999455e-01 0.000000000000000000e+00 9.562000000000000499e-01 0.000000000000000000e+00 9.459999999999999520e-01 0.000000000000000000e+00 
1.955011963844299205e-01 1.799485534429550171e-01 0.000000000000000000e+00 9.465336352323008295e-01 9.523000000000000353e-01 0.000000000000000000e+00 9.532000000000000473e-01 0.000000000000000000e+00 9.514000000000000234e-01 0.000000000000000000e+00 
1.900529384613037220e-01 1.766082048416137695e-01 0.000000000000000000e+00 9.489992394911503926e-01 9.536000000000000032e-01 0.000000000000000000e+00 9.577999999999999847e-01 0.000000000000000000e+00 9.494000000000000217e-01 0.000000000000000000e+00 
1.858590900897979792e-01 1.726182997226715088e-01 0.000000000000000000e+00 9.507555396155973337e-01 9.553000000000000380e-01 0.000000000000000000e+00 9.566000000000000059e-01 0.000000000000000000e+00 9.539999999999999591e-01 0.000000000000000000e+00 
1.832321017980575451e-01 1.690896600484848022e-01 0.000000000000000000e+00 9.513302423257743445e-01 9.568999999999999728e-01 0.000000000000000000e+00 9.579999999999999627e-01 0.000000000000000000e+00 9.557999999999999829e-01 0.000000000000000000e+00 
1.778187721967697255e-01 1.656595766544342041e-01 0.000000000000000000e+00 9.538574218750000000e-01 9.582000000000000517e-01 0.000000000000000000e+00 9.586000000000000076e-01 0.000000000000000000e+00 9.577999999999999847e-01 0.000000000000000000e+00 
1.753729015588760265e-01 1.626940816640853882e-01 0.000000000000000000e+00 9.540492775165929640e-01 9.592000000000000526e-01 0.000000000000000000e+00 9.607999999999999874e-01 0.000000000000000000e+00 9.576000000000000068e-01 0.000000000000000000e+00 
1.724315404891967884e-01 1.592461615800857544e-01 0.000000000000000000e+00 9.559244071487832395e-01 9.600999999999999535e-01 0.000000000000000000e+00 9.606000000000000094e-01 0.000000000000000000e+00 9.596000000000000085e-01 0.000000000000000000e+00 
1.676336944103241078e-01 1.561476886272430420e-01 0.000000000000000000e+00 9.569897676991150348e-01 9.604000000000000314e-01 0.000000000000000000e+00 9.606000000000000094e-01 0.000000000000000000e+00 9.602000000000000535e-01 0.000000000000000000e+00 
1.649889081716537365e-01 1.536475121974945068e-01 0.000000000000000000e+00 9.573123357992256999e-01 9.610999999999999543e-01 0.000000000000000000e+00 9.631999999999999451e-01 0.000000000000000000e+00 9.589999999999999636e-01 0.000000000000000000e+00 
1.618010222911834828e-01 1.506047397851943970e-01 0.000000000000000000e+00 9.586239975110618650e-01 9.620999999999999552e-01 0.000000000000000000e+00 9.627999999999999892e-01 0.000000000000000000e+00 9.614000000000000323e-01 0.000000000000000000e+00 
1.591551929712295421e-01 1.476643532514572144e-01 0.000000000000000000e+00 9.589461335038717005e-01 9.627000000000000002e-01 0.000000000000000000e+00 9.631999999999999451e-01 0.000000000000000000e+00 9.622000000000000552e-01 0.000000000000000000e+00 
1.558815330266952459e-01 1.451446413993835449e-01 0.000000000000000000e+00 9.600825757051991705e-01 9.631999999999999451e-01 0.000000000000000000e+00 9.641999999999999460e-01 0.000000000000000000e+00 9.622000000000000552e-01 0.000000000000000000e+00 
1.539415538311004750e-01 1.424809843301773071e-01 0.000000000000000000e+00 9.606615994883849208e-01 9.637999999999999901e-01 0.000000000000000000e+00 9.641999999999999460e-01 0.000000000000000000e+00 9.634000000000000341e-01 0.000000000000000000e+00 
1.508056253194808849e-01 1.399957537651062012e-01 0.000000000000000000e+00 9.606583586836283661e-01 9.648999999999999799e-01 0.000000000000000000e+00 9.651999999999999469e-01 0.000000000000000000e+00 9.646000000000000130e-01 0.000000000000000000e+00 
1.498273611068725586e-01 1.376907825469970703e-01 0.000000000000000000e+00 9.606179566509955858e-01 9.657000000000000028e-01 0.000000000000000000e+00 9.661999999999999478e-01 0.000000000000000000e+00 9.651999999999999469e-01 0.000000000000000000e+00 
1.449528217315673717e-01 1.351166963577270508e-01 0.000000000000000000e+00 9.637094683351768998e-01 9.663000000000000478e-01 0.000000000000000000e+00 9.651999999999999469e-01 0.000000000000000000e+00 9.674000000000000377e-01 0.000000000000000000e+00 
1.454464823007583507e-01 1.332628577947616577e-01 0.000000000000000000e+00 9.634266541067477707e-01 9.664000000000000368e-01 0.000000000000000000e+00 9.676000000000000156e-01 0.000000000000000000e+00 9.651999999999999469e-01 0.000000000000000000e+00 
1.415806829929351918e-01 1.307034194469451904e-01 0.000000000000000000e+00 9.642679670215708043e-01 9.673000000000000487e-01 0.000000000000000000e+00 9.659999999999999698e-01 0.000000000000000000e+00 9.686000000000000165e-01 0.000000000000000000e+00 
1.380600422620773260e-01 1.291823983192443848e-01 0.000000000000000000e+00 9.662260612555308992e-01 9.674000000000000377e-01 0.000000000000000000e+00 9.694000000000000394e-01 0.000000000000000000e+00 9.654000000000000359e-01 0.000000000000000000e+00 
1.372735917568206898e-01 1.266530007123947144e-01 0.000000000000000000e+00 9.656660501935840912e-01 9.685000000000000275e-01 0.000000000000000000e+00 9.686000000000000165e-01 0.000000000000000000e+00 9.684000000000000385e-01 0.000000000000000000e+00 
1.345839798450469971e-01 1.245585680007934570e-01 0.000000000000000000e+00 9.658743259126106873e-01 9.693000000000000504e-01 0.000000000000000000e+00 9.689999999999999725e-01 0.000000000000000000e+00 9.696000000000000174e-01 0.000000000000000000e+00 
1.335129439830780029e-01 1.227900832891464233e-01 0.000000000000000000e+00 9.665218387029866909e-01 9.693000000000000504e-01 0.000000000000000000e+00 9.696000000000000174e-01 0.000000000000000000e+00 9.689999999999999725e-01 0.000000000000000000e+00 
1.314805507659912165e-01 1.208653524518013000e-01 0.000000000000000000e+00 9.671730244054203007e-01 9.703000000000000513e-01 0.000000000000000000e+00 9.706000000000000183e-01 0.000000000000000000e+00 9.699999999999999734e-01 0.000000000000000000e+00 
1.287366658449173029e-01 1.189693063497543335e-01 0.000000000000000000e+00 9.684094994469025774e-01 9.711999999999999522e-01 0.000000000000000000e+00 9.716000000000000192e-01 0.000000000000000000e+00 9.707999999999999963e-01 0.000000000000000000e+00 
1.259364306926727406e-01 1.171623021364212036e-01 0.000000000000000000e+00 9.691615822040929862e-01 9.718999999999999861e-01 0.000000000000000000e+00 9.726000000000000201e-01 0.000000000000000000e+00 9.711999999999999522e-01 0.000000000000000000e+00 
1.249763295054435730e-01 1.153051704168319702e-01 0.000000000000000000e+00 9.689191700082965264e-01 9.721999999999999531e-01 0.000000000000000000e+00 9.716000000000000192e-01 0.000000000000000000e+00 9.727999999999999980e-01 0.000000000000000000e+00 
1.221997126936912592e-01 1.138429418206214905e-01 0.000000000000000000e+00 9.700260128595132869e-01 9.733000000000000540e-01 0.000000000000000000e+00 9.747999999999999998e-01 0.000000000000000000e+00 9.717999999999999972e-01 0.000000000000000000e+00 
1.207842707633972196e-01 1.118853986263275146e-01 0.000000000000000000e+00 9.704231194690265960e-01 9.736000000000000210e-01 0.000000000000000000e+00 9.734000000000000430e-01 0.000000000000000000e+00 9.737999999999999989e-01 0.000000000000000000e+00 
1.189045429229736300e-01 1.104733943939208984e-01 0.000000000000000000e+00 9.699022141178097467e-01 9.744000000000000439e-01 0.000000000000000000e+00 9.758000000000000007e-01 0.000000000000000000e+00 9.729999999999999760e-01 0.000000000000000000e+00 
1.170120999217033331e-01 1.087836921215057373e-01 0.000000000000000000e+00 9.708085591814159532e-01 9.746000000000000218e-01 0.000000000000000000e+00 9.758000000000000007e-01 0.000000000000000000e+00 9.734000000000000430e-01 0.000000000000000000e+00 
1.158501744270324652e-01 1.070341244339942932e-01 0.000000000000000000e+00 9.717671892284291957e-01 9.748999999999999888e-01 0.000000000000000000e+00 9.749999999999999778e-01 0.000000000000000000e+00 9.747999999999999998e-01 0.000000000000000000e+00 
1.140207618474960299e-01 1.058830022811889648e-01 0.000000000000000000e+00 9.728608528069691008e-01 9.754000000000000448e-01 0.000000000000000000e+00 9.776000000000000245e-01 0.000000000000000000e+00 9.731999999999999540e-01 0.000000000000000000e+00 
1.120400458574295072e-01 1.041187718510627747e-01 0.000000000000000000e+00 9.732188537057522293e-01 9.758000000000000007e-01 0.000000000000000000e+00 9.769999999999999796e-01 0.000000000000000000e+00 9.746000000000000218e-01 0.000000000000000000e+00 
1.107888549566268949e-01 1.028796136379241943e-01 0.000000000000000000e+00 9.731393459623893794e-01 9.764000000000000457e-01 0.000000000000000000e+00 9.779999999999999805e-01 0.000000000000000000e+00 9.747999999999999998e-01 0.000000000000000000e+00 
1.088614612817764282e-01 1.012151017785072327e-01 0.000000000000000000e+00 9.741318964325220708e-01 9.768999999999999906e-01 0.000000000000000000e+00 9.774000000000000465e-01 0.000000000000000000e+00 9.764000000000000457e-01 0.000000000000000000e+00 
1.068074658513069181e-01 1.001034379005432129e-01 0.000000000000000000e+00 9.740845806830751297e-01 9.774000000000000465e-01 0.000000000000000000e+00 9.796000000000000263e-01 0.000000000000000000e+00 9.751999999999999558e-01 0.000000000000000000e+00 
1.047823458909988431e-01 9.847852587699890137e-02 0.000000000000000000e+00 9.753767975663716339e-01 9.778000000000000025e-01 0.000000000000000000e+00 9.781999999999999584e-01 0.000000000000000000e+00 9.774000000000000465e-01 0.000000000000000000e+00 
1.046377465128898593e-01 9.730125963687896729e-02 0.000000000000000000e+00 9.742751400027656050e-01 9.782999999999999474e-01 0.000000000000000000e+00 9.796000000000000263e-01 0.000000000000000000e+00 9.769999999999999796e-01 0.000000000000000000e+00 
1.026224717497825623e-01 9.627189487218856812e-02 0.000000000000000000e+00 9.760182608545353578e-01 9.787000000000000144e-01 0.000000000000000000e+00 9.809999999999999831e-01 0.000000000000000000e+00 9.764000000000000457e-01 0.000000000000000000e+00 
1.012128740549087524e-01 9.463339298963546753e-02 0.000000000000000000e+00 9.759646795492257221e-01 9.792999999999999483e-01 0.000000000000000000e+00 9.799999999999999822e-01 0.000000000000000000e+00 9.786000000000000254e-01 0.000000000000000000e+00 
9.879576563835143488e-02 9.367891401052474976e-02 0.000000000000000000e+00 9.769604708241150792e-01 9.798000000000000043e-01 0.000000000000000000e+00 9.814000000000000501e-01 0.000000000000000000e+00 9.781999999999999584e-01 0.000000000000000000e+00 
9.841825664043427069e-02 9.215534478425979614e-02 0.000000000000000000e+00 9.772549519496681603e-01 9.800999999999999712e-01 0.000000000000000000e+00 9.808000000000000052e-01 0.000000000000000000e+00 9.794000000000000483e-01 0.000000000000000000e+00 
9.778570830821990689e-02 9.128700196743011475e-02 0.000000000000000000e+00 9.772046114491150792e-01 9.806000000000000272e-01 0.000000000000000000e+00 9.824000000000000510e-01 0.000000000000000000e+00 9.788000000000000034e-01 0.000000000000000000e+00 
9.627328515052795133e-02 9.000977873802185059e-02 0.000000000000000000e+00 9.781971619192477707e-01 9.808999999999999941e-01 0.000000000000000000e+00 9.824000000000000510e-01 0.000000000000000000e+00 9.794000000000000483e-01 0.000000000000000000e+00 
9.536561965942383368e-02 8.886066079139709473e-02 0.000000000000000000e+00 9.775120557936947119e-01 9.812999999999999501e-01 0.000000000000000000e+00 9.829999999999999849e-01 0.000000000000000000e+00 9.796000000000000263e-01 0.000000000000000000e+00 
9.406410306692122858e-02 8.776938915252685547e-02 0.000000000000000000e+00 9.781273765901549178e-01 9.812999999999999501e-01 0.000000000000000000e+00 9.828000000000000069e-01 0.000000000000000000e+00 9.798000000000000043e-01 0.000000000000000000e+00 
9.183022677898407260e-02 8.643176406621932983e-02 0.000000000000000000e+00 9.787180672704647311e-01 9.814000000000000501e-01 0.000000000000000000e+00 9.821999999999999620e-01 0.000000000000000000e+00 9.806000000000000272e-01 0.000000000000000000e+00 
9.072536826133728582e-02 8.576931059360504150e-02 0.000000000000000000e+00 9.789656647538717005e-01 9.818000000000000060e-01 0.000000000000000000e+00 9.839999999999999858e-01 0.000000000000000000e+00 9.796000000000000263e-01 0.000000000000000000e+00 
9.011923074722290317e-02 8.460249751806259155e-02 0.000000000000000000e+00 9.788092419109514219e-01 9.818999999999999950e-01 0.000000000000000000e+00 9.838000000000000078e-01 0.000000000000000000e+00 9.799999999999999822e-01 0.000000000000000000e+00 
8.831113427877426703e-02 8.291818946599960327e-02 0.000000000000000000e+00 9.807798672566372389e-01 9.818000000000000060e-01 0.000000000000000000e+00 9.808000000000000052e-01 0.000000000000000000e+00 9.828000000000000069e-01 0.000000000000000000e+00 
8.634363412857055942e-02 8.306879550218582153e-02 0.000000000000000000e+00 9.804173292311947341e-01 9.820999999999999730e-01 0.000000000000000000e+00 9.849999999999999867e-01 0.000000000000000000e+00 9.791999999999999593e-01 0.000000000000000000e+00 
8.626855462789535800e-02 8.099357783794403076e-02 0.000000000000000000e+00 9.812955873202433565e-01 9.822999999999999510e-01 0.000000000000000000e+00 9.824000000000000510e-01 0.000000000000000000e+00 9.821999999999999620e-01 0.000000000000000000e+00 
8.538277298212051947e-02 8.033983409404754639e-02 0.000000000000000000e+00 9.806690317339601393e-01 9.828999999999999959e-01 0.000000000000000000e+00 9.848000000000000087e-01 0.000000000000000000e+00 9.809999999999999831e-01 0.000000000000000000e+00 
8.353873193264008123e-02 7.929044961929321289e-02 0.000000000000000000e+00 9.821226406941372389e-01 9.828999999999999959e-01 0.000000000000000000e+00 9.846000000000000307e-01 0.000000000000000000e+00 9.811999999999999611e-01 0.000000000000000000e+00 
8.340444713830948154e-02 7.784325629472732544e-02 0.000000000000000000e+00 9.811787022953539772e-01 9.826000000000000290e-01 0.000000000000000000e+00 9.821999999999999620e-01 0.000000000000000000e+00 9.829999999999999849e-01 0.000000000000000000e+00 
8.202944248914718905e-02 7.760152965784072876e-02 0.000000000000000000e+00 9.816622303650441861e-01 9.836000000000000298e-01 0.000000000000000000e+00 9.859999999999999876e-01 0.000000000000000000e+00 9.811999999999999611e-01 0.000000000000000000e+00 
8.057826757431030273e-02 7.627409696578979492e-02 0.000000000000000000e+00 9.825849955060841356e-01 9.839999999999999858e-01 0.000000000000000000e+00 9.856000000000000316e-01 0.000000000000000000e+00 9.824000000000000510e-01 0.000000000000000000e+00 
7.933042794466019232e-02 7.487256824970245361e-02 0.000000000000000000e+00 9.823211939988938379e-01 9.832999999999999519e-01 0.000000000000000000e+00 9.834000000000000519e-01 0.000000000000000000e+00 9.831999999999999629e-01 0.000000000000000000e+00 
7.803873270750046054e-02 7.465299218893051147e-02 0.000000000000000000e+00 9.835254770464600949e-01 9.848999999999999977e-01 0.000000000000000000e+00 9.874000000000000554e-01 0.000000000000000000e+00 9.824000000000000510e-01 0.000000000000000000e+00 
7.675544321537017267e-02 7.334277033805847168e-02 0.000000000000000000e+00 9.833413993362831729e-01 9.847000000000000197e-01 0.000000000000000000e+00 9.861999999999999655e-01 0.000000000000000000e+00 9.831999999999999629e-01 0.000000000000000000e+00 
7.689807713031768244e-02 7.278138399124145508e-02 0.000000000000000000e+00 9.831901617809734040e-01 9.851999999999999647e-01 0.000000000000000000e+00 9.879999999999999893e-01 0.000000000000000000e+00 9.824000000000000510e-01 0.000000000000000000e+00 
7.568983882665633600e-02 7.154203951358795166e-02 0.000000000000000000e+00 9.836901099280973559e-01 9.856000000000000316e-01 0.000000000000000000e+00 9.876000000000000334e-01 0.000000000000000000e+00 9.836000000000000298e-01 0.000000000000000000e+00 
7.404555678367615024e-02 7.058824598789215088e-02 0.000000000000000000e+00 9.846321038440265516e-01 9.858999999999999986e-01 0.000000000000000000e+00 9.878000000000000114e-01 0.000000000000000000e+00 9.839999999999999858e-01 0.000000000000000000e+00 
7.389426976442337036e-02 6.964650750160217285e-02 0.000000000000000000e+00 9.847036176023230558e-01 9.858000000000000096e-01 0.000000000000000000e+00 9.874000000000000554e-01 0.000000000000000000e+00 9.841999999999999638e-01 0.000000000000000000e+00 
7.229655385017394464e-02 6.884800642728805542e-02 0.000000000000000000e+00 9.844823786642699082e-01 9.862999999999999545e-01 0.000000000000000000e+00 9.879999999999999893e-01 0.000000000000000000e+00 9.846000000000000307e-01 0.000000000000000000e+00 
7.120715826749801636e-02 6.807538866996765137e-02 0.000000000000000000e+00 9.849298257743364093e-01 9.861999999999999655e-01 0.000000000000000000e+00 9.879999999999999893e-01 0.000000000000000000e+00 9.844000000000000528e-01 0.000000000000000000e+00 
7.087745517492294312e-02 6.726784259080886841e-02 0.000000000000000000e+00 9.852422393528760258e-01 9.868000000000000105e-01 0.000000000000000000e+00 9.888000000000000123e-01 0.000000000000000000e+00 9.848000000000000087e-01 0.000000000000000000e+00 
6.997358053922653198e-02 6.643740087747573853e-02 0.000000000000000000e+00 9.853319016178098133e-01 9.868999999999999995e-01 0.000000000000000000e+00 9.889999999999999902e-01 0.000000000000000000e+00 9.848000000000000087e-01 0.000000000000000000e+00 
6.894242018461227417e-02 6.548532843589782715e-02 0.000000000000000000e+00 9.860431502350663902e-01 9.867000000000000215e-01 0.000000000000000000e+00 9.881999999999999673e-01 0.000000000000000000e+00 9.851999999999999647e-01 0.000000000000000000e+00 
6.821642071008682251e-02 6.503029912710189819e-02 0.000000000000000000e+00 9.862872908600663902e-01 9.871999999999999664e-01 0.000000000000000000e+00 9.896000000000000352e-01 0.000000000000000000e+00 9.848000000000000087e-01 0.000000000000000000e+00 
6.740492731332778376e-02 6.399727612733840942e-02 0.000000000000000000e+00 9.860479034153760702e-01 9.872999999999999554e-01 0.000000000000000000e+00 9.889999999999999902e-01 0.000000000000000000e+00 9.856000000000000316e-01 0.000000000000000000e+00 
6.728062182664870661e-02 6.343606114387512207e-02 0.000000000000000000e+00 9.866141800331857947e-01 9.877000000000000224e-01 0.000000000000000000e+00 9.898000000000000131e-01 0.000000000000000000e+00 9.856000000000000316e-01 0.000000000000000000e+00 
6.560650616884231012e-02 6.294380873441696167e-02 0.000000000000000000e+00 9.868146778207964598e-01 9.878000000000000114e-01 0.000000000000000000e+00 9.899999999999999911e-01 0.000000000000000000e+00 9.856000000000000316e-01 0.000000000000000000e+00 
6.556349843740463812e-02 6.207666918635368347e-02 0.000000000000000000e+00 9.863214273368363649e-01 9.878000000000000114e-01 0.000000000000000000e+00 9.899999999999999911e-01 0.000000000000000000e+00 9.856000000000000316e-01 0.000000000000000000e+00 
6.484313830733298700e-02 6.161431595683097839e-02 0.000000000000000000e+00 9.868114370160399051e-01 9.881999999999999673e-01 0.000000000000000000e+00 9.908000000000000140e-01 0.000000000000000000e+00 9.856000000000000316e-01 0.000000000000000000e+00 
6.301157474517822543e-02 6.077022477984428406e-02 0.000000000000000000e+00 9.874524681969025774e-01 9.880999999999999783e-01 0.000000000000000000e+00 9.903999999999999471e-01 0.000000000000000000e+00 9.858000000000000096e-01 0.000000000000000000e+00 
6.310990974307059687e-02 6.019447371363639832e-02 0.000000000000000000e+00 9.873025269634956302e-01 9.880999999999999783e-01 0.000000000000000000e+00 9.903999999999999471e-01 0.000000000000000000e+00 9.858000000000000096e-01 0.000000000000000000e+00 
6.233559623360633573e-02 5.961933359503746033e-02 0.000000000000000000e+00 9.877648817754425270e-01 9.881999999999999673e-01 0.000000000000000000e+00 9.908000000000000140e-01 0.000000000000000000e+00 9.856000000000000316e-01 0.000000000000000000e+00 
6.156585887074470659e-02 5.900252610445022583e-02 0.000000000000000000e+00 9.880528812914823877e-01 9.883999999999999453e-01 0.000000000000000000e+00 9.909999999999999920e-01 0.000000000000000000e+00 9.858000000000000096e-01 0.000000000000000000e+00 
6.079232022166251859e-02 5.794650688767433167e-02 0.000000000000000000e+00 9.877553754148230558e-01 9.880999999999999783e-01 0.000000000000000000e+00 9.893999999999999462e-01 0.000000000000000000e+00 9.868000000000000105e-01 0.000000000000000000e+00 
6.001607924699783186e-02 5.794695764780044556e-02 0.000000000000000000e+00 9.886647452295352911e-01 9.888000000000000123e-01 0.000000000000000000e+00 9.916000000000000369e-01 0.000000000000000000e+00 9.859999999999999876e-01 0.000000000000000000e+00 
6.002426296472549577e-02 5.715328082442283630e-02 0.000000000000000000e+00 9.885526133849558139e-01 9.887000000000000233e-01 0.000000000000000000e+00 9.911999999999999700e-01 0.000000000000000000e+00 9.861999999999999655e-01 0.000000000000000000e+00 
5.849403068423271457e-02 5.619979277253150940e-02 0.000000000000000000e+00 9.884046166344025997e-01 9.889999999999999902e-01 0.000000000000000000e+00 9.901999999999999691e-01 0.000000000000000000e+00 9.878000000000000114e-01 0.000000000000000000e+00 
5.795369595289230624e-02 5.596912652254104614e-02 0.000000000000000000e+00 9.885982007051991038e-01 9.888000000000000123e-01 0.000000000000000000e+00 9.911999999999999700e-01 0.000000000000000000e+00 9.864000000000000545e-01 0.000000000000000000e+00 
5.733079463243484497e-02 5.534003302454948425e-02 0.000000000000000000e+00 9.888913855088496963e-01 9.891999999999999682e-01 0.000000000000000000e+00 9.913999999999999480e-01 0.000000000000000000e+00 9.869999999999999885e-01 0.000000000000000000e+00 
5.716245472431182723e-02 5.459853261709213257e-02 0.000000000000000000e+00 9.885737866426991260e-01 9.891999999999999682e-01 0.000000000000000000e+00 9.911999999999999700e-01 0.000000000000000000e+00 9.871999999999999664e-01 0.000000000000000000e+00 
5.722122192382812778e-02 5.473924428224563599e-02 0.000000000000000000e+00 9.884808835730088949e-01 9.897000000000000242e-01 0.000000000000000000e+00 9.929999999999999938e-01 0.000000000000000000e+00 9.864000000000000545e-01 0.000000000000000000e+00 
5.605494603514671326e-02 5.343047901988029480e-02 0.000000000000000000e+00 9.894606868777655606e-01 9.893999999999999462e-01 0.000000000000000000e+00 9.911999999999999700e-01 0.000000000000000000e+00 9.876000000000000334e-01 0.000000000000000000e+00 
5.467318668961525241e-02 5.302597582340240479e-02 0.000000000000000000e+00 9.891206184319690786e-01 9.897000000000000242e-01 0.000000000000000000e+00 9.918000000000000149e-01 0.000000000000000000e+00 9.876000000000000334e-01 0.000000000000000000e+00 
5.491887629032134871e-02 5.276411026716232300e-02 0.000000000000000000e+00 9.891841382051991260e-01 9.898000000000000131e-01 0.000000000000000000e+00 9.923999999999999488e-01 0.000000000000000000e+00 9.871999999999999664e-01 0.000000000000000000e+00 
5.484846457839012007e-02 5.216682702302932739e-02 0.000000000000000000e+00 9.890702779314158866e-01 9.899000000000000021e-01 0.000000000000000000e+00 9.923999999999999488e-01 0.000000000000000000e+00 9.874000000000000554e-01 0.000000000000000000e+00 
