4.104311764240264893e-01 4.657464101910591125e-02 4.090966656804084778e-03 4.132625646889209747e-03 
6.443459987640380859e-01 3.783493861556053162e-02 -6.471418775618076324e-03 3.882311051711440086e-03 
2.293060868978500366e-01 5.165843665599822998e-02 1.616349630057811737e-02 1.049472298473119736e-02 
7.088465094566345215e-01 6.328944861888885498e-02 -1.626533269882202148e-02 1.148938480764627457e-02 
2.065495848655700684e-01 6.457049399614334106e-02 2.550841495394706726e-02 1.803179271519184113e-02 
8.494439721107482910e-01 4.708955436944961548e-02 -2.111201733350753784e-02 1.430642604827880859e-02 
1.583052426576614380e-01 5.499762669205665588e-02 2.471386454999446869e-02 1.752114668488502502e-02 
8.785656094551086426e-01 4.058388248085975647e-02 -1.968394033610820770e-02 1.357363071292638779e-02 
9.433809667825698853e-02 3.421581164002418518e-02 1.802673377096652985e-02 1.284033711999654770e-02 
8.653653860092163086e-01 5.190031975507736206e-02 -2.551995776593685150e-02 1.814514771103858948e-02 
5.596496164798736572e-02 1.995745114982128143e-02 1.102648302912712097e-02 7.772380020469427109e-03 
8.538611531257629395e-01 6.053962185978889465e-02 -2.975725010037422180e-02 2.169421128928661346e-02 
7.575059682130813599e-02 3.196040913462638855e-02 1.835980080068111420e-02 1.349351741373538971e-02 
9.206852316856384277e-01 3.299310803413391113e-02 -1.885119080543518066e-02 1.379597093909978867e-02 
7.934202998876571655e-02 3.425988554954528809e-02 1.981638371944427490e-02 1.473947428166866302e-02 
9.400552511215209961e-01 2.477386407554149628e-02 -1.456875726580619812e-02 1.066104229539632797e-02 
6.627841293811798096e-02 3.044902905821800232e-02 1.836795732378959656e-02 1.368918921798467636e-02 
9.443823695182800293e-01 2.386720478534698486e-02 -1.468920335173606873e-02 1.112954318523406982e-02 
5.920851230621337891e-02 2.476692572236061096e-02 1.470194291323423386e-02 1.090579014271497726e-02 
9.453094005584716797e-01 2.327098138630390167e-02 -1.386885531246662140e-02 1.018230151385068893e-02 
5.243014544248580933e-02 2.513439953327178955e-02 1.615909300744533539e-02 1.242342032492160797e-02 
9.537753462791442871e-01 2.210076339542865753e-02 -1.455401442945003510e-02 1.138343010097742081e-02 
4.510022699832916260e-02 2.028044499456882477e-02 1.281560584902763367e-02 9.726036339998245239e-03 
9.505473375320434570e-01 2.274525538086891174e-02 -1.454364415258169174e-02 1.121620647609233856e-02 
3.844835981726646423e-02 1.782320253551006317e-02 1.167434640228748322e-02 8.977527730166912079e-03 
9.542480707168579102e-01 2.236427552998065948e-02 -1.495676394551992416e-02 1.179942954331636429e-02 
3.332762420177459717e-02 1.341297104954719543e-02 8.126151748001575470e-03 5.927108228206634521e-03 
9.439868927001953125e-01 2.468880079686641693e-02 -1.537495292723178864e-02 1.174091827124357224e-02 
3.231102600693702698e-02 1.414958387613296509e-02 9.131995961070060730e-03 6.990151945501565933e-03 
9.545077681541442871e-01 2.165914699435234070e-02 -1.392985787242650986e-02 1.079937908798456192e-02 
4.196352884173393250e-02 1.898691058158874512e-02 1.222457271069288254e-02 9.371806867420673370e-03 
9.667105078697204590e-01 1.519166957587003708e-02 -1.008095405995845795e-02 7.875783368945121765e-03 
4.127184301614761353e-02 2.140287868678569794e-02 1.451416965574026108e-02 1.147080771625041962e-02 
9.753050208091735840e-01 1.215587276965379715e-02 -8.673507720232009888e-03 7.083897478878498077e-03 
4.747774824500083923e-02 2.278773114085197449e-02 1.493896078318357468e-02 1.167040411382913589e-02 
9.774541854858398438e-01 1.048343162983655930e-02 -7.212286349385976791e-03 5.744556430727243423e-03 
2.867439016699790955e-02 1.264949981123209000e-02 8.293754421174526215e-03 6.440428551286458969e-03 
9.649304747581481934e-01 1.667124032974243164e-02 -1.113857049494981766e-02 8.741115219891071320e-03 
3.323006257414817810e-02 1.594959013164043427e-02 1.084245461970567703e-02 8.602120913565158844e-03 
9.706138968467712402e-01 1.448655221611261368e-02 -1.002978999167680740e-02 8.053650148212909698e-03 
2.772789448499679565e-02 1.271691638976335526e-02 8.489784784615039825e-03 6.647824309766292572e-03 
9.709643721580505371e-01 1.421991921961307526e-02 -9.705021046102046967e-03 7.654997054487466812e-03 
2.915192767977714539e-02 1.423941180109977722e-02 9.661057032644748688e-03 7.633619941771030426e-03 
9.761223196983337402e-01 1.176257804036140442e-02 -8.185381069779396057e-03 6.561732385307550430e-03 
3.398032486438751221e-02 1.636446639895439148e-02 1.112366188317537308e-02 8.866974152624607086e-03 
9.814068675041198730e-01 9.396840818226337433e-03 -6.590807810425758362e-03 5.271106027066707611e-03 
2.548156678676605225e-02 1.277734991163015366e-02 8.960884995758533478e-03 7.204105611890554428e-03 
9.745367765426635742e-01 1.320695504546165466e-02 -9.446839801967144012e-03 7.710382807999849319e-03 
1.377924811094999313e-02 5.666885524988174438e-03 3.592349123209714890e-03 2.646847162395715714e-03 
9.577522277832031250e-01 2.067184075713157654e-02 -1.379172317683696747e-02 1.093128323554992676e-02 
1.862025074660778046e-02 8.844745345413684845e-03 6.140279117971658707e-03 4.904826171696186066e-03 
9.663831591606140137e-01 1.733143627643585205e-02 -1.198891922831535339e-02 9.609248489141464233e-03 
2.270100452005863190e-02 1.151089742779731750e-02 8.060915395617485046e-03 6.454130634665489197e-03 
9.805732369422912598e-01 1.045031286776065826e-02 -7.550705689936876297e-03 6.136313080787658691e-03 
2.613280527293682098e-02 1.235673483461141586e-02 8.140367455780506134e-03 6.271332968026399612e-03 
9.799723625183105469e-01 9.926718659698963165e-03 -6.938279140740633011e-03 5.569077096879482269e-03 
1.508247945457696915e-02 7.062047254294157028e-03 4.828428849577903748e-03 3.771231044083833694e-03 
9.734959006309509277e-01 1.384364254772663116e-02 -9.769306518137454987e-03 7.934225723147392273e-03 
1.857169158756732941e-02 9.137799032032489777e-03 6.289174314588308334e-03 4.942147526890039444e-03 
9.795460104942321777e-01 1.065886858850717545e-02 -7.649398408830165863e-03 6.246886681765317917e-03 
2.369412966072559357e-02 1.155805587768554688e-02 7.837613113224506378e-03 6.147975102066993713e-03 
9.818387627601623535e-01 9.219710715115070343e-03 -6.464065518230199814e-03 5.169320385903120041e-03 
1.918467693030834198e-02 8.787663653492927551e-03 5.864592734724283218e-03 4.522634670138359070e-03 
9.787659645080566406e-01 1.057573128491640091e-02 -7.367284502834081650e-03 5.890594795346260071e-03 
1.778189465403556824e-02 8.632120676338672638e-03 5.964777898043394089e-03 4.713828209787607193e-03 
9.811370372772216797e-01 9.587255306541919708e-03 -6.874343845993280411e-03 5.578868091106414795e-03 
1.645648851990699768e-02 7.990595884621143341e-03 5.501457024365663528e-03 4.319431260228157043e-03 
9.791133999824523926e-01 1.085205841809511185e-02 -7.867628708481788635e-03 6.454546470195055008e-03 
2.088327892124652863e-02 1.064991578459739685e-02 7.532009854912757874e-03 6.085618864744901657e-03 
9.838403463363647461e-01 8.514995686709880829e-03 -6.407151464372873306e-03 5.399616435170173645e-03 
1.536779664456844330e-02 7.715274579823017120e-03 5.462680477648973465e-03 4.372885916382074356e-03 
9.802575707435607910e-01 1.063862349838018417e-02 -7.794314064085483551e-03 6.450248416513204575e-03 
2.455584704875946045e-02 1.318398211151361465e-02 9.298720397055149078e-03 7.465563248842954636e-03 
9.893808960914611816e-01 5.365180782973766327e-03 -3.928815945982933044e-03 3.245291532948613167e-03 
1.622651331126689911e-02 8.427856490015983582e-03 5.942834075540304184e-03 4.758404102176427841e-03 
9.858406186103820801e-01 7.634674664586782455e-03 -5.682260729372501373e-03 4.738729912787675858e-03 
1.533411350101232529e-02 7.177739404141902924e-03 4.849005024880170822e-03 3.775010118260979652e-03 
9.814096093177795410e-01 9.982339106500148773e-03 -7.111444603651762009e-03 5.733930040150880814e-03 
1.411101501435041428e-02 7.041143719106912613e-03 5.034026224166154861e-03 4.090484231710433960e-03 
9.827553033828735352e-01 9.356929920613765717e-03 -6.825489457696676254e-03 5.616795737296342850e-03 
1.156524196267127991e-02 5.697915796190500259e-03 4.066519439220428467e-03 3.304859856143593788e-03 
9.819450974464416504e-01 1.027944963425397873e-02 -7.730598561465740204e-03 6.476038135588169098e-03 
1.795982755720615387e-02 8.763132616877555847e-03 6.099946331232786179e-03 4.881191533058881760e-03 
9.862539768218994141e-01 7.339014671742916107e-03 -5.389670375734567642e-03 4.422755446285009384e-03 
1.520640309900045395e-02 8.088148199021816254e-03 5.815701093524694443e-03 4.692834801971912384e-03 
9.864623546600341797e-01 7.380167022347450256e-03 -5.580347031354904175e-03 4.706921987235546112e-03 
9.768201038241386414e-03 4.375198855996131897e-03 2.962460974231362343e-03 2.308684866875410080e-03 
9.784221649169921875e-01 1.134379673749208450e-02 -8.071623742580413818e-03 6.526639685034751892e-03 
1.065322291105985641e-02 4.668950568884611130e-03 3.090898972004652023e-03 2.370548900216817856e-03 
9.790075421333312988e-01 1.120094768702983856e-02 -8.100219070911407471e-03 6.640827283263206482e-03 
1.018353737890720367e-02 4.803441464900970459e-03 3.412621328607201576e-03 2.758553018793463707e-03 
9.792443513870239258e-01 1.130966842174530029e-02 -8.332206867635250092e-03 6.918228697031736374e-03 
1.127597037702798843e-02 5.625631660223007202e-03 3.987207543104887009e-03 3.193878801539540291e-03 
9.834617376327514648e-01 9.201765060424804688e-03 -6.843726150691509247e-03 5.697614047676324844e-03 
1.531644910573959351e-02 7.546266075223684311e-03 5.240784958004951477e-03 4.179412499070167542e-03 
9.867435097694396973e-01 7.185218390077352524e-03 -5.359778180718421936e-03 4.453034605830907822e-03 
1.059012301266193390e-02 5.069690756499767303e-03 3.535109106451272964e-03 2.815879415720701218e-03 
9.827796220779418945e-01 9.486644528806209564e-03 -7.076209876686334610e-03 5.909954197704792023e-03 
1.253747846931219101e-02 6.694017443805932999e-03 4.980497993528842926e-03 4.152346868067979813e-03 
9.871797561645507812e-01 7.347033359110355377e-03 -5.565734114497900009e-03 4.661741200834512711e-03 
1.042042020708322525e-02 5.060760304331779480e-03 3.637237241491675377e-03 2.959649078547954559e-03 
9.831973910331726074e-01 9.332078509032726288e-03 -6.926676724106073380e-03 5.754171870648860931e-03 
1.148134563118219376e-02 5.338802468031644821e-03 3.713725134730339050e-03 2.983326325193047523e-03 
9.822196364402770996e-01 1.024796720594167709e-02 -7.554271258413791656e-03 6.210660096257925034e-03 
1.069655083119869232e-02 5.405741278082132339e-03 3.929510712623596191e-03 3.217542776837944984e-03 
9.847247600555419922e-01 8.522632531821727753e-03 -6.322633940726518631e-03 5.263901315629482269e-03 
1.404550392180681229e-02 7.165394257754087448e-03 5.262867081910371780e-03 4.342949017882347107e-03 
9.887741208076477051e-01 6.376391276717185974e-03 -4.795515909790992737e-03 3.974504303187131882e-03 
9.622833691537380219e-03 4.571663681417703629e-03 3.172909375280141830e-03 2.505778102204203606e-03 
9.840559959411621094e-01 8.532887324690818787e-03 -6.326091941446065903e-03 5.275001749396324158e-03 
1.163007132709026337e-02 5.962138995528221130e-03 4.239290952682495117e-03 3.406238509342074394e-03 
9.865090250968933105e-01 7.609342224895954132e-03 -5.700848530977964401e-03 4.737172741442918777e-03 
9.863157756626605988e-03 5.222584120929241180e-03 3.789354115724563599e-03 3.084762254729866982e-03 
9.859631061553955078e-01 8.157786913216114044e-03 -6.286590825766324997e-03 5.370836239308118820e-03 
1.132267899811267853e-02 5.821540951728820801e-03 4.176103509962558746e-03 3.380945883691310883e-03 
9.873374104499816895e-01 7.112904917448759079e-03 -5.365789867937564850e-03 4.493246320635080338e-03 
1.291376538574695587e-02 6.577097810804843903e-03 4.628338851034641266e-03 3.695589490234851837e-03 
9.889013767242431641e-01 6.222929805517196655e-03 -4.652319941669702530e-03 3.843075828626751900e-03 
9.379587136209011078e-03 4.742738325148820877e-03 3.368383273482322693e-03 2.698671072721481323e-03 
9.865341186523437500e-01 7.697858382016420364e-03 -5.970217753201723099e-03 5.137053318321704865e-03 
1.367734558880329132e-02 7.410268764942884445e-03 5.426146555691957474e-03 4.479013849049806595e-03 
9.877489805221557617e-01 7.140428293496370316e-03 -5.442609079182147980e-03 4.576166160404682159e-03 
1.077247038483619690e-02 5.563740152865648270e-03 3.976684529334306717e-03 3.202812280505895615e-03 
9.883875250816345215e-01 6.661603692919015884e-03 -5.081728100776672363e-03 4.270232282578945160e-03 
7.914223708212375641e-03 3.741291584447026253e-03 2.601600717753171921e-03 2.060223137959837914e-03 
9.841318726539611816e-01 9.086828678846359253e-03 -6.760233547538518906e-03 5.629850551486015320e-03 
9.127737954258918762e-03 4.608093760907649994e-03 3.298643976449966431e-03 2.655819756910204887e-03 
9.869047403335571289e-01 7.395286113023757935e-03 -5.652926862239837646e-03 4.804826341569423676e-03 
8.891000412404537201e-03 4.587729461491107941e-03 3.378026653081178665e-03 2.805624622851610184e-03 
9.869304895401000977e-01 7.578630000352859497e-03 -5.905580706894397736e-03 5.080429837107658386e-03 
8.708188310265541077e-03 4.477323032915592194e-03 3.290335880592465401e-03 2.701703924685716629e-03 
9.862324595451354980e-01 7.853667251765727997e-03 -5.995642393827438354e-03 5.069817416369915009e-03 
8.660558611154556274e-03 4.336334299296140671e-03 3.098872490227222443e-03 2.500937087461352348e-03 
9.855260848999023438e-01 8.684246800839900970e-03 -6.715995259582996368e-03 5.699552595615386963e-03 
1.032215822488069534e-02 5.581262055784463882e-03 4.153808113187551498e-03 3.446409245952963829e-03 
9.871085882186889648e-01 7.554511539638042450e-03 -5.819537211209535599e-03 4.947870969772338867e-03 
1.270423457026481628e-02 6.472210865467786789e-03 4.619944375008344650e-03 3.729687072336673737e-03 
9.911895990371704102e-01 4.896808881312608719e-03 -3.717452054843306541e-03 3.130893222987651825e-03 
1.763148047029972076e-02 1.016966998577117920e-02 7.601434830576181412e-03 6.324077956378459930e-03 
9.913302063941955566e-01 4.986884072422981262e-03 -3.832778893411159515e-03 3.219814505428075790e-03 
9.645142592489719391e-03 5.150649230927228928e-03 3.890144638717174530e-03 3.284330479800701141e-03 
9.896276593208312988e-01 6.162468809634447098e-03 -4.803976509720087051e-03 4.110871814191341400e-03 
