8.353348970413208008e-01 7.966973185539245605e-01 0.000000000000000000e+00 3.828125000000000000e-01 4.166666666666666852e-01 0.000000000000000000e+00 4.477911646586345551e-01 0.000000000000000000e+00 2.936507936507936622e-01 0.000000000000000000e+00 
7.559210062026977539e-01 7.263103723526000977e-01 0.000000000000000000e+00 4.375000000000000000e-01 4.599358974358974117e-01 0.000000000000000000e+00 4.739039665970772308e-01 0.000000000000000000e+00 4.137931034482758563e-01 0.000000000000000000e+00 
7.009449601173400879e-01 6.947827935218811035e-01 0.000000000000000000e+00 4.765625000000000000e-01 5.096153846153845812e-01 0.000000000000000000e+00 5.144230769230768718e-01 0.000000000000000000e+00 5.072115384615384359e-01 0.000000000000000000e+00 
6.904915571212768555e-01 6.886869668960571289e-01 0.000000000000000000e+00 5.234375000000000000e-01 5.320512820512820484e-01 0.000000000000000000e+00 6.162790697674418450e-01 0.000000000000000000e+00 5.185873605947954879e-01 0.000000000000000000e+00 
6.898680925369262695e-01 6.829830408096313477e-01 0.000000000000000000e+00 5.390625000000000000e-01 5.897435897435897578e-01 0.000000000000000000e+00 5.828402366863905115e-01 0.000000000000000000e+00 5.979020979020979176e-01 0.000000000000000000e+00 
6.813964843750000000e-01 6.795890331268310547e-01 0.000000000000000000e+00 5.625000000000000000e-01 6.137820512820513219e-01 0.000000000000000000e+00 5.962059620596206200e-01 0.000000000000000000e+00 6.392156862745097534e-01 0.000000000000000000e+00 
6.745005846023559570e-01 6.749016046524047852e-01 0.000000000000000000e+00 6.015625000000000000e-01 6.298076923076922906e-01 0.000000000000000000e+00 6.723404255319148648e-01 0.000000000000000000e+00 6.041131105398457324e-01 0.000000000000000000e+00 
6.628462076187133789e-01 6.676399111747741699e-01 0.000000000000000000e+00 6.796875000000000000e-01 6.538461538461538547e-01 0.000000000000000000e+00 6.578947368421053099e-01 0.000000000000000000e+00 6.500000000000000222e-01 0.000000000000000000e+00 
6.494625210762023926e-01 6.544601321220397949e-01 0.000000000000000000e+00 6.796875000000000000e-01 6.794871794871795156e-01 0.000000000000000000e+00 6.656804733727810230e-01 0.000000000000000000e+00 6.958041958041958353e-01 0.000000000000000000e+00 
6.153475046157836914e-01 6.307757496833801270e-01 0.000000000000000000e+00 7.265625000000000000e-01 7.211538461538461453e-01 0.000000000000000000e+00 7.017543859649122417e-01 0.000000000000000000e+00 7.446808510638297518e-01 0.000000000000000000e+00 
5.675643682479858398e-01 5.977748036384582520e-01 0.000000000000000000e+00 8.125000000000000000e-01 7.532051282051281937e-01 0.000000000000000000e+00 7.581699346405228468e-01 0.000000000000000000e+00 7.484276729559747876e-01 0.000000000000000000e+00 
5.112459659576416016e-01 5.530465245246887207e-01 0.000000000000000000e+00 7.968750000000000000e-01 7.804487179487179516e-01 0.000000000000000000e+00 7.868852459016393297e-01 0.000000000000000000e+00 7.742946708463950278e-01 0.000000000000000000e+00 
4.320427775382995605e-01 5.026330947875976562e-01 0.000000000000000000e+00 8.281250000000000000e-01 7.884615384615384359e-01 0.000000000000000000e+00 8.082191780821917915e-01 0.000000000000000000e+00 7.710843373493976305e-01 0.000000000000000000e+00 
3.388245701789855957e-01 4.538865685462951660e-01 0.000000000000000000e+00 8.984375000000000000e-01 8.108974358974359031e-01 0.000000000000000000e+00 8.089171974522293418e-01 0.000000000000000000e+00 8.129032258064515792e-01 0.000000000000000000e+00 
2.466351091861724854e-01 4.103178381919860840e-01 0.000000000000000000e+00 9.609375000000000000e-01 8.285256410256410797e-01 0.000000000000000000e+00 8.233438485804416285e-01 0.000000000000000000e+00 8.338762214983713728e-01 0.000000000000000000e+00 
1.718080490827560425e-01 3.654011487960815430e-01 0.000000000000000000e+00 9.765625000000000000e-01 8.429487179487179516e-01 0.000000000000000000e+00 8.429487179487179516e-01 0.000000000000000000e+00 8.429487179487179516e-01 0.000000000000000000e+00 
1.148335635662078857e-01 3.375503718852996826e-01 0.000000000000000000e+00 9.921875000000000000e-01 8.653846153846154188e-01 0.000000000000000000e+00 8.413173652694611038e-01 0.000000000000000000e+00 8.931034482758620774e-01 0.000000000000000000e+00 
8.430708944797515869e-02 3.227591812610626221e-01 0.000000000000000000e+00 9.921875000000000000e-01 8.685897435897436125e-01 0.000000000000000000e+00 8.343023255813953876e-01 0.000000000000000000e+00 9.107142857142856984e-01 0.000000000000000000e+00 
5.780749395489692688e-02 3.080171346664428711e-01 0.000000000000000000e+00 9.921875000000000000e-01 8.814102564102563875e-01 0.000000000000000000e+00 8.584337349397590522e-01 0.000000000000000000e+00 9.075342465753424293e-01 0.000000000000000000e+00 
6.306408345699310303e-02 3.192629218101501465e-01 0.000000000000000000e+00 9.921875000000000000e-01 8.894230769230768718e-01 0.000000000000000000e+00 8.461538461538461453e-01 0.000000000000000000e+00 9.450549450549450281e-01 0.000000000000000000e+00 
3.225130587816238403e-02 3.049165904521942139e-01 0.000000000000000000e+00 1.000000000000000000e+00 8.862179487179486781e-01 0.000000000000000000e+00 8.575667655786349819e-01 0.000000000000000000e+00 9.198606271777003407e-01 0.000000000000000000e+00 
2.148855105042457581e-02 3.117094635963439941e-01 0.000000000000000000e+00 1.000000000000000000e+00 8.894230769230768718e-01 0.000000000000000000e+00 8.521739130434782261e-01 0.000000000000000000e+00 9.354838709677418818e-01 0.000000000000000000e+00 
3.122716397047042847e-02 3.171378970146179199e-01 0.000000000000000000e+00 9.921875000000000000e-01 8.926282051282051766e-01 0.000000000000000000e+00 8.530259365994236065e-01 0.000000000000000000e+00 9.422382671480143967e-01 0.000000000000000000e+00 
1.995868794620037079e-02 3.149192631244659424e-01 0.000000000000000000e+00 1.000000000000000000e+00 8.942307692307692735e-01 0.000000000000000000e+00 8.575581395348836899e-01 0.000000000000000000e+00 9.392857142857142794e-01 0.000000000000000000e+00 
1.178706157952547073e-02 3.069580197334289551e-01 0.000000000000000000e+00 1.000000000000000000e+00 8.942307692307692735e-01 0.000000000000000000e+00 8.773006134969325576e-01 0.000000000000000000e+00 9.127516778523490082e-01 0.000000000000000000e+00 
1.144369319081306458e-02 3.451289236545562744e-01 0.000000000000000000e+00 1.000000000000000000e+00 8.958333333333333703e-01 0.000000000000000000e+00 8.478873239436619524e-01 0.000000000000000000e+00 9.591078066914497935e-01 0.000000000000000000e+00 
1.049648784101009369e-02 3.205440342426300049e-01 0.000000000000000000e+00 1.000000000000000000e+00 8.942307692307692735e-01 0.000000000000000000e+00 8.617647058823529882e-01 0.000000000000000000e+00 9.330985915492957528e-01 0.000000000000000000e+00 
8.229052647948265076e-03 3.251478075981140137e-01 0.000000000000000000e+00 1.000000000000000000e+00 9.006410256410256610e-01 0.000000000000000000e+00 8.654970760233917648e-01 0.000000000000000000e+00 9.432624113475177596e-01 0.000000000000000000e+00 
1.243072841316461563e-02 3.294162452220916748e-01 0.000000000000000000e+00 1.000000000000000000e+00 9.006410256410256610e-01 0.000000000000000000e+00 8.654970760233917648e-01 0.000000000000000000e+00 9.432624113475177596e-01 0.000000000000000000e+00 
7.750962860882282257e-03 3.413487076759338379e-01 0.000000000000000000e+00 1.000000000000000000e+00 8.974358974358974672e-01 0.000000000000000000e+00 8.522727272727272929e-01 0.000000000000000000e+00 9.558823529411765163e-01 0.000000000000000000e+00 
6.251611746847629547e-03 3.250654339790344238e-01 0.000000000000000000e+00 1.000000000000000000e+00 9.038461538461538547e-01 0.000000000000000000e+00 8.772455089820359042e-01 0.000000000000000000e+00 9.344827586206896353e-01 0.000000000000000000e+00 
5.562345497310161591e-03 3.250231742858886719e-01 0.000000000000000000e+00 1.000000000000000000e+00 9.054487179487179516e-01 0.000000000000000000e+00 8.798798798798799226e-01 0.000000000000000000e+00 9.347079037800687384e-01 0.000000000000000000e+00 
5.957610905170440674e-03 3.314707875251770020e-01 0.000000000000000000e+00 1.000000000000000000e+00 9.054487179487179516e-01 0.000000000000000000e+00 8.798798798798799226e-01 0.000000000000000000e+00 9.347079037800687384e-01 0.000000000000000000e+00 
5.017202813178300858e-03 3.384024500846862793e-01 0.000000000000000000e+00 1.000000000000000000e+00 9.070512820512820484e-01 0.000000000000000000e+00 8.802395209580838875e-01 0.000000000000000000e+00 9.379310344827586077e-01 0.000000000000000000e+00 
5.009792279452085495e-03 3.725539147853851318e-01 0.000000000000000000e+00 1.000000000000000000e+00 8.990384615384615641e-01 0.000000000000000000e+00 8.547008547008546619e-01 0.000000000000000000e+00 9.560439560439560891e-01 0.000000000000000000e+00 
5.264380481094121933e-03 3.640801012516021729e-01 0.000000000000000000e+00 1.000000000000000000e+00 9.022435897435897578e-01 0.000000000000000000e+00 8.595988538681947899e-01 0.000000000000000000e+00 9.563636363636364157e-01 0.000000000000000000e+00 
4.583033267408609390e-03 3.563232123851776123e-01 0.000000000000000000e+00 1.000000000000000000e+00 9.022435897435897578e-01 0.000000000000000000e+00 8.680351906158357833e-01 0.000000000000000000e+00 9.434628975265018092e-01 0.000000000000000000e+00 
4.346939921379089355e-02 3.558328747749328613e-01 0.000000000000000000e+00 9.921875000000000000e-01 9.038461538461538547e-01 0.000000000000000000e+00 8.705882352941176627e-01 0.000000000000000000e+00 9.436619718309858795e-01 0.000000000000000000e+00 
5.214048083871603012e-03 3.379354774951934814e-01 0.000000000000000000e+00 1.000000000000000000e+00 9.070512820512820484e-01 0.000000000000000000e+00 8.848484848484848841e-01 0.000000000000000000e+00 9.319727891156462940e-01 0.000000000000000000e+00 
5.885753780603408813e-03 3.481380343437194824e-01 0.000000000000000000e+00 1.000000000000000000e+00 9.086538461538461453e-01 0.000000000000000000e+00 8.805970149253731227e-01 0.000000000000000000e+00 9.411764705882352811e-01 0.000000000000000000e+00 
3.822019789367914200e-03 3.686666190624237061e-01 0.000000000000000000e+00 1.000000000000000000e+00 9.070512820512820484e-01 0.000000000000000000e+00 8.670520231213872941e-01 0.000000000000000000e+00 9.568345323741007658e-01 0.000000000000000000e+00 
3.463936271145939827e-03 3.692490160465240479e-01 0.000000000000000000e+00 1.000000000000000000e+00 9.070512820512820484e-01 0.000000000000000000e+00 8.670520231213872941e-01 0.000000000000000000e+00 9.568345323741007658e-01 0.000000000000000000e+00 
3.177219536155462265e-03 3.768024742603302002e-01 0.000000000000000000e+00 1.000000000000000000e+00 9.054487179487179516e-01 0.000000000000000000e+00 8.624641833810888780e-01 0.000000000000000000e+00 9.599999999999999645e-01 0.000000000000000000e+00 
3.376291599124670029e-03 3.787244260311126709e-01 0.000000000000000000e+00 1.000000000000000000e+00 9.054487179487179516e-01 0.000000000000000000e+00 8.624641833810888780e-01 0.000000000000000000e+00 9.599999999999999645e-01 0.000000000000000000e+00 
3.156511113047599792e-03 3.639322519302368164e-01 0.000000000000000000e+00 1.000000000000000000e+00 9.086538461538461453e-01 0.000000000000000000e+00 8.739002932551319658e-01 0.000000000000000000e+00 9.505300353356890275e-01 0.000000000000000000e+00 
3.104255534708499908e-03 3.649296462535858154e-01 0.000000000000000000e+00 1.000000000000000000e+00 9.102564102564102422e-01 0.000000000000000000e+00 8.764705882352941124e-01 0.000000000000000000e+00 9.507042253521126307e-01 0.000000000000000000e+00 
3.080235561355948448e-03 3.635634183883666992e-01 0.000000000000000000e+00 1.000000000000000000e+00 9.070512820512820484e-01 0.000000000000000000e+00 8.757396449704142327e-01 0.000000000000000000e+00 9.440559440559440629e-01 0.000000000000000000e+00 
2.571554854512214661e-03 3.669989407062530518e-01 0.000000000000000000e+00 1.000000000000000000e+00 9.086538461538461453e-01 0.000000000000000000e+00 8.761061946902655162e-01 0.000000000000000000e+00 9.473684210526315264e-01 0.000000000000000000e+00 
2.696368843317031860e-03 4.118646085262298584e-01 0.000000000000000000e+00 1.000000000000000000e+00 9.038461538461538547e-01 0.000000000000000000e+00 8.559322033898305593e-01 0.000000000000000000e+00 9.666666666666666741e-01 0.000000000000000000e+00 
2.506267046555876732e-03 4.011551141738891602e-01 0.000000000000000000e+00 1.000000000000000000e+00 9.038461538461538547e-01 0.000000000000000000e+00 8.579545454545454142e-01 0.000000000000000000e+00 9.632352941176470784e-01 0.000000000000000000e+00 
2.593629527837038040e-03 4.015336334705352783e-01 0.000000000000000000e+00 1.000000000000000000e+00 9.086538461538461453e-01 0.000000000000000000e+00 8.653295128939828551e-01 0.000000000000000000e+00 9.636363636363636243e-01 0.000000000000000000e+00 
2.298114355653524399e-03 3.674198687076568604e-01 0.000000000000000000e+00 1.000000000000000000e+00 9.102564102564102422e-01 0.000000000000000000e+00 8.809523809523809312e-01 0.000000000000000000e+00 9.444444444444444198e-01 0.000000000000000000e+00 
2.299206797033548355e-03 3.530931770801544189e-01 0.000000000000000000e+00 1.000000000000000000e+00 9.070512820512820484e-01 0.000000000000000000e+00 8.848484848484848841e-01 0.000000000000000000e+00 9.319727891156462940e-01 0.000000000000000000e+00 
2.220549155026674271e-03 3.535486459732055664e-01 0.000000000000000000e+00 1.000000000000000000e+00 9.086538461538461453e-01 0.000000000000000000e+00 8.875379939209726565e-01 0.000000000000000000e+00 9.322033898305084332e-01 0.000000000000000000e+00 
2.426235470920801163e-03 3.639681339263916016e-01 0.000000000000000000e+00 1.000000000000000000e+00 9.102564102564102422e-01 0.000000000000000000e+00 8.832335329341317598e-01 0.000000000000000000e+00 9.413793103448275801e-01 0.000000000000000000e+00 
2.055703196674585342e-03 3.730705380439758301e-01 0.000000000000000000e+00 1.000000000000000000e+00 9.134615384615384359e-01 0.000000000000000000e+00 8.816568047337277614e-01 0.000000000000000000e+00 9.510489510489510412e-01 0.000000000000000000e+00 
2.055627759546041489e-03 3.752010166645050049e-01 0.000000000000000000e+00 1.000000000000000000e+00 9.134615384615384359e-01 0.000000000000000000e+00 8.816568047337277614e-01 0.000000000000000000e+00 9.510489510489510412e-01 0.000000000000000000e+00 
2.031868789345026016e-03 3.735201358795166016e-01 0.000000000000000000e+00 1.000000000000000000e+00 9.102564102564102422e-01 0.000000000000000000e+00 8.809523809523809312e-01 0.000000000000000000e+00 9.444444444444444198e-01 0.000000000000000000e+00 
1.909044920466840267e-03 3.753190338611602783e-01 0.000000000000000000e+00 1.000000000000000000e+00 9.102564102564102422e-01 0.000000000000000000e+00 8.809523809523809312e-01 0.000000000000000000e+00 9.444444444444444198e-01 0.000000000000000000e+00 
1.875922083854675293e-03 3.745642304420471191e-01 0.000000000000000000e+00 1.000000000000000000e+00 9.118589743589743390e-01 0.000000000000000000e+00 8.835820895522388252e-01 0.000000000000000000e+00 9.446366782006920815e-01 0.000000000000000000e+00 
1.923870760947465897e-03 3.816207647323608398e-01 0.000000000000000000e+00 1.000000000000000000e+00 9.134615384615384359e-01 0.000000000000000000e+00 8.816568047337277614e-01 0.000000000000000000e+00 9.510489510489510412e-01 0.000000000000000000e+00 
1.820096164010465145e-03 3.860837519168853760e-01 0.000000000000000000e+00 1.000000000000000000e+00 9.134615384615384359e-01 0.000000000000000000e+00 8.816568047337277614e-01 0.000000000000000000e+00 9.510489510489510412e-01 0.000000000000000000e+00 
1.903637312352657318e-03 3.872804641723632812e-01 0.000000000000000000e+00 1.000000000000000000e+00 9.134615384615384359e-01 0.000000000000000000e+00 8.816568047337277614e-01 0.000000000000000000e+00 9.510489510489510412e-01 0.000000000000000000e+00 
1.852994202636182308e-03 3.888644278049468994e-01 0.000000000000000000e+00 1.000000000000000000e+00 9.134615384615384359e-01 0.000000000000000000e+00 8.816568047337277614e-01 0.000000000000000000e+00 9.510489510489510412e-01 0.000000000000000000e+00 
1.715545775368809700e-03 3.900546431541442871e-01 0.000000000000000000e+00 1.000000000000000000e+00 9.134615384615384359e-01 0.000000000000000000e+00 8.816568047337277614e-01 0.000000000000000000e+00 9.510489510489510412e-01 0.000000000000000000e+00 
1.643745694309473038e-03 3.909852504730224609e-01 0.000000000000000000e+00 1.000000000000000000e+00 9.118589743589743390e-01 0.000000000000000000e+00 8.835820895522388252e-01 0.000000000000000000e+00 9.446366782006920815e-01 0.000000000000000000e+00 
1.621528994292020798e-03 3.914367556571960449e-01 0.000000000000000000e+00 1.000000000000000000e+00 9.118589743589743390e-01 0.000000000000000000e+00 8.835820895522388252e-01 0.000000000000000000e+00 9.446366782006920815e-01 0.000000000000000000e+00 
1.586152939125895500e-03 3.896073102951049805e-01 0.000000000000000000e+00 1.000000000000000000e+00 9.102564102564102422e-01 0.000000000000000000e+00 8.832335329341317598e-01 0.000000000000000000e+00 9.413793103448275801e-01 0.000000000000000000e+00 
1.474031014367938042e-03 3.848359584808349609e-01 0.000000000000000000e+00 1.000000000000000000e+00 9.102564102564102422e-01 0.000000000000000000e+00 8.832335329341317598e-01 0.000000000000000000e+00 9.413793103448275801e-01 0.000000000000000000e+00 
1.626433804631233215e-03 3.867051601409912109e-01 0.000000000000000000e+00 1.000000000000000000e+00 9.102564102564102422e-01 0.000000000000000000e+00 8.832335329341317598e-01 0.000000000000000000e+00 9.413793103448275801e-01 0.000000000000000000e+00 
1.467083580791950226e-03 3.854409158229827881e-01 0.000000000000000000e+00 1.000000000000000000e+00 9.102564102564102422e-01 0.000000000000000000e+00 8.832335329341317598e-01 0.000000000000000000e+00 9.413793103448275801e-01 0.000000000000000000e+00 
1.403172616846859455e-03 3.870624303817749023e-01 0.000000000000000000e+00 1.000000000000000000e+00 9.102564102564102422e-01 0.000000000000000000e+00 8.832335329341317598e-01 0.000000000000000000e+00 9.413793103448275801e-01 0.000000000000000000e+00 
5.553565453737974167e-03 3.968675434589385986e-01 0.000000000000000000e+00 1.000000000000000000e+00 9.118589743589743390e-01 0.000000000000000000e+00 8.835820895522388252e-01 0.000000000000000000e+00 9.446366782006920815e-01 0.000000000000000000e+00 
1.400536857545375824e-03 4.628767967224121094e-01 0.000000000000000000e+00 1.000000000000000000e+00 9.118589743589743390e-01 0.000000000000000000e+00 8.660968660968660915e-01 0.000000000000000000e+00 9.706959706959706891e-01 0.000000000000000000e+00 
1.892019994556903839e-03 4.817102849483489990e-01 0.000000000000000000e+00 1.000000000000000000e+00 9.038461538461538547e-01 0.000000000000000000e+00 8.519553072625698498e-01 0.000000000000000000e+00 9.736842105263158187e-01 0.000000000000000000e+00 
1.421585679054260254e-03 4.641348123550415039e-01 0.000000000000000000e+00 1.000000000000000000e+00 9.118589743589743390e-01 0.000000000000000000e+00 8.660968660968660915e-01 0.000000000000000000e+00 9.706959706959706891e-01 0.000000000000000000e+00 
1.273755682632327080e-03 4.454663097858428955e-01 0.000000000000000000e+00 1.000000000000000000e+00 9.102564102564102422e-01 0.000000000000000000e+00 8.678160919540229834e-01 0.000000000000000000e+00 9.637681159420289356e-01 0.000000000000000000e+00 
1.225639018230140209e-03 4.332151114940643311e-01 0.000000000000000000e+00 1.000000000000000000e+00 9.102564102564102422e-01 0.000000000000000000e+00 8.699421965317919447e-01 0.000000000000000000e+00 9.604316546762590168e-01 0.000000000000000000e+00 
6.679305341094732285e-03 3.842598795890808105e-01 0.000000000000000000e+00 9.921875000000000000e-01 9.134615384615384359e-01 0.000000000000000000e+00 8.981481481481481399e-01 0.000000000000000000e+00 9.300000000000000488e-01 0.000000000000000000e+00 
1.642623101361095905e-03 3.999896645545959473e-01 0.000000000000000000e+00 1.000000000000000000e+00 9.038461538461538547e-01 0.000000000000000000e+00 9.285714285714286031e-01 0.000000000000000000e+00 8.818181818181818343e-01 0.000000000000000000e+00 
1.128792762756347656e-03 3.757927417755126953e-01 0.000000000000000000e+00 1.000000000000000000e+00 9.198717948717948234e-01 0.000000000000000000e+00 8.875739644970414011e-01 0.000000000000000000e+00 9.580419580419580194e-01 0.000000000000000000e+00 
1.215025084093213081e-03 4.053829312324523926e-01 0.000000000000000000e+00 1.000000000000000000e+00 9.198717948717948234e-01 0.000000000000000000e+00 8.786127167630057855e-01 0.000000000000000000e+00 9.712230215827337698e-01 0.000000000000000000e+00 
1.191370305605232716e-03 4.100009500980377197e-01 0.000000000000000000e+00 1.000000000000000000e+00 9.198717948717948234e-01 0.000000000000000000e+00 8.786127167630057855e-01 0.000000000000000000e+00 9.712230215827337698e-01 0.000000000000000000e+00 
1.154270372353494167e-03 4.004326760768890381e-01 0.000000000000000000e+00 1.000000000000000000e+00 9.198717948717948234e-01 0.000000000000000000e+00 8.808139534883721034e-01 0.000000000000000000e+00 9.678571428571428603e-01 0.000000000000000000e+00 
1.092853024601936340e-03 3.900195658206939697e-01 0.000000000000000000e+00 1.000000000000000000e+00 9.214743589743589203e-01 0.000000000000000000e+00 8.833819241982506787e-01 0.000000000000000000e+00 9.679715302491103124e-01 0.000000000000000000e+00 
1.096762018278241158e-03 3.809998631477355957e-01 0.000000000000000000e+00 1.000000000000000000e+00 9.214743589743589203e-01 0.000000000000000000e+00 8.856304985337243307e-01 0.000000000000000000e+00 9.646643109540635752e-01 0.000000000000000000e+00 
1.061265589669346809e-03 3.762232363224029541e-01 0.000000000000000000e+00 1.000000000000000000e+00 9.198717948717948234e-01 0.000000000000000000e+00 8.875739644970414011e-01 0.000000000000000000e+00 9.580419580419580194e-01 0.000000000000000000e+00 
1.046803547069430351e-03 3.732037842273712158e-01 0.000000000000000000e+00 1.000000000000000000e+00 9.246794871794872250e-01 0.000000000000000000e+00 8.978978978978978676e-01 0.000000000000000000e+00 9.553264604810997040e-01 0.000000000000000000e+00 
9.835138916969299316e-04 3.717078566551208496e-01 0.000000000000000000e+00 1.000000000000000000e+00 9.246794871794872250e-01 0.000000000000000000e+00 9.003021148036254306e-01 0.000000000000000000e+00 9.522184300341296481e-01 0.000000000000000000e+00 
1.011193264275789261e-03 3.711195290088653564e-01 0.000000000000000000e+00 1.000000000000000000e+00 9.246794871794872250e-01 0.000000000000000000e+00 9.003021148036254306e-01 0.000000000000000000e+00 9.522184300341296481e-01 0.000000000000000000e+00 
1.015128334984183311e-03 3.707477748394012451e-01 0.000000000000000000e+00 1.000000000000000000e+00 9.262820512820513219e-01 0.000000000000000000e+00 9.030303030303030720e-01 0.000000000000000000e+00 9.523809523809523281e-01 0.000000000000000000e+00 
9.960933821275830269e-04 3.709016442298889160e-01 0.000000000000000000e+00 1.000000000000000000e+00 9.262820512820513219e-01 0.000000000000000000e+00 9.054878048780488076e-01 0.000000000000000000e+00 9.493243243243243423e-01 0.000000000000000000e+00 
9.640042553655803204e-04 3.805670738220214844e-01 0.000000000000000000e+00 1.000000000000000000e+00 9.230769230769231282e-01 0.000000000000000000e+00 8.928571428571429047e-01 0.000000000000000000e+00 9.583333333333333703e-01 0.000000000000000000e+00 
9.537700680084526539e-04 3.858337402343750000e-01 0.000000000000000000e+00 1.000000000000000000e+00 9.214743589743589203e-01 0.000000000000000000e+00 8.879056047197639856e-01 0.000000000000000000e+00 9.614035087719298156e-01 0.000000000000000000e+00 
9.346507722511887550e-04 3.862110376358032227e-01 0.000000000000000000e+00 1.000000000000000000e+00 9.230769230769231282e-01 0.000000000000000000e+00 8.905325443786982209e-01 0.000000000000000000e+00 9.615384615384615641e-01 0.000000000000000000e+00 
9.144507348537445068e-04 3.850066959857940674e-01 0.000000000000000000e+00 1.000000000000000000e+00 9.230769230769231282e-01 0.000000000000000000e+00 8.928571428571429047e-01 0.000000000000000000e+00 9.583333333333333703e-01 0.000000000000000000e+00 
9.051116649061441422e-04 3.840694129467010498e-01 0.000000000000000000e+00 1.000000000000000000e+00 9.230769230769231282e-01 0.000000000000000000e+00 8.928571428571429047e-01 0.000000000000000000e+00 9.583333333333333703e-01 0.000000000000000000e+00 
9.343874407932162285e-04 3.837151229381561279e-01 0.000000000000000000e+00 1.000000000000000000e+00 9.230769230769231282e-01 0.000000000000000000e+00 8.952095808383233599e-01 0.000000000000000000e+00 9.551724137931034697e-01 0.000000000000000000e+00 
8.851299062371253967e-04 3.831453025341033936e-01 0.000000000000000000e+00 1.000000000000000000e+00 9.214743589743589203e-01 0.000000000000000000e+00 8.948948948948949322e-01 0.000000000000000000e+00 9.518900343642611173e-01 0.000000000000000000e+00 
8.725250372663140297e-04 4.103841483592987061e-01 0.000000000000000000e+00 1.000000000000000000e+00 9.214743589743589203e-01 0.000000000000000000e+00 8.833819241982506787e-01 0.000000000000000000e+00 9.679715302491103124e-01 0.000000000000000000e+00 
1.052209292538464069e-03 4.638215005397796631e-01 0.000000000000000000e+00 1.000000000000000000e+00 9.102564102564102422e-01 0.000000000000000000e+00 8.615819209039548010e-01 0.000000000000000000e+00 9.740740740740740922e-01 0.000000000000000000e+00 
9.415890672244131565e-04 4.601598083972930908e-01 0.000000000000000000e+00 1.000000000000000000e+00 9.118589743589743390e-01 0.000000000000000000e+00 8.640226628895184557e-01 0.000000000000000000e+00 9.741697416974169910e-01 0.000000000000000000e+00 
8.867364376783370972e-04 4.427255690097808838e-01 0.000000000000000000e+00 1.000000000000000000e+00 9.166666666666666297e-01 0.000000000000000000e+00 8.735632183908046411e-01 0.000000000000000000e+00 9.710144927536231707e-01 0.000000000000000000e+00 
9.374404326081275940e-04 4.272069633007049561e-01 0.000000000000000000e+00 1.000000000000000000e+00 9.198717948717948234e-01 0.000000000000000000e+00 8.786127167630057855e-01 0.000000000000000000e+00 9.712230215827337698e-01 0.000000000000000000e+00 
8.388728601858019829e-04 4.147669672966003418e-01 0.000000000000000000e+00 1.000000000000000000e+00 9.182692307692307265e-01 0.000000000000000000e+00 8.782608695652174280e-01 0.000000000000000000e+00 9.677419354838709964e-01 0.000000000000000000e+00 
8.460921235382556915e-04 4.060980975627899170e-01 0.000000000000000000e+00 1.000000000000000000e+00 9.214743589743589203e-01 0.000000000000000000e+00 8.833819241982506787e-01 0.000000000000000000e+00 9.679715302491103124e-01 0.000000000000000000e+00 
8.228154620155692101e-04 3.982758820056915283e-01 0.000000000000000000e+00 1.000000000000000000e+00 9.246794871794872250e-01 0.000000000000000000e+00 8.885630498533724220e-01 0.000000000000000000e+00 9.681978798586572399e-01 0.000000000000000000e+00 
8.206146303564310074e-04 3.970900475978851318e-01 0.000000000000000000e+00 1.000000000000000000e+00 9.246794871794872250e-01 0.000000000000000000e+00 8.908554572271386585e-01 0.000000000000000000e+00 9.649122807017543879e-01 0.000000000000000000e+00 
7.926477119326591492e-04 4.038947522640228271e-01 0.000000000000000000e+00 1.000000000000000000e+00 9.214743589743589203e-01 0.000000000000000000e+00 8.833819241982506787e-01 0.000000000000000000e+00 9.679715302491103124e-01 0.000000000000000000e+00 
8.056497317738831043e-04 4.045045971870422363e-01 0.000000000000000000e+00 1.000000000000000000e+00 9.214743589743589203e-01 0.000000000000000000e+00 8.833819241982506787e-01 0.000000000000000000e+00 9.679715302491103124e-01 0.000000000000000000e+00 
7.844686042517423630e-04 4.020829498767852783e-01 0.000000000000000000e+00 1.000000000000000000e+00 9.230769230769231282e-01 0.000000000000000000e+00 8.859649122807017330e-01 0.000000000000000000e+00 9.680851063829787329e-01 0.000000000000000000e+00 
8.855449268594384193e-04 3.988066911697387695e-01 0.000000000000000000e+00 1.000000000000000000e+00 9.262820512820513219e-01 0.000000000000000000e+00 8.934911242603550408e-01 0.000000000000000000e+00 9.650349650349649977e-01 0.000000000000000000e+00 
7.733515230938792229e-04 3.944976031780242920e-01 0.000000000000000000e+00 1.000000000000000000e+00 9.294871794871795156e-01 0.000000000000000000e+00 8.988095238095238360e-01 0.000000000000000000e+00 9.652777777777777901e-01 0.000000000000000000e+00 
7.401896873489022255e-04 3.921532928943634033e-01 0.000000000000000000e+00 1.000000000000000000e+00 9.278846153846154188e-01 0.000000000000000000e+00 8.985074626865671155e-01 0.000000000000000000e+00 9.619377162629757505e-01 0.000000000000000000e+00 
7.371304673142731190e-04 3.917882442474365234e-01 0.000000000000000000e+00 1.000000000000000000e+00 9.262820512820513219e-01 0.000000000000000000e+00 8.982035928143712322e-01 0.000000000000000000e+00 9.586206896551724421e-01 0.000000000000000000e+00 
7.608961313962936401e-04 3.917405307292938232e-01 0.000000000000000000e+00 1.000000000000000000e+00 9.246794871794872250e-01 0.000000000000000000e+00 8.978978978978978676e-01 0.000000000000000000e+00 9.553264604810997040e-01 0.000000000000000000e+00 
7.251587812788784504e-04 3.915254771709442139e-01 0.000000000000000000e+00 1.000000000000000000e+00 9.246794871794872250e-01 0.000000000000000000e+00 8.978978978978978676e-01 0.000000000000000000e+00 9.553264604810997040e-01 0.000000000000000000e+00 
7.125488482415676117e-04 3.906588256359100342e-01 0.000000000000000000e+00 1.000000000000000000e+00 9.230769230769231282e-01 0.000000000000000000e+00 8.975903614457830804e-01 0.000000000000000000e+00 9.520547945205479756e-01 0.000000000000000000e+00 
7.551710004918277264e-04 3.903721272945404053e-01 0.000000000000000000e+00 1.000000000000000000e+00 9.262820512820513219e-01 0.000000000000000000e+00 9.030303030303030720e-01 0.000000000000000000e+00 9.523809523809523281e-01 0.000000000000000000e+00 
6.947797373868525028e-04 3.902726769447326660e-01 0.000000000000000000e+00 1.000000000000000000e+00 9.262820512820513219e-01 0.000000000000000000e+00 9.030303030303030720e-01 0.000000000000000000e+00 9.523809523809523281e-01 0.000000000000000000e+00 
7.033895235508680344e-04 3.927465081214904785e-01 0.000000000000000000e+00 1.000000000000000000e+00 9.230769230769231282e-01 0.000000000000000000e+00 8.975903614457830804e-01 0.000000000000000000e+00 9.520547945205479756e-01 0.000000000000000000e+00 
6.958540761843323708e-04 3.956105709075927734e-01 0.000000000000000000e+00 1.000000000000000000e+00 9.246794871794872250e-01 0.000000000000000000e+00 8.978978978978978676e-01 0.000000000000000000e+00 9.553264604810997040e-01 0.000000000000000000e+00 
6.872914964333176613e-04 3.968973457813262939e-01 0.000000000000000000e+00 1.000000000000000000e+00 9.246794871794872250e-01 0.000000000000000000e+00 8.978978978978978676e-01 0.000000000000000000e+00 9.553264604810997040e-01 0.000000000000000000e+00 
6.814207299612462521e-04 3.971200585365295410e-01 0.000000000000000000e+00 1.000000000000000000e+00 9.246794871794872250e-01 0.000000000000000000e+00 8.978978978978978676e-01 0.000000000000000000e+00 9.553264604810997040e-01 0.000000000000000000e+00 
6.580873159691691399e-04 3.971704244613647461e-01 0.000000000000000000e+00 1.000000000000000000e+00 9.246794871794872250e-01 0.000000000000000000e+00 8.978978978978978676e-01 0.000000000000000000e+00 9.553264604810997040e-01 0.000000000000000000e+00 
6.559159373864531517e-04 3.970600664615631104e-01 0.000000000000000000e+00 1.000000000000000000e+00 9.230769230769231282e-01 0.000000000000000000e+00 8.975903614457830804e-01 0.000000000000000000e+00 9.520547945205479756e-01 0.000000000000000000e+00 
6.837055552750825882e-04 3.972064256668090820e-01 0.000000000000000000e+00 1.000000000000000000e+00 9.230769230769231282e-01 0.000000000000000000e+00 8.975903614457830804e-01 0.000000000000000000e+00 9.520547945205479756e-01 0.000000000000000000e+00 
6.660438375547528267e-04 3.968650698661804199e-01 0.000000000000000000e+00 1.000000000000000000e+00 9.262820512820513219e-01 0.000000000000000000e+00 9.030303030303030720e-01 0.000000000000000000e+00 9.523809523809523281e-01 0.000000000000000000e+00 
6.474748952314257622e-04 3.966167569160461426e-01 0.000000000000000000e+00 1.000000000000000000e+00 9.262820512820513219e-01 0.000000000000000000e+00 9.030303030303030720e-01 0.000000000000000000e+00 9.523809523809523281e-01 0.000000000000000000e+00 
6.289849407039582729e-04 3.964910805225372314e-01 0.000000000000000000e+00 1.000000000000000000e+00 9.262820512820513219e-01 0.000000000000000000e+00 9.030303030303030720e-01 0.000000000000000000e+00 9.523809523809523281e-01 0.000000000000000000e+00 
6.332254270091652870e-04 4.005716443061828613e-01 0.000000000000000000e+00 1.000000000000000000e+00 9.230769230769231282e-01 0.000000000000000000e+00 8.975903614457830804e-01 0.000000000000000000e+00 9.520547945205479756e-01 0.000000000000000000e+00 
7.116714841686189175e-04 4.026687741279602051e-01 0.000000000000000000e+00 1.000000000000000000e+00 9.246794871794872250e-01 0.000000000000000000e+00 8.978978978978978676e-01 0.000000000000000000e+00 9.553264604810997040e-01 0.000000000000000000e+00 
6.183506338857114315e-04 4.076199829578399658e-01 0.000000000000000000e+00 1.000000000000000000e+00 9.262820512820513219e-01 0.000000000000000000e+00 8.958333333333333703e-01 0.000000000000000000e+00 9.618055555555555802e-01 0.000000000000000000e+00 
6.360774859786033630e-04 4.111447036266326904e-01 0.000000000000000000e+00 1.000000000000000000e+00 9.278846153846154188e-01 0.000000000000000000e+00 8.961424332344213317e-01 0.000000000000000000e+00 9.651567944250870612e-01 0.000000000000000000e+00 
6.194991292431950569e-04 4.121640920639038086e-01 0.000000000000000000e+00 1.000000000000000000e+00 9.262820512820513219e-01 0.000000000000000000e+00 8.934911242603550408e-01 0.000000000000000000e+00 9.650349650349649977e-01 0.000000000000000000e+00 
6.192657165229320526e-04 4.118329584598541260e-01 0.000000000000000000e+00 1.000000000000000000e+00 9.278846153846154188e-01 0.000000000000000000e+00 8.961424332344213317e-01 0.000000000000000000e+00 9.651567944250870612e-01 0.000000000000000000e+00 
6.096786819398403168e-04 4.110077619552612305e-01 0.000000000000000000e+00 1.000000000000000000e+00 9.262820512820513219e-01 0.000000000000000000e+00 8.958333333333333703e-01 0.000000000000000000e+00 9.618055555555555802e-01 0.000000000000000000e+00 
5.971326609142124653e-04 4.101580083370208740e-01 0.000000000000000000e+00 1.000000000000000000e+00 9.230769230769231282e-01 0.000000000000000000e+00 8.952095808383233599e-01 0.000000000000000000e+00 9.551724137931034697e-01 0.000000000000000000e+00 
5.929898470640182495e-04 4.102720618247985840e-01 0.000000000000000000e+00 1.000000000000000000e+00 9.230769230769231282e-01 0.000000000000000000e+00 8.952095808383233599e-01 0.000000000000000000e+00 9.551724137931034697e-01 0.000000000000000000e+00 
5.988063057884573936e-04 4.107513427734375000e-01 0.000000000000000000e+00 1.000000000000000000e+00 9.230769230769231282e-01 0.000000000000000000e+00 8.952095808383233599e-01 0.000000000000000000e+00 9.551724137931034697e-01 0.000000000000000000e+00 
5.876759532839059830e-04 4.105158150196075439e-01 0.000000000000000000e+00 1.000000000000000000e+00 9.230769230769231282e-01 0.000000000000000000e+00 8.952095808383233599e-01 0.000000000000000000e+00 9.551724137931034697e-01 0.000000000000000000e+00 
5.830712616443634033e-04 4.110067784786224365e-01 0.000000000000000000e+00 1.000000000000000000e+00 9.230769230769231282e-01 0.000000000000000000e+00 8.952095808383233599e-01 0.000000000000000000e+00 9.551724137931034697e-01 0.000000000000000000e+00 
5.766286631114780903e-04 4.118856191635131836e-01 0.000000000000000000e+00 1.000000000000000000e+00 9.230769230769231282e-01 0.000000000000000000e+00 8.952095808383233599e-01 0.000000000000000000e+00 9.551724137931034697e-01 0.000000000000000000e+00 
5.719658220186829567e-04 4.123496115207672119e-01 0.000000000000000000e+00 1.000000000000000000e+00 9.230769230769231282e-01 0.000000000000000000e+00 8.952095808383233599e-01 0.000000000000000000e+00 9.551724137931034697e-01 0.000000000000000000e+00 
5.716528976336121559e-04 4.126361608505249023e-01 0.000000000000000000e+00 1.000000000000000000e+00 9.230769230769231282e-01 0.000000000000000000e+00 8.952095808383233599e-01 0.000000000000000000e+00 9.551724137931034697e-01 0.000000000000000000e+00 
5.698038148693740368e-04 4.112668335437774658e-01 0.000000000000000000e+00 1.000000000000000000e+00 9.230769230769231282e-01 0.000000000000000000e+00 8.975903614457830804e-01 0.000000000000000000e+00 9.520547945205479756e-01 0.000000000000000000e+00 
5.556704709306359291e-04 4.079450964927673340e-01 0.000000000000000000e+00 1.000000000000000000e+00 9.262820512820513219e-01 0.000000000000000000e+00 9.030303030303030720e-01 0.000000000000000000e+00 9.523809523809523281e-01 0.000000000000000000e+00 
5.363613017834722996e-04 4.070840477943420410e-01 0.000000000000000000e+00 1.000000000000000000e+00 9.262820512820513219e-01 0.000000000000000000e+00 9.030303030303030720e-01 0.000000000000000000e+00 9.523809523809523281e-01 0.000000000000000000e+00 
5.469520692713558674e-04 4.070096909999847412e-01 0.000000000000000000e+00 1.000000000000000000e+00 9.262820512820513219e-01 0.000000000000000000e+00 9.030303030303030720e-01 0.000000000000000000e+00 9.523809523809523281e-01 0.000000000000000000e+00 
5.487810121849179268e-04 4.072935283184051514e-01 0.000000000000000000e+00 1.000000000000000000e+00 9.262820512820513219e-01 0.000000000000000000e+00 9.030303030303030720e-01 0.000000000000000000e+00 9.523809523809523281e-01 0.000000000000000000e+00 
7.544474210590124130e-04 4.081346094608306885e-01 0.000000000000000000e+00 1.000000000000000000e+00 9.262820512820513219e-01 0.000000000000000000e+00 9.030303030303030720e-01 0.000000000000000000e+00 9.523809523809523281e-01 0.000000000000000000e+00 
5.372666055336594582e-04 4.121325612068176270e-01 0.000000000000000000e+00 1.000000000000000000e+00 9.262820512820513219e-01 0.000000000000000000e+00 9.030303030303030720e-01 0.000000000000000000e+00 9.523809523809523281e-01 0.000000000000000000e+00 
5.300770862959325314e-04 4.137267172336578369e-01 0.000000000000000000e+00 1.000000000000000000e+00 9.246794871794872250e-01 0.000000000000000000e+00 9.003021148036254306e-01 0.000000000000000000e+00 9.522184300341296481e-01 0.000000000000000000e+00 
5.239795427769422531e-04 4.145635962486267090e-01 0.000000000000000000e+00 1.000000000000000000e+00 9.246794871794872250e-01 0.000000000000000000e+00 9.003021148036254306e-01 0.000000000000000000e+00 9.522184300341296481e-01 0.000000000000000000e+00 
5.210982053540647030e-04 4.163226783275604248e-01 0.000000000000000000e+00 1.000000000000000000e+00 9.246794871794872250e-01 0.000000000000000000e+00 8.978978978978978676e-01 0.000000000000000000e+00 9.553264604810997040e-01 0.000000000000000000e+00 
5.202681059017777443e-04 4.176762402057647705e-01 0.000000000000000000e+00 1.000000000000000000e+00 9.230769230769231282e-01 0.000000000000000000e+00 8.952095808383233599e-01 0.000000000000000000e+00 9.551724137931034697e-01 0.000000000000000000e+00 
5.606092163361608982e-04 4.181948602199554443e-01 0.000000000000000000e+00 1.000000000000000000e+00 9.230769230769231282e-01 0.000000000000000000e+00 8.952095808383233599e-01 0.000000000000000000e+00 9.551724137931034697e-01 0.000000000000000000e+00 
5.063129356130957603e-04 4.188309609889984131e-01 0.000000000000000000e+00 1.000000000000000000e+00 9.230769230769231282e-01 0.000000000000000000e+00 8.952095808383233599e-01 0.000000000000000000e+00 9.551724137931034697e-01 0.000000000000000000e+00 
5.073751090094447136e-04 4.187535047531127930e-01 0.000000000000000000e+00 1.000000000000000000e+00 9.246794871794872250e-01 0.000000000000000000e+00 8.978978978978978676e-01 0.000000000000000000e+00 9.553264604810997040e-01 0.000000000000000000e+00 
5.075060180388391018e-04 4.187136888504028320e-01 0.000000000000000000e+00 1.000000000000000000e+00 9.246794871794872250e-01 0.000000000000000000e+00 9.003021148036254306e-01 0.000000000000000000e+00 9.522184300341296481e-01 0.000000000000000000e+00 
5.008501466363668442e-04 4.186327159404754639e-01 0.000000000000000000e+00 1.000000000000000000e+00 9.246794871794872250e-01 0.000000000000000000e+00 9.003021148036254306e-01 0.000000000000000000e+00 9.522184300341296481e-01 0.000000000000000000e+00 
5.105623276904225349e-04 4.185907840728759766e-01 0.000000000000000000e+00 1.000000000000000000e+00 9.262820512820513219e-01 0.000000000000000000e+00 9.030303030303030720e-01 0.000000000000000000e+00 9.523809523809523281e-01 0.000000000000000000e+00 
4.889754345640540123e-04 4.210297167301177979e-01 0.000000000000000000e+00 1.000000000000000000e+00 9.246794871794872250e-01 0.000000000000000000e+00 8.978978978978978676e-01 0.000000000000000000e+00 9.553264604810997040e-01 0.000000000000000000e+00 
4.925512475892901421e-04 4.241230785846710205e-01 0.000000000000000000e+00 1.000000000000000000e+00 9.230769230769231282e-01 0.000000000000000000e+00 8.952095808383233599e-01 0.000000000000000000e+00 9.551724137931034697e-01 0.000000000000000000e+00 
4.913074080832302570e-04 4.252427816390991211e-01 0.000000000000000000e+00 1.000000000000000000e+00 9.230769230769231282e-01 0.000000000000000000e+00 8.952095808383233599e-01 0.000000000000000000e+00 9.551724137931034697e-01 0.000000000000000000e+00 
4.808723460882902145e-04 4.254998564720153809e-01 0.000000000000000000e+00 1.000000000000000000e+00 9.230769230769231282e-01 0.000000000000000000e+00 8.952095808383233599e-01 0.000000000000000000e+00 9.551724137931034697e-01 0.000000000000000000e+00 
4.764609620906412601e-04 4.252375662326812744e-01 0.000000000000000000e+00 1.000000000000000000e+00 9.230769230769231282e-01 0.000000000000000000e+00 8.952095808383233599e-01 0.000000000000000000e+00 9.551724137931034697e-01 0.000000000000000000e+00 
4.780211893375962973e-04 4.260478317737579346e-01 0.000000000000000000e+00 1.000000000000000000e+00 9.230769230769231282e-01 0.000000000000000000e+00 8.952095808383233599e-01 0.000000000000000000e+00 9.551724137931034697e-01 0.000000000000000000e+00 
4.700219142250716686e-04 4.266077876091003418e-01 0.000000000000000000e+00 1.000000000000000000e+00 9.230769230769231282e-01 0.000000000000000000e+00 8.952095808383233599e-01 0.000000000000000000e+00 9.551724137931034697e-01 0.000000000000000000e+00 
4.657517129089683294e-04 4.278705418109893799e-01 0.000000000000000000e+00 1.000000000000000000e+00 9.230769230769231282e-01 0.000000000000000000e+00 8.952095808383233599e-01 0.000000000000000000e+00 9.551724137931034697e-01 0.000000000000000000e+00 
4.650920163840055466e-04 4.310268163681030273e-01 0.000000000000000000e+00 1.000000000000000000e+00 9.278846153846154188e-01 0.000000000000000000e+00 8.961424332344213317e-01 0.000000000000000000e+00 9.651567944250870612e-01 0.000000000000000000e+00 
4.631391493603587151e-04 4.327521622180938721e-01 0.000000000000000000e+00 1.000000000000000000e+00 9.262820512820513219e-01 0.000000000000000000e+00 8.934911242603550408e-01 0.000000000000000000e+00 9.650349650349649977e-01 0.000000000000000000e+00 
4.670227644965052605e-04 4.326469302177429199e-01 0.000000000000000000e+00 1.000000000000000000e+00 9.278846153846154188e-01 0.000000000000000000e+00 8.961424332344213317e-01 0.000000000000000000e+00 9.651567944250870612e-01 0.000000000000000000e+00 
4.709404893219470978e-04 4.322683811187744141e-01 0.000000000000000000e+00 1.000000000000000000e+00 9.278846153846154188e-01 0.000000000000000000e+00 8.961424332344213317e-01 0.000000000000000000e+00 9.651567944250870612e-01 0.000000000000000000e+00 
4.512892337515950203e-04 4.324030876159667969e-01 0.000000000000000000e+00 1.000000000000000000e+00 9.278846153846154188e-01 0.000000000000000000e+00 8.961424332344213317e-01 0.000000000000000000e+00 9.651567944250870612e-01 0.000000000000000000e+00 
4.492372099775820971e-04 4.096193015575408936e-01 0.000000000000000000e+00 1.000000000000000000e+00 9.214743589743589203e-01 0.000000000000000000e+00 9.046153846153845990e-01 0.000000000000000000e+00 9.397993311036789699e-01 0.000000000000000000e+00 
4.473485751077532768e-04 4.066038429737091064e-01 0.000000000000000000e+00 1.000000000000000000e+00 9.230769230769231282e-01 0.000000000000000000e+00 9.074074074074074403e-01 0.000000000000000000e+00 9.399999999999999467e-01 0.000000000000000000e+00 
4.432825662661343813e-04 4.061718881130218506e-01 0.000000000000000000e+00 1.000000000000000000e+00 9.262820512820513219e-01 0.000000000000000000e+00 9.079754601226993627e-01 0.000000000000000000e+00 9.463087248322147316e-01 0.000000000000000000e+00 
4.415207076817750931e-04 4.065363705158233643e-01 0.000000000000000000e+00 1.000000000000000000e+00 9.262820512820513219e-01 0.000000000000000000e+00 9.079754601226993627e-01 0.000000000000000000e+00 9.463087248322147316e-01 0.000000000000000000e+00 
4.443102516233921051e-04 4.073083996772766113e-01 0.000000000000000000e+00 1.000000000000000000e+00 9.262820512820513219e-01 0.000000000000000000e+00 9.079754601226993627e-01 0.000000000000000000e+00 9.463087248322147316e-01 0.000000000000000000e+00 
4.350752569735050201e-04 4.080258309841156006e-01 0.000000000000000000e+00 1.000000000000000000e+00 9.262820512820513219e-01 0.000000000000000000e+00 9.079754601226993627e-01 0.000000000000000000e+00 9.463087248322147316e-01 0.000000000000000000e+00 
4.352236865088343620e-04 4.087758064270019531e-01 0.000000000000000000e+00 1.000000000000000000e+00 9.278846153846154188e-01 0.000000000000000000e+00 9.082568807339449490e-01 0.000000000000000000e+00 9.494949494949495028e-01 0.000000000000000000e+00 
4.353220865596085787e-04 4.358893632888793945e-01 0.000000000000000000e+00 1.000000000000000000e+00 9.262820512820513219e-01 0.000000000000000000e+00 8.934911242603550408e-01 0.000000000000000000e+00 9.650349650349649977e-01 0.000000000000000000e+00 
6.196630420163273811e-04 4.795380234718322754e-01 0.000000000000000000e+00 1.000000000000000000e+00 9.214743589743589203e-01 0.000000000000000000e+00 8.811594202898550554e-01 0.000000000000000000e+00 9.713261648745519228e-01 0.000000000000000000e+00 
4.485627869144082069e-04 4.859074354171752930e-01 0.000000000000000000e+00 1.000000000000000000e+00 9.198717948717948234e-01 0.000000000000000000e+00 8.764367816091953589e-01 0.000000000000000000e+00 9.746376811594202882e-01 0.000000000000000000e+00 
4.456643364392220974e-04 4.837792217731475830e-01 0.000000000000000000e+00 1.000000000000000000e+00 9.214743589743589203e-01 0.000000000000000000e+00 8.789625360230547413e-01 0.000000000000000000e+00 9.747292418772562916e-01 0.000000000000000000e+00 
4.353787517175078392e-04 4.783472418785095215e-01 0.000000000000000000e+00 1.000000000000000000e+00 9.214743589743589203e-01 0.000000000000000000e+00 8.811594202898550554e-01 0.000000000000000000e+00 9.713261648745519228e-01 0.000000000000000000e+00 
5.769763607531785965e-03 8.011041879653930664e-01 0.000000000000000000e+00 1.000000000000000000e+00 8.685897435897436125e-01 0.000000000000000000e+00 7.933673469387755306e-01 0.000000000000000000e+00 9.956896551724138122e-01 0.000000000000000000e+00 
4.287317860871553421e-04 3.497149646282196045e-01 0.000000000000000000e+00 1.000000000000000000e+00 9.342948717948718063e-01 0.000000000000000000e+00 9.247648902821317130e-01 0.000000000000000000e+00 9.442622950819672401e-01 0.000000000000000000e+00 
4.159964155405759811e-04 3.228802978992462158e-01 0.000000000000000000e+00 1.000000000000000000e+00 9.391025641025640969e-01 0.000000000000000000e+00 9.254658385093167405e-01 0.000000000000000000e+00 9.536423841059602502e-01 0.000000000000000000e+00 
4.858343745581805706e-04 5.140684843063354492e-01 0.000000000000000000e+00 1.000000000000000000e+00 9.134615384615384359e-01 0.000000000000000000e+00 8.583333333333332815e-01 0.000000000000000000e+00 9.886363636363636465e-01 0.000000000000000000e+00 
5.829510628245770931e-04 4.490080177783966064e-01 0.000000000000000000e+00 1.000000000000000000e+00 9.230769230769231282e-01 0.000000000000000000e+00 8.793103448275861878e-01 0.000000000000000000e+00 9.782608695652174058e-01 0.000000000000000000e+00 
4.205307632219046354e-04 2.578730583190917969e-01 0.000000000000000000e+00 1.000000000000000000e+00 9.455128205128204844e-01 0.000000000000000000e+00 9.237804878048780921e-01 0.000000000000000000e+00 9.695945945945946276e-01 0.000000000000000000e+00 
4.260722198523581028e-04 2.234847545623779297e-01 0.000000000000000000e+00 1.000000000000000000e+00 9.551282051282051766e-01 0.000000000000000000e+00 9.580645161290322065e-01 0.000000000000000000e+00 9.522292993630573354e-01 0.000000000000000000e+00 
4.223217838443815708e-04 2.330913990736007690e-01 0.000000000000000000e+00 1.000000000000000000e+00 9.455128205128204844e-01 0.000000000000000000e+00 9.633333333333333748e-01 0.000000000000000000e+00 9.290123456790123635e-01 0.000000000000000000e+00 
4.233272047713398933e-04 2.341523766517639160e-01 0.000000000000000000e+00 1.000000000000000000e+00 9.455128205128204844e-01 0.000000000000000000e+00 9.633333333333333748e-01 0.000000000000000000e+00 9.290123456790123635e-01 0.000000000000000000e+00 
4.106285341549664736e-04 2.261242568492889404e-01 0.000000000000000000e+00 1.000000000000000000e+00 9.535256410256410797e-01 0.000000000000000000e+00 9.609120521172638263e-01 0.000000000000000000e+00 9.463722397476340698e-01 0.000000000000000000e+00 
4.097040800843387842e-04 2.220381796360015869e-01 0.000000000000000000e+00 1.000000000000000000e+00 9.551282051282051766e-01 0.000000000000000000e+00 9.580645161290322065e-01 0.000000000000000000e+00 9.522292993630573354e-01 0.000000000000000000e+00 
4.128438013140112162e-04 2.215039283037185669e-01 0.000000000000000000e+00 1.000000000000000000e+00 9.535256410256410797e-01 0.000000000000000000e+00 9.549839228295819993e-01 0.000000000000000000e+00 9.520766773162939733e-01 0.000000000000000000e+00 
3.929179511032998562e-04 2.220363914966583252e-01 0.000000000000000000e+00 1.000000000000000000e+00 9.519230769230768718e-01 0.000000000000000000e+00 9.519230769230768718e-01 0.000000000000000000e+00 9.519230769230768718e-01 0.000000000000000000e+00 
4.010403645224869251e-04 2.236831188201904297e-01 0.000000000000000000e+00 1.000000000000000000e+00 9.599358974358974672e-01 0.000000000000000000e+00 9.526813880126182577e-01 0.000000000000000000e+00 9.674267100977198552e-01 0.000000000000000000e+00 
3.936744760721921921e-04 2.985068559646606445e-01 0.000000000000000000e+00 1.000000000000000000e+00 9.455128205128204844e-01 0.000000000000000000e+00 9.186746987951807109e-01 0.000000000000000000e+00 9.760273972602739878e-01 0.000000000000000000e+00 
4.084379179403185844e-04 3.653832077980041504e-01 0.000000000000000000e+00 1.000000000000000000e+00 9.326923076923077094e-01 0.000000000000000000e+00 8.947368421052631637e-01 0.000000000000000000e+00 9.787234042553191182e-01 0.000000000000000000e+00 
4.143812693655490875e-04 3.903241157531738281e-01 0.000000000000000000e+00 1.000000000000000000e+00 9.310897435897436125e-01 0.000000000000000000e+00 8.898550724637681597e-01 0.000000000000000000e+00 9.820788530465950350e-01 0.000000000000000000e+00 
4.157523217145353556e-04 3.968130052089691162e-01 0.000000000000000000e+00 1.000000000000000000e+00 9.310897435897436125e-01 0.000000000000000000e+00 8.898550724637681597e-01 0.000000000000000000e+00 9.820788530465950350e-01 0.000000000000000000e+00 
4.143507103435695171e-04 3.936048746109008789e-01 0.000000000000000000e+00 1.000000000000000000e+00 9.310897435897436125e-01 0.000000000000000000e+00 8.898550724637681597e-01 0.000000000000000000e+00 9.820788530465950350e-01 0.000000000000000000e+00 
4.014240694232285023e-04 3.864529132843017578e-01 0.000000000000000000e+00 1.000000000000000000e+00 9.310897435897436125e-01 0.000000000000000000e+00 8.898550724637681597e-01 0.000000000000000000e+00 9.820788530465950350e-01 0.000000000000000000e+00 
3.947818768210709095e-04 3.798702955245971680e-01 0.000000000000000000e+00 1.000000000000000000e+00 9.294871794871795156e-01 0.000000000000000000e+00 8.895348837209302584e-01 0.000000000000000000e+00 9.785714285714285365e-01 0.000000000000000000e+00 
3.839151177089661360e-04 3.750164508819580078e-01 0.000000000000000000e+00 1.000000000000000000e+00 9.326923076923077094e-01 0.000000000000000000e+00 8.947368421052631637e-01 0.000000000000000000e+00 9.787234042553191182e-01 0.000000000000000000e+00 
3.814046503975987434e-04 3.699358999729156494e-01 0.000000000000000000e+00 1.000000000000000000e+00 9.326923076923077094e-01 0.000000000000000000e+00 8.970588235294117974e-01 0.000000000000000000e+00 9.753521126760563709e-01 0.000000000000000000e+00 
3.748140297830104828e-04 3.657299280166625977e-01 0.000000000000000000e+00 1.000000000000000000e+00 9.342948717948718063e-01 0.000000000000000000e+00 8.997050147492625660e-01 0.000000000000000000e+00 9.754385964912281048e-01 0.000000000000000000e+00 
3.759212268050760031e-04 3.626451790332794189e-01 0.000000000000000000e+00 1.000000000000000000e+00 9.358974358974359031e-01 0.000000000000000000e+00 9.023668639053253893e-01 0.000000000000000000e+00 9.755244755244755206e-01 0.000000000000000000e+00 
3.703820693772286177e-04 3.601717352867126465e-01 0.000000000000000000e+00 1.000000000000000000e+00 9.358974358974359031e-01 0.000000000000000000e+00 9.023668639053253893e-01 0.000000000000000000e+00 9.755244755244755206e-01 0.000000000000000000e+00 
3.638209891505539417e-04 3.578722476959228516e-01 0.000000000000000000e+00 1.000000000000000000e+00 9.358974358974359031e-01 0.000000000000000000e+00 9.023668639053253893e-01 0.000000000000000000e+00 9.755244755244755206e-01 0.000000000000000000e+00 
3.700002271216362715e-04 3.558591604232788086e-01 0.000000000000000000e+00 1.000000000000000000e+00 9.375000000000000000e-01 0.000000000000000000e+00 9.050445103857567286e-01 0.000000000000000000e+00 9.756097560975609539e-01 0.000000000000000000e+00 
3.835322859231382608e-04 3.538241386413574219e-01 0.000000000000000000e+00 1.000000000000000000e+00 9.375000000000000000e-01 0.000000000000000000e+00 9.050445103857567286e-01 0.000000000000000000e+00 9.756097560975609539e-01 0.000000000000000000e+00 
3.668794233817607164e-04 3.518826365470886230e-01 0.000000000000000000e+00 1.000000000000000000e+00 9.391025641025640969e-01 0.000000000000000000e+00 9.077380952380952328e-01 0.000000000000000000e+00 9.756944444444444198e-01 0.000000000000000000e+00 
3.560858021955937147e-04 3.498796224594116211e-01 0.000000000000000000e+00 1.000000000000000000e+00 9.423076923076922906e-01 0.000000000000000000e+00 9.131736526946108157e-01 0.000000000000000000e+00 9.758620689655171931e-01 0.000000000000000000e+00 
