0.000000000000000000e+00 0.000000000000000000e+00 0.000000000000000000e+00 0.000000000000000000e+00 0.000000000000000000e+00 0.000000000000000000e+00 0.000000000000000000e+00 0.000000000000000000e+00 2.465986394557822814e-01 5.187054548416989430e-01 5.134657434402334353e-01 5.134657434402334353e-01 5.134657434402334353e-01 5.134657434402334353e-01 5.134657434402334353e-01 5.134657434402334353e-01 5.134657434402334353e-01 5.134657434402334353e-01 5.134657434402334353e-01 5.134657434402334353e-01 5.134657434402334353e-01 5.134657434402334353e-01 5.134657434402334353e-01 5.134657434402334353e-01 5.134657434402334353e-01 5.134657434402334353e-01 5.134657434402334353e-01 5.134190115048263836e-01 5.106830477306509852e-01 0.000000000000000000e+00 0.000000000000000000e+00 0.000000000000000000e+00 0.000000000000000000e+00 0.000000000000000000e+00 0.000000000000000000e+00 0.000000000000000000e+00 0.000000000000000000e+00 0.000000000000000000e+00 
0.000000000000000000e+00 0.000000000000000000e+00 0.000000000000000000e+00 0.000000000000000000e+00 0.000000000000000000e+00 0.000000000000000000e+00 0.000000000000000000e+00 1.071428571428571369e-01 5.448307421775238080e-01 5.244671657349673222e-01 5.179836195164022605e-01 5.184911017978618419e-01 5.184911017978618419e-01 5.184911017978618419e-01 5.184911017978618419e-01 5.184911017978618419e-01 5.184911017978618419e-01 5.184911017978618419e-01 5.184911017978618419e-01 5.184911017978618419e-01 5.184911017978618419e-01 5.184911017978618419e-01 5.184911017978618419e-01 5.184911017978618419e-01 5.184911017978618419e-01 5.184911017978618419e-01 5.184739736311831937e-01 5.177432593054061005e-01 5.148763297365951397e-01 5.573470197690262307e-01 0.000000000000000000e+00 0.000000000000000000e+00 0.000000000000000000e+00 0.000000000000000000e+00 0.000000000000000000e+00 0.000000000000000000e+00 0.000000000000000000e+00 0.000000000000000000e+00 
0.000000000000000000e+00 0.000000000000000000e+00 0.000000000000000000e+00 0.000000000000000000e+00 0.000000000000000000e+00 0.000000000000000000e+00 0.000000000000000000e+00 4.027210884353740750e-01 5.448044202282875670e-01 5.232300779515448585e-01 5.215597027962337595e-01 5.216514060981534140e-01 5.216514060981534140e-01 5.216514060981534140e-01 5.216514060981534140e-01 5.216514060981534140e-01 5.216514060981534140e-01 5.216514060981534140e-01 5.216514060981534140e-01 5.216514060981534140e-01 5.216514060981534140e-01 5.216514060981534140e-01 5.216514060981534140e-01 5.216514060981534140e-01 5.216514060981534140e-01 5.216514060981534140e-01 5.215551096081534332e-01 5.201968693880175687e-01 5.202440188938796117e-01 5.002672497570457288e-01 0.000000000000000000e+00 0.000000000000000000e+00 0.000000000000000000e+00 0.000000000000000000e+00 0.000000000000000000e+00 0.000000000000000000e+00 0.000000000000000000e+00 0.000000000000000000e+00 
0.000000000000000000e+00 0.000000000000000000e+00 0.000000000000000000e+00 0.000000000000000000e+00 0.000000000000000000e+00 0.000000000000000000e+00 0.000000000000000000e+00 2.040816326530612290e-01 5.448017840084051766e-01 5.288308937494372586e-01 5.214793650298551464e-01 5.218582968901847030e-01 5.218582968901847030e-01 5.218582968901847030e-01 5.218582968901847030e-01 5.218582968901847030e-01 5.218582968901847030e-01 5.218582968901847030e-01 5.218582968901847030e-01 5.218582968901847030e-01 5.218582968901847030e-01 5.218582968901847030e-01 5.218582968901847030e-01 5.218582968901847030e-01 5.218582968901847030e-01 5.218582968901847030e-01 5.218317267944952986e-01 5.210630053204454715e-01 5.176842906049228255e-01 5.608646406701499609e-01 0.000000000000000000e+00 0.000000000000000000e+00 0.000000000000000000e+00 0.000000000000000000e+00 0.000000000000000000e+00 0.000000000000000000e+00 0.000000000000000000e+00 0.000000000000000000e+00 
0.000000000000000000e+00 0.000000000000000000e+00 0.000000000000000000e+00 0.000000000000000000e+00 0.000000000000000000e+00 0.000000000000000000e+00 0.000000000000000000e+00 5.053571428571427271e-01 5.470482187495899762e-01 5.244549644849855197e-01 5.232723702402907184e-01 5.235198767006802312e-01 5.235198767006802312e-01 5.235198767006802312e-01 5.235198767006802312e-01 5.235198767006802312e-01 5.235198767006802312e-01 5.235198767006802312e-01 5.235198767006802312e-01 5.235198767006802312e-01 5.235198767006802312e-01 5.235198767006802312e-01 5.235198767006802312e-01 5.235198767006802312e-01 5.235198767006802312e-01 5.235198767006802312e-01 5.233751485107219770e-01 5.215858964018176280e-01 5.227173741073392055e-01 5.465865095854502975e-01 0.000000000000000000e+00 0.000000000000000000e+00 0.000000000000000000e+00 0.000000000000000000e+00 0.000000000000000000e+00 0.000000000000000000e+00 0.000000000000000000e+00 0.000000000000000000e+00 
0.000000000000000000e+00 0.000000000000000000e+00 0.000000000000000000e+00 0.000000000000000000e+00 0.000000000000000000e+00 0.000000000000000000e+00 0.000000000000000000e+00 4.039115646258503722e-01 5.464272790488698961e-01 5.209644103335351328e-01 5.227889067865545414e-01 5.228118926141885892e-01 5.228118926141885892e-01 5.228118926141885892e-01 5.228118926141885892e-01 5.228118926141885892e-01 5.228118926141885892e-01 5.228118926141885892e-01 5.228118926141885892e-01 5.228118926141885892e-01 5.228118926141885892e-01 5.228118926141885892e-01 5.228118926141885892e-01 5.228118926141885892e-01 5.228118926141885892e-01 5.228118926141885892e-01 5.227119259580538246e-01 5.207484726675707387e-01 5.250256244560347341e-01 4.892087787495950635e-01 0.000000000000000000e+00 0.000000000000000000e+00 0.000000000000000000e+00 0.000000000000000000e+00 0.000000000000000000e+00 0.000000000000000000e+00 0.000000000000000000e+00 0.000000000000000000e+00 
0.000000000000000000e+00 0.000000000000000000e+00 0.000000000000000000e+00 0.000000000000000000e+00 0.000000000000000000e+00 0.000000000000000000e+00 0.000000000000000000e+00 2.040816326530612290e-01 5.555567879764252703e-01 5.330082278869505696e-01 5.219541388072613808e-01 5.239746568270164939e-01 5.239746568270164939e-01 5.239746568270164939e-01 5.239746568270164939e-01 5.239746568270164939e-01 5.239746568270164939e-01 5.239746568270164939e-01 5.239746568270164939e-01 5.239746568270164939e-01 5.239746568270164939e-01 5.239746568270164939e-01 5.239746568270164939e-01 5.239746568270164939e-01 5.239746568270164939e-01 5.239746568270164939e-01 5.239288264189346789e-01 5.225438955635822724e-01 5.188755726854993311e-01 5.604054037731110993e-01 0.000000000000000000e+00 0.000000000000000000e+00 0.000000000000000000e+00 0.000000000000000000e+00 0.000000000000000000e+00 0.000000000000000000e+00 0.000000000000000000e+00 0.000000000000000000e+00 
0.000000000000000000e+00 0.000000000000000000e+00 0.000000000000000000e+00 0.000000000000000000e+00 0.000000000000000000e+00 0.000000000000000000e+00 0.000000000000000000e+00 1.224489795918367319e-01 5.532058684439554730e-01 5.297033232505580225e-01 5.230807817403104742e-01 5.238983539844508375e-01 5.238983539844508375e-01 5.238983539844508375e-01 5.238983539844508375e-01 5.238983539844508375e-01 5.238983539844508375e-01 5.238983539844508375e-01 5.238983539844508375e-01 5.238983539844508375e-01 5.238983539844508375e-01 5.238983539844508375e-01 5.238983539844508375e-01 5.238983539844508375e-01 5.238983539844508375e-01 5.238983539844508375e-01 5.238695515379445666e-01 5.226633137233731574e-01 5.200429707040511440e-01 5.690962963555734611e-01 0.000000000000000000e+00 0.000000000000000000e+00 0.000000000000000000e+00 0.000000000000000000e+00 0.000000000000000000e+00 0.000000000000000000e+00 0.000000000000000000e+00 0.000000000000000000e+00 
0.000000000000000000e+00 0.000000000000000000e+00 0.000000000000000000e+00 0.000000000000000000e+00 0.000000000000000000e+00 0.000000000000000000e+00 0.000000000000000000e+00 2.074829931972788921e-01 5.465093232895041897e-01 5.131562686064335965e-01 5.195238676080859985e-01 5.196018586005830553e-01 5.196018586005830553e-01 5.196018586005830553e-01 5.196018586005830553e-01 5.196018586005830553e-01 5.196018586005830553e-01 5.196018586005830553e-01 5.196018586005830553e-01 5.196018586005830553e-01 5.196018586005830553e-01 5.196018586005830553e-01 5.196018586005830553e-01 5.196018586005830553e-01 5.196018586005830553e-01 5.196018586005830553e-01 5.196274435263262825e-01 5.148520775822115203e-01 5.385118199657248361e-01 4.226190476190476164e-01 0.000000000000000000e+00 0.000000000000000000e+00 0.000000000000000000e+00 0.000000000000000000e+00 0.000000000000000000e+00 0.000000000000000000e+00 0.000000000000000000e+00 0.000000000000000000e+00 
0.000000000000000000e+00 0.000000000000000000e+00 0.000000000000000000e+00 0.000000000000000000e+00 0.000000000000000000e+00 0.000000000000000000e+00 0.000000000000000000e+00 0.000000000000000000e+00 5.531220839833834724e-01 5.336707609971871324e-01 5.220833079963647094e-01 5.239249271137027542e-01 5.239249271137027542e-01 5.239249271137027542e-01 5.239249271137027542e-01 5.239249271137027542e-01 5.239249271137027542e-01 5.239249271137027542e-01 5.239249271137027542e-01 5.239249271137027542e-01 5.239249271137027542e-01 5.239249271137027542e-01 5.239249271137027542e-01 5.239249271137027542e-01 5.239249271137027542e-01 5.239249271137027542e-01 5.239249271137027542e-01 5.233712996296546738e-01 5.184941099425852684e-01 5.749225440756596806e-01 0.000000000000000000e+00 0.000000000000000000e+00 0.000000000000000000e+00 0.000000000000000000e+00 0.000000000000000000e+00 0.000000000000000000e+00 0.000000000000000000e+00 0.000000000000000000e+00 
0.000000000000000000e+00 0.000000000000000000e+00 0.000000000000000000e+00 0.000000000000000000e+00 0.000000000000000000e+00 0.000000000000000000e+00 0.000000000000000000e+00 2.959183673469387710e-01 5.518407319230497210e-01 5.203169587655465111e-01 5.240301058076662910e-01 5.244859997570456844e-01 5.244859997570456844e-01 5.244859997570456844e-01 5.244859997570456844e-01 5.244859997570456844e-01 5.244859997570456844e-01 5.244859997570456844e-01 5.244859997570456844e-01 5.244859997570456844e-01 5.244859997570456844e-01 5.244859997570456844e-01 5.244859997570456844e-01 5.244859997570456844e-01 5.244859997570456844e-01 5.244859997570456844e-01 5.244613395917463450e-01 5.212478560384306014e-01 5.308723740009705372e-01 5.602612160152283804e-01 0.000000000000000000e+00 0.000000000000000000e+00 0.000000000000000000e+00 0.000000000000000000e+00 0.000000000000000000e+00 0.000000000000000000e+00 0.000000000000000000e+00 0.000000000000000000e+00 
0.000000000000000000e+00 0.000000000000000000e+00 0.000000000000000000e+00 0.000000000000000000e+00 0.000000000000000000e+00 0.000000000000000000e+00 0.000000000000000000e+00 1.428571428571428492e-01 5.586164615909372522e-01 5.363222914083863868e-01 5.194129855579437960e-01 5.236603346695821726e-01 5.236603346695821726e-01 5.236603346695821726e-01 5.236603346695821726e-01 5.236603346695821726e-01 5.236603346695821726e-01 5.236603346695821726e-01 5.236603346695821726e-01 5.236603346695821726e-01 5.236603346695821726e-01 5.236603346695821726e-01 5.236603346695821726e-01 5.236603346695821726e-01 5.236603346695821726e-01 5.236603346695821726e-01 5.236300204853001627e-01 5.220821907915699223e-01 5.175413100667504152e-01 5.535586722076345501e-01 0.000000000000000000e+00 0.000000000000000000e+00 0.000000000000000000e+00 0.000000000000000000e+00 0.000000000000000000e+00 0.000000000000000000e+00 0.000000000000000000e+00 0.000000000000000000e+00 
0.000000000000000000e+00 0.000000000000000000e+00 0.000000000000000000e+00 0.000000000000000000e+00 0.000000000000000000e+00 0.000000000000000000e+00 0.000000000000000000e+00 2.840136054421768530e-01 5.546199449632625011e-01 5.280722802025855644e-01 5.236468236553433186e-01 5.262071793002913722e-01 5.262071793002913722e-01 5.262071793002913722e-01 5.262071793002913722e-01 5.262071793002913722e-01 5.262071793002913722e-01 5.262071793002913722e-01 5.262071793002913722e-01 5.262071793002913722e-01 5.262071793002913722e-01 5.262071793002913722e-01 5.262071793002913722e-01 5.262071793002913722e-01 5.262071793002913722e-01 5.262071793002913722e-01 5.261716314358009239e-01 5.239616830775020162e-01 5.244660961170274360e-01 5.690464196343620884e-01 0.000000000000000000e+00 0.000000000000000000e+00 0.000000000000000000e+00 0.000000000000000000e+00 0.000000000000000000e+00 0.000000000000000000e+00 0.000000000000000000e+00 0.000000000000000000e+00 
0.000000000000000000e+00 0.000000000000000000e+00 0.000000000000000000e+00 0.000000000000000000e+00 0.000000000000000000e+00 0.000000000000000000e+00 0.000000000000000000e+00 1.377551020408163129e-01 5.582011894444627309e-01 5.274485171610956424e-01 5.245239398782812756e-01 5.262083181486881811e-01 5.262083181486881811e-01 5.262083181486881811e-01 5.262083181486881811e-01 5.262083181486881811e-01 5.262083181486881811e-01 5.262083181486881811e-01 5.262083181486881811e-01 5.262083181486881811e-01 5.262083181486881811e-01 5.262083181486881811e-01 5.262083181486881811e-01 5.262083181486881811e-01 5.262083181486881811e-01 5.262083181486881811e-01 5.261802705812770320e-01 5.239615864908101495e-01 5.249515458572115989e-01 5.696090875296552225e-01 0.000000000000000000e+00 0.000000000000000000e+00 0.000000000000000000e+00 0.000000000000000000e+00 0.000000000000000000e+00 0.000000000000000000e+00 0.000000000000000000e+00 0.000000000000000000e+00 
0.000000000000000000e+00 0.000000000000000000e+00 0.000000000000000000e+00 0.000000000000000000e+00 0.000000000000000000e+00 0.000000000000000000e+00 0.000000000000000000e+00 3.986394557823129681e-01 5.511247529260743239e-01 5.275359505271756122e-01 5.234713559192867294e-01 5.259251245140914577e-01 5.259251245140914577e-01 5.259251245140914577e-01 5.259251245140914577e-01 5.259251245140914577e-01 5.259251245140914577e-01 5.259251245140914577e-01 5.259251245140914577e-01 5.259251245140914577e-01 5.259251245140914577e-01 5.259251245140914577e-01 5.259251245140914577e-01 5.259251245140914577e-01 5.259251245140914577e-01 5.259251245140914577e-01 5.258478477984347421e-01 5.235881868781463444e-01 5.244538089973014294e-01 5.674696757916209977e-01 0.000000000000000000e+00 0.000000000000000000e+00 0.000000000000000000e+00 0.000000000000000000e+00 0.000000000000000000e+00 0.000000000000000000e+00 0.000000000000000000e+00 0.000000000000000000e+00 
0.000000000000000000e+00 0.000000000000000000e+00 0.000000000000000000e+00 0.000000000000000000e+00 0.000000000000000000e+00 0.000000000000000000e+00 0.000000000000000000e+00 3.715986394557823091e-01 5.512392583078341568e-01 5.202998315550245723e-01 5.234291621158619900e-01 5.244719539601555569e-01 5.244719539601555569e-01 5.244719539601555569e-01 5.244719539601555569e-01 5.244719539601555569e-01 5.244719539601555569e-01 5.244719539601555569e-01 5.244719539601555569e-01 5.244719539601555569e-01 5.244719539601555569e-01 5.244719539601555569e-01 5.244719539601555569e-01 5.244719539601555569e-01 5.244719539601555569e-01 5.244719539601555569e-01 5.243903788100382490e-01 5.211492540007537366e-01 5.307839001136810397e-01 5.879344925637097763e-01 0.000000000000000000e+00 0.000000000000000000e+00 0.000000000000000000e+00 0.000000000000000000e+00 0.000000000000000000e+00 0.000000000000000000e+00 0.000000000000000000e+00 0.000000000000000000e+00 
0.000000000000000000e+00 0.000000000000000000e+00 0.000000000000000000e+00 0.000000000000000000e+00 0.000000000000000000e+00 0.000000000000000000e+00 0.000000000000000000e+00 2.040816326530612082e-02 5.542507791819877294e-01 5.266040139635936868e-01 5.235746673301350240e-01 5.257007713799805027e-01 5.257007713799805027e-01 5.257007713799805027e-01 5.257007713799805027e-01 5.257007713799805027e-01 5.257007713799805027e-01 5.257007713799805027e-01 5.257007713799805027e-01 5.257007713799805027e-01 5.257007713799805027e-01 5.257007713799805027e-01 5.257007713799805027e-01 5.257007713799805027e-01 5.257007713799805027e-01 5.257007713799805027e-01 5.256929614978180787e-01 5.240751372272068886e-01 5.247879117275979777e-01 5.685510326850370388e-01 0.000000000000000000e+00 0.000000000000000000e+00 0.000000000000000000e+00 0.000000000000000000e+00 0.000000000000000000e+00 0.000000000000000000e+00 0.000000000000000000e+00 0.000000000000000000e+00 
0.000000000000000000e+00 0.000000000000000000e+00 0.000000000000000000e+00 0.000000000000000000e+00 0.000000000000000000e+00 0.000000000000000000e+00 0.000000000000000000e+00 5.790989056295178239e-01 5.435948299581498944e-01 5.119279711169619773e-01 5.184688704674796922e-01 5.187386115160349531e-01 5.187386115160349531e-01 5.187386115160349531e-01 5.187386115160349531e-01 5.187386115160349531e-01 5.187386115160349531e-01 5.187386115160349531e-01 5.187386115160349531e-01 5.187386115160349531e-01 5.187386115160349531e-01 5.187386115160349531e-01 5.187386115160349531e-01 5.187386115160349531e-01 5.187386115160349531e-01 5.187386115160349531e-01 5.184161679383013643e-01 5.100921077432586381e-01 5.440263954923247880e-01 5.800206029797866369e-01 0.000000000000000000e+00 0.000000000000000000e+00 0.000000000000000000e+00 0.000000000000000000e+00 0.000000000000000000e+00 0.000000000000000000e+00 0.000000000000000000e+00 0.000000000000000000e+00 
0.000000000000000000e+00 0.000000000000000000e+00 0.000000000000000000e+00 0.000000000000000000e+00 0.000000000000000000e+00 0.000000000000000000e+00 0.000000000000000000e+00 4.141156462585034448e-01 5.524803376157672030e-01 5.263206301039717872e-01 5.236090947318531308e-01 5.260416666666669627e-01 5.260416666666669627e-01 5.260416666666669627e-01 5.260416666666669627e-01 5.260416666666669627e-01 5.260416666666669627e-01 5.260416666666669627e-01 5.260416666666669627e-01 5.260416666666669627e-01 5.260416666666669627e-01 5.260416666666669627e-01 5.260416666666669627e-01 5.260416666666669627e-01 5.260416666666669627e-01 5.260416666666669627e-01 5.259796337994143700e-01 5.232315535229549175e-01 5.256935329911457400e-01 5.678977453737299452e-01 0.000000000000000000e+00 0.000000000000000000e+00 0.000000000000000000e+00 0.000000000000000000e+00 0.000000000000000000e+00 0.000000000000000000e+00 0.000000000000000000e+00 0.000000000000000000e+00 
0.000000000000000000e+00 0.000000000000000000e+00 0.000000000000000000e+00 0.000000000000000000e+00 0.000000000000000000e+00 0.000000000000000000e+00 0.000000000000000000e+00 2.738095238095237804e-01 5.548932682500598013e-01 5.237265958026303680e-01 5.240265532934486048e-01 5.257710003644313623e-01 5.257710003644313623e-01 5.257710003644313623e-01 5.257710003644313623e-01 5.257710003644313623e-01 5.257710003644313623e-01 5.257710003644313623e-01 5.257710003644313623e-01 5.257710003644313623e-01 5.257710003644313623e-01 5.257710003644313623e-01 5.257710003644313623e-01 5.257710003644313623e-01 5.257710003644313623e-01 5.257710003644313623e-01 5.257235611417090393e-01 5.227170714134600216e-01 5.281700321837635714e-01 5.738395698584797255e-01 0.000000000000000000e+00 0.000000000000000000e+00 0.000000000000000000e+00 0.000000000000000000e+00 0.000000000000000000e+00 0.000000000000000000e+00 0.000000000000000000e+00 0.000000000000000000e+00 
0.000000000000000000e+00 0.000000000000000000e+00 0.000000000000000000e+00 0.000000000000000000e+00 0.000000000000000000e+00 0.000000000000000000e+00 0.000000000000000000e+00 3.862244897959183354e-01 5.552766609878249104e-01 5.281290843386073908e-01 5.220015385641433303e-01 5.254756590136052674e-01 5.254756590136052674e-01 5.254756590136052674e-01 5.254756590136052674e-01 5.254756590136052674e-01 5.254756590136052674e-01 5.254756590136052674e-01 5.254756590136052674e-01 5.254756590136052674e-01 5.254756590136052674e-01 5.254756590136052674e-01 5.254756590136052674e-01 5.254756590136052674e-01 5.254756590136052674e-01 5.254756590136052674e-01 5.253632172885113194e-01 5.228383271462045956e-01 5.232981339194254788e-01 5.626013834795947632e-01 0.000000000000000000e+00 0.000000000000000000e+00 0.000000000000000000e+00 0.000000000000000000e+00 0.000000000000000000e+00 0.000000000000000000e+00 0.000000000000000000e+00 0.000000000000000000e+00 
0.000000000000000000e+00 0.000000000000000000e+00 0.000000000000000000e+00 0.000000000000000000e+00 0.000000000000000000e+00 0.000000000000000000e+00 0.000000000000000000e+00 2.721088435374149905e-01 5.585773723305843541e-01 5.314317523153589962e-01 5.226136687560456462e-01 5.260841836734695409e-01 5.260841836734695409e-01 5.260841836734695409e-01 5.260841836734695409e-01 5.260841836734695409e-01 5.260841836734695409e-01 5.260841836734695409e-01 5.260841836734695409e-01 5.260841836734695409e-01 5.260841836734695409e-01 5.260841836734695409e-01 5.260841836734695409e-01 5.260841836734695409e-01 5.260841836734695409e-01 5.260841836734695409e-01 5.260362216052461015e-01 5.238467935347440596e-01 5.223989760740265220e-01 5.626469498350094023e-01 0.000000000000000000e+00 0.000000000000000000e+00 0.000000000000000000e+00 0.000000000000000000e+00 0.000000000000000000e+00 0.000000000000000000e+00 0.000000000000000000e+00 0.000000000000000000e+00 
0.000000000000000000e+00 0.000000000000000000e+00 0.000000000000000000e+00 0.000000000000000000e+00 0.000000000000000000e+00 0.000000000000000000e+00 0.000000000000000000e+00 2.397959183673469274e-01 5.542041288979315805e-01 5.244738033176313818e-01 5.227729835730720032e-01 5.252938228862974457e-01 5.252938228862974457e-01 5.252938228862974457e-01 5.252938228862974457e-01 5.252938228862974457e-01 5.252938228862974457e-01 5.252938228862974457e-01 5.252938228862974457e-01 5.252938228862974457e-01 5.252938228862974457e-01 5.252938228862974457e-01 5.252938228862974457e-01 5.252938228862974457e-01 5.252938228862974457e-01 5.252938228862974457e-01 5.252687578862813567e-01 5.224547691825900397e-01 5.260756475193456572e-01 5.709134620214121325e-01 0.000000000000000000e+00 0.000000000000000000e+00 0.000000000000000000e+00 0.000000000000000000e+00 0.000000000000000000e+00 0.000000000000000000e+00 0.000000000000000000e+00 0.000000000000000000e+00 
0.000000000000000000e+00 0.000000000000000000e+00 0.000000000000000000e+00 0.000000000000000000e+00 0.000000000000000000e+00 0.000000000000000000e+00 0.000000000000000000e+00 5.770712422498137650e-01 5.447207347228784080e-01 5.144777997129448277e-01 5.211458626923675119e-01 5.216430545432457766e-01 5.216430545432457766e-01 5.216430545432457766e-01 5.216430545432457766e-01 5.216430545432457766e-01 5.216430545432457766e-01 5.216430545432457766e-01 5.216430545432457766e-01 5.216430545432457766e-01 5.216430545432457766e-01 5.216430545432457766e-01 5.216430545432457766e-01 5.216430545432457766e-01 5.216430545432457766e-01 5.216430545432457766e-01 5.212408572368344428e-01 5.146174389670981064e-01 5.427734498031795418e-01 5.721501871040292064e-01 0.000000000000000000e+00 0.000000000000000000e+00 0.000000000000000000e+00 0.000000000000000000e+00 0.000000000000000000e+00 0.000000000000000000e+00 0.000000000000000000e+00 0.000000000000000000e+00 
0.000000000000000000e+00 0.000000000000000000e+00 0.000000000000000000e+00 0.000000000000000000e+00 0.000000000000000000e+00 0.000000000000000000e+00 0.000000000000000000e+00 4.166666666666666297e-01 5.545966899668951511e-01 5.282672897946467661e-01 5.236544146757040608e-01 5.264767067541302747e-01 5.264767067541302747e-01 5.264767067541302747e-01 5.264767067541302747e-01 5.264767067541302747e-01 5.264767067541302747e-01 5.264767067541302747e-01 5.264767067541302747e-01 5.264767067541302747e-01 5.264767067541302747e-01 5.264767067541302747e-01 5.264767067541302747e-01 5.264767067541302747e-01 5.264767067541302747e-01 5.264767067541302747e-01 5.264409814388538722e-01 5.237605291650948569e-01 5.248661976485845537e-01 5.634318596052709793e-01 0.000000000000000000e+00 0.000000000000000000e+00 0.000000000000000000e+00 0.000000000000000000e+00 0.000000000000000000e+00 0.000000000000000000e+00 0.000000000000000000e+00 0.000000000000000000e+00 
0.000000000000000000e+00 0.000000000000000000e+00 0.000000000000000000e+00 0.000000000000000000e+00 0.000000000000000000e+00 0.000000000000000000e+00 0.000000000000000000e+00 4.619047619047618736e-01 5.540621584050360315e-01 5.266133552753590186e-01 5.242031288707154069e-01 5.263825619533527567e-01 5.263825619533527567e-01 5.263825619533527567e-01 5.263825619533527567e-01 5.263825619533527567e-01 5.263825619533527567e-01 5.263825619533527567e-01 5.263825619533527567e-01 5.263825619533527567e-01 5.263825619533527567e-01 5.263825619533527567e-01 5.263825619533527567e-01 5.263825619533527567e-01 5.263825619533527567e-01 5.263825619533527567e-01 5.263357261264779430e-01 5.235884253705711533e-01 5.261383609361177660e-01 5.655343393711378397e-01 0.000000000000000000e+00 0.000000000000000000e+00 0.000000000000000000e+00 0.000000000000000000e+00 0.000000000000000000e+00 0.000000000000000000e+00 0.000000000000000000e+00 0.000000000000000000e+00 
0.000000000000000000e+00 0.000000000000000000e+00 0.000000000000000000e+00 0.000000000000000000e+00 0.000000000000000000e+00 0.000000000000000000e+00 0.000000000000000000e+00 5.783060428393699270e-01 5.375670508189087649e-01 5.103094053721637380e-01 5.171432529635843212e-01 5.173473183916424967e-01 5.173473183916424967e-01 5.173473183916424967e-01 5.173473183916424967e-01 5.173473183916424967e-01 5.173473183916424967e-01 5.173473183916424967e-01 5.173473183916424967e-01 5.173473183916424967e-01 5.173473183916424967e-01 5.173473183916424967e-01 5.173473183916424967e-01 5.173473183916424967e-01 5.173473183916424967e-01 5.173473183916424967e-01 5.163157023649157518e-01 5.067574025037784313e-01 5.559085907922972636e-01 5.696373354536619082e-01 0.000000000000000000e+00 0.000000000000000000e+00 0.000000000000000000e+00 0.000000000000000000e+00 0.000000000000000000e+00 0.000000000000000000e+00 0.000000000000000000e+00 0.000000000000000000e+00 
0.000000000000000000e+00 0.000000000000000000e+00 0.000000000000000000e+00 0.000000000000000000e+00 0.000000000000000000e+00 0.000000000000000000e+00 0.000000000000000000e+00 5.571734104897370088e-01 5.513725113304835945e-01 5.225461199260387213e-01 5.232980190456559821e-01 5.254756590136057115e-01 5.254756590136057115e-01 5.254756590136057115e-01 5.254756590136057115e-01 5.254756590136057115e-01 5.254756590136057115e-01 5.254756590136057115e-01 5.254756590136057115e-01 5.254756590136057115e-01 5.254756590136057115e-01 5.254756590136057115e-01 5.254756590136057115e-01 5.254756590136057115e-01 5.254756590136057115e-01 5.254756590136057115e-01 5.253267037041380316e-01 5.212373435386452591e-01 5.293050226471819331e-01 5.737778000325420846e-01 0.000000000000000000e+00 0.000000000000000000e+00 0.000000000000000000e+00 0.000000000000000000e+00 0.000000000000000000e+00 0.000000000000000000e+00 0.000000000000000000e+00 0.000000000000000000e+00 
0.000000000000000000e+00 0.000000000000000000e+00 0.000000000000000000e+00 0.000000000000000000e+00 0.000000000000000000e+00 0.000000000000000000e+00 0.000000000000000000e+00 7.653061224489796088e-02 5.697969195776826368e-01 5.366041966499699445e-01 5.202438984810788813e-01 5.244818239795917547e-01 5.244818239795917547e-01 5.244818239795917547e-01 5.244818239795917547e-01 5.244818239795917547e-01 5.244818239795917547e-01 5.244818239795917547e-01 5.244818239795917547e-01 5.244818239795917547e-01 5.244818239795917547e-01 5.244818239795917547e-01 5.244818239795917547e-01 5.244818239795917547e-01 5.244818239795917547e-01 5.244818239795917547e-01 5.244720321667054597e-01 5.227205376314300045e-01 5.184029103320576537e-01 5.541272233147427340e-01 0.000000000000000000e+00 0.000000000000000000e+00 0.000000000000000000e+00 0.000000000000000000e+00 0.000000000000000000e+00 0.000000000000000000e+00 0.000000000000000000e+00 0.000000000000000000e+00 
0.000000000000000000e+00 0.000000000000000000e+00 0.000000000000000000e+00 0.000000000000000000e+00 0.000000000000000000e+00 0.000000000000000000e+00 0.000000000000000000e+00 2.814625850340136126e-01 5.567941693267102199e-01 5.285154907347411335e-01 5.238306104740927394e-01 5.269011175898931088e-01 5.269011175898931088e-01 5.269011175898931088e-01 5.269011175898931088e-01 5.269011175898931088e-01 5.269011175898931088e-01 5.269011175898931088e-01 5.269011175898931088e-01 5.269011175898931088e-01 5.269011175898931088e-01 5.269011175898931088e-01 5.269011175898931088e-01 5.269011175898931088e-01 5.269011175898931088e-01 5.269011175898931088e-01 5.268353008929890224e-01 5.239990840688160123e-01 5.253871750757929115e-01 5.614927094816222208e-01 0.000000000000000000e+00 0.000000000000000000e+00 0.000000000000000000e+00 0.000000000000000000e+00 0.000000000000000000e+00 0.000000000000000000e+00 0.000000000000000000e+00 0.000000000000000000e+00 
0.000000000000000000e+00 0.000000000000000000e+00 0.000000000000000000e+00 0.000000000000000000e+00 0.000000000000000000e+00 0.000000000000000000e+00 0.000000000000000000e+00 5.003644314868802567e-01 5.527578968814912397e-01 5.279040259786205169e-01 5.235643083629644146e-01 5.268730259961127427e-01 5.268730259961127427e-01 5.268730259961127427e-01 5.268730259961127427e-01 5.268730259961127427e-01 5.268730259961127427e-01 5.268730259961127427e-01 5.268730259961127427e-01 5.268730259961127427e-01 5.268730259961127427e-01 5.268730259961127427e-01 5.268730259961127427e-01 5.268730259961127427e-01 5.268730259961127427e-01 5.268730259961127427e-01 5.268050729411424271e-01 5.237567009225967407e-01 5.257832971149113410e-01 5.594762597222617817e-01 0.000000000000000000e+00 0.000000000000000000e+00 0.000000000000000000e+00 0.000000000000000000e+00 0.000000000000000000e+00 0.000000000000000000e+00 0.000000000000000000e+00 0.000000000000000000e+00 
0.000000000000000000e+00 0.000000000000000000e+00 0.000000000000000000e+00 0.000000000000000000e+00 0.000000000000000000e+00 0.000000000000000000e+00 0.000000000000000000e+00 2.636054421768707634e-01 5.607442860292235487e-01 5.312424476043120514e-01 5.236415517201167269e-01 5.271695061953352024e-01 5.271695061953352024e-01 5.271695061953352024e-01 5.271695061953352024e-01 5.271695061953352024e-01 5.271695061953352024e-01 5.271695061953352024e-01 5.271695061953352024e-01 5.271695061953352024e-01 5.271695061953352024e-01 5.271695061953352024e-01 5.271695061953352024e-01 5.271695061953352024e-01 5.271695061953352024e-01 5.271695061953352024e-01 5.271345649807932521e-01 5.245744790634668808e-01 5.240788696081242204e-01 5.601074846141975705e-01 0.000000000000000000e+00 0.000000000000000000e+00 0.000000000000000000e+00 0.000000000000000000e+00 0.000000000000000000e+00 0.000000000000000000e+00 0.000000000000000000e+00 0.000000000000000000e+00 
0.000000000000000000e+00 0.000000000000000000e+00 0.000000000000000000e+00 0.000000000000000000e+00 0.000000000000000000e+00 0.000000000000000000e+00 0.000000000000000000e+00 3.231292517006802423e-01 5.647659142784740016e-01 5.365956298827525561e-01 5.209445298758400567e-01 5.260151125330618793e-01 5.260188896987365581e-01 5.260188896987365581e-01 5.260188896987365581e-01 5.260188896987365581e-01 5.260188896987365581e-01 5.260188896987365581e-01 5.260188896987365581e-01 5.260188896987365581e-01 5.260188896987365581e-01 5.260188896987365581e-01 5.260188896987365581e-01 5.260188896987365581e-01 5.260188896987365581e-01 5.260188896987365581e-01 5.259844029313172076e-01 5.235221342021522117e-01 5.202155025359075369e-01 5.520613757712412584e-01 1.020408163265306041e-02 0.000000000000000000e+00 0.000000000000000000e+00 0.000000000000000000e+00 0.000000000000000000e+00 0.000000000000000000e+00 0.000000000000000000e+00 0.000000000000000000e+00 
0.000000000000000000e+00 0.000000000000000000e+00 0.000000000000000000e+00 0.000000000000000000e+00 0.000000000000000000e+00 0.000000000000000000e+00 0.000000000000000000e+00 4.409863945578231248e-01 5.545256720236868553e-01 5.260751562599655928e-01 5.235369109010921118e-01 5.267595207725945805e-01 5.267595207725945805e-01 5.267595207725945805e-01 5.267595207725945805e-01 5.267595207725945805e-01 5.267595207725945805e-01 5.267595207725945805e-01 5.267595207725945805e-01 5.267595207725945805e-01 5.267595207725945805e-01 5.267595207725945805e-01 5.267595207725945805e-01 5.267595207725945805e-01 5.267595207725945805e-01 5.267595207725945805e-01 5.267246129630857032e-01 5.232871272441280697e-01 5.273243689351168051e-01 5.636960406134146062e-01 0.000000000000000000e+00 0.000000000000000000e+00 0.000000000000000000e+00 0.000000000000000000e+00 0.000000000000000000e+00 0.000000000000000000e+00 0.000000000000000000e+00 0.000000000000000000e+00 
0.000000000000000000e+00 0.000000000000000000e+00 0.000000000000000000e+00 0.000000000000000000e+00 0.000000000000000000e+00 0.000000000000000000e+00 0.000000000000000000e+00 5.483659481108461575e-01 5.489942421380314963e-01 5.207099449843168859e-01 5.234926206339011179e-01 5.257634080417881162e-01 5.257634080417881162e-01 5.257634080417881162e-01 5.257634080417881162e-01 5.257634080417881162e-01 5.257634080417881162e-01 5.257634080417881162e-01 5.257634080417881162e-01 5.257634080417881162e-01 5.257634080417881162e-01 5.257634080417881162e-01 5.257634080417881162e-01 5.257634080417881162e-01 5.257634080417881162e-01 5.257634080417881162e-01 5.256473120752139794e-01 5.208879341153592746e-01 5.342627111173715582e-01 5.758827304304863226e-01 0.000000000000000000e+00 0.000000000000000000e+00 0.000000000000000000e+00 0.000000000000000000e+00 0.000000000000000000e+00 0.000000000000000000e+00 0.000000000000000000e+00 0.000000000000000000e+00 
0.000000000000000000e+00 0.000000000000000000e+00 0.000000000000000000e+00 0.000000000000000000e+00 0.000000000000000000e+00 0.000000000000000000e+00 0.000000000000000000e+00 1.581632653061224580e-01 5.762108870854283360e-01 5.407057794957425001e-01 5.182143899237598994e-01 5.246056042539519737e-01 5.246348092808552632e-01 5.246348092808552632e-01 5.246348092808552632e-01 5.246348092808552632e-01 5.246348092808552632e-01 5.246348092808552632e-01 5.246348092808552632e-01 5.246348092808552632e-01 5.246348092808552632e-01 5.246348092808552632e-01 5.246348092808552632e-01 5.246348092808552632e-01 5.246348092808552632e-01 5.246348092808552632e-01 5.246290824806792985e-01 5.223121475475406283e-01 5.177050455786621486e-01 5.483056117651659012e-01 1.802721088435374208e-01 0.000000000000000000e+00 0.000000000000000000e+00 0.000000000000000000e+00 0.000000000000000000e+00 0.000000000000000000e+00 0.000000000000000000e+00 0.000000000000000000e+00 
0.000000000000000000e+00 0.000000000000000000e+00 0.000000000000000000e+00 0.000000000000000000e+00 0.000000000000000000e+00 0.000000000000000000e+00 0.000000000000000000e+00 2.372448979591836316e-01 5.629402024949327066e-01 5.353794297456258011e-01 5.224287752822752706e-01 5.268204967993281862e-01 5.268198797376090203e-01 5.268198797376090203e-01 5.268198797376090203e-01 5.268198797376090203e-01 5.268198797376090203e-01 5.268198797376090203e-01 5.268198797376090203e-01 5.268198797376090203e-01 5.268198797376090203e-01 5.268198797376090203e-01 5.268198797376090203e-01 5.268198797376090203e-01 5.268198797376090203e-01 5.268198797376090203e-01 5.267932240829903412e-01 5.242590781897414898e-01 5.216354350190784972e-01 5.515036136236119990e-01 1.020408163265306041e-02 0.000000000000000000e+00 0.000000000000000000e+00 0.000000000000000000e+00 0.000000000000000000e+00 0.000000000000000000e+00 0.000000000000000000e+00 0.000000000000000000e+00 
0.000000000000000000e+00 0.000000000000000000e+00 0.000000000000000000e+00 0.000000000000000000e+00 0.000000000000000000e+00 0.000000000000000000e+00 0.000000000000000000e+00 2.176870748299319647e-01 5.690315263991240213e-01 5.353696803379358604e-01 5.227490993570160782e-01 5.273604531098151638e-01 5.273604531098151638e-01 5.273604531098151638e-01 5.273604531098151638e-01 5.273604531098151638e-01 5.273604531098151638e-01 5.273604531098151638e-01 5.273604531098151638e-01 5.273604531098151638e-01 5.273604531098151638e-01 5.273604531098151638e-01 5.273604531098151638e-01 5.273604531098151638e-01 5.273604531098151638e-01 5.273604531098151638e-01 5.273176870404973071e-01 5.247729703003579660e-01 5.224166008557307173e-01 5.614525178609275358e-01 0.000000000000000000e+00 0.000000000000000000e+00 0.000000000000000000e+00 0.000000000000000000e+00 0.000000000000000000e+00 0.000000000000000000e+00 0.000000000000000000e+00 0.000000000000000000e+00 
0.000000000000000000e+00 0.000000000000000000e+00 0.000000000000000000e+00 0.000000000000000000e+00 0.000000000000000000e+00 0.000000000000000000e+00 0.000000000000000000e+00 5.933997408487202696e-01 5.549440347533127760e-01 5.252344361741303480e-01 5.237933431245332949e-01 5.265104925898930199e-01 5.265104925898930199e-01 5.265104925898930199e-01 5.265104925898930199e-01 5.265104925898930199e-01 5.265104925898930199e-01 5.265104925898930199e-01 5.265104925898930199e-01 5.265104925898930199e-01 5.265104925898930199e-01 5.265104925898930199e-01 5.265104925898930199e-01 5.265104925898930199e-01 5.265104925898930199e-01 5.265104925898930199e-01 5.262567716765487180e-01 5.223996619827918630e-01 5.277807716578898356e-01 5.666288348869215064e-01 0.000000000000000000e+00 0.000000000000000000e+00 0.000000000000000000e+00 0.000000000000000000e+00 0.000000000000000000e+00 0.000000000000000000e+00 0.000000000000000000e+00 0.000000000000000000e+00 
0.000000000000000000e+00 0.000000000000000000e+00 0.000000000000000000e+00 0.000000000000000000e+00 0.000000000000000000e+00 0.000000000000000000e+00 0.000000000000000000e+00 4.513605442176869542e-01 5.541228970851039826e-01 5.259167076348676417e-01 5.243378970095783353e-01 5.272708637026236600e-01 5.272708637026236600e-01 5.272708637026236600e-01 5.272708637026236600e-01 5.272708637026236600e-01 5.272708637026236600e-01 5.272708637026236600e-01 5.272708637026236600e-01 5.272708637026236600e-01 5.272708637026236600e-01 5.272708637026236600e-01 5.272708637026236600e-01 5.272708637026236600e-01 5.272708637026236600e-01 5.272708637026236600e-01 5.272216262534664688e-01 5.238435762417327224e-01 5.286163136558476028e-01 5.686239240623602864e-01 0.000000000000000000e+00 0.000000000000000000e+00 0.000000000000000000e+00 0.000000000000000000e+00 0.000000000000000000e+00 0.000000000000000000e+00 0.000000000000000000e+00 0.000000000000000000e+00 
0.000000000000000000e+00 0.000000000000000000e+00 0.000000000000000000e+00 0.000000000000000000e+00 0.000000000000000000e+00 0.000000000000000000e+00 0.000000000000000000e+00 5.034013605442176909e-01 5.548575243861149087e-01 5.299360747658194981e-01 5.251182501766693544e-01 5.285562439261418666e-01 5.285562439261418666e-01 5.285562439261418666e-01 5.285562439261418666e-01 5.285562439261418666e-01 5.285562439261418666e-01 5.285562439261418666e-01 5.285562439261418666e-01 5.285562439261418666e-01 5.285562439261418666e-01 5.285562439261418666e-01 5.285562439261418666e-01 5.285562439261418666e-01 5.285562439261418666e-01 5.285562439261418666e-01 5.284767520943213226e-01 5.256249382266175996e-01 5.271155456455483002e-01 5.617174092408531161e-01 0.000000000000000000e+00 0.000000000000000000e+00 0.000000000000000000e+00 0.000000000000000000e+00 0.000000000000000000e+00 0.000000000000000000e+00 0.000000000000000000e+00 0.000000000000000000e+00 
0.000000000000000000e+00 0.000000000000000000e+00 0.000000000000000000e+00 0.000000000000000000e+00 0.000000000000000000e+00 0.000000000000000000e+00 0.000000000000000000e+00 5.877654552094864204e-01 5.463345684438589700e-01 5.206694032246215187e-01 5.238631390733284876e-01 5.261107568027210135e-01 5.261107568027210135e-01 5.261107568027210135e-01 5.261107568027210135e-01 5.261107568027210135e-01 5.261107568027210135e-01 5.261107568027210135e-01 5.261107568027210135e-01 5.261107568027210135e-01 5.261107568027210135e-01 5.261107568027210135e-01 5.261107568027210135e-01 5.261107568027210135e-01 5.261107568027210135e-01 5.261107568027210135e-01 5.254084131154956872e-01 5.208458602161903928e-01 5.356046750598438821e-01 5.726235784739416301e-01 0.000000000000000000e+00 0.000000000000000000e+00 0.000000000000000000e+00 0.000000000000000000e+00 0.000000000000000000e+00 0.000000000000000000e+00 0.000000000000000000e+00 0.000000000000000000e+00 
0.000000000000000000e+00 0.000000000000000000e+00 0.000000000000000000e+00 0.000000000000000000e+00 0.000000000000000000e+00 0.000000000000000000e+00 0.000000000000000000e+00 5.649173955296403760e-01 5.548004468920723076e-01 5.265491930102417228e-01 5.246874875064130306e-01 5.275574738824102550e-01 5.275574738824102550e-01 5.275574738824102550e-01 5.275574738824102550e-01 5.275574738824102550e-01 5.275574738824102550e-01 5.275574738824102550e-01 5.275574738824102550e-01 5.275574738824102550e-01 5.275574738824102550e-01 5.275574738824102550e-01 5.275574738824102550e-01 5.275574738824102550e-01 5.275574738824102550e-01 5.275574738824102550e-01 5.274401006991797924e-01 5.240869756491993714e-01 5.285658598751127313e-01 5.660757542206130699e-01 0.000000000000000000e+00 0.000000000000000000e+00 0.000000000000000000e+00 0.000000000000000000e+00 0.000000000000000000e+00 0.000000000000000000e+00 0.000000000000000000e+00 0.000000000000000000e+00 
0.000000000000000000e+00 0.000000000000000000e+00 0.000000000000000000e+00 0.000000000000000000e+00 0.000000000000000000e+00 0.000000000000000000e+00 0.000000000000000000e+00 5.901239067055392695e-01 5.541249422462017904e-01 5.278327342067954397e-01 5.258521096487490665e-01 5.290885473653608173e-01 5.290880861273080660e-01 5.290880861273080660e-01 5.290880861273080660e-01 5.290880861273080660e-01 5.290880861273080660e-01 5.290880861273080660e-01 5.290880861273080660e-01 5.290880861273080660e-01 5.290880861273080660e-01 5.290880861273080660e-01 5.290880861273080660e-01 5.290880861273080660e-01 5.290880861273080660e-01 5.290880861273080660e-01 5.288481316390497566e-01 5.254497632050588729e-01 5.304975587775311308e-01 5.654613267377122110e-01 1.020408163265306041e-02 0.000000000000000000e+00 0.000000000000000000e+00 0.000000000000000000e+00 0.000000000000000000e+00 0.000000000000000000e+00 0.000000000000000000e+00 0.000000000000000000e+00 
0.000000000000000000e+00 0.000000000000000000e+00 0.000000000000000000e+00 0.000000000000000000e+00 0.000000000000000000e+00 0.000000000000000000e+00 0.000000000000000000e+00 2.882653061224489388e-01 5.612787906176192054e-01 5.278760152769917946e-01 5.246113931527304208e-01 5.277250163789967141e-01 5.277283011418855141e-01 5.277283011418855141e-01 5.277283011418855141e-01 5.277283011418855141e-01 5.277283011418855141e-01 5.277283011418855141e-01 5.277283011418855141e-01 5.277283011418855141e-01 5.277283011418855141e-01 5.277283011418855141e-01 5.277283011418855141e-01 5.277283011418855141e-01 5.277283011418855141e-01 5.277283011418855141e-01 5.277004817721504537e-01 5.243213961706642001e-01 5.276254082963559577e-01 5.651563112632003172e-01 2.040816326530612082e-02 0.000000000000000000e+00 0.000000000000000000e+00 0.000000000000000000e+00 0.000000000000000000e+00 0.000000000000000000e+00 0.000000000000000000e+00 0.000000000000000000e+00 
0.000000000000000000e+00 0.000000000000000000e+00 0.000000000000000000e+00 0.000000000000000000e+00 0.000000000000000000e+00 0.000000000000000000e+00 0.000000000000000000e+00 5.953636216391315905e-01 5.560349359677048131e-01 5.282132202688137879e-01 5.254135489042259799e-01 5.284070547862002032e-01 5.284070547862002032e-01 5.284070547862002032e-01 5.284070547862002032e-01 5.284070547862002032e-01 5.284070547862002032e-01 5.284070547862002032e-01 5.284070547862002032e-01 5.284070547862002032e-01 5.284070547862002032e-01 5.284070547862002032e-01 5.284070547862002032e-01 5.284070547862002032e-01 5.284070547862002032e-01 5.284070547862002032e-01 5.282012561646524107e-01 5.250410901560842447e-01 5.286212886941042965e-01 5.689411462371785078e-01 0.000000000000000000e+00 0.000000000000000000e+00 0.000000000000000000e+00 0.000000000000000000e+00 0.000000000000000000e+00 0.000000000000000000e+00 0.000000000000000000e+00 0.000000000000000000e+00 
0.000000000000000000e+00 0.000000000000000000e+00 0.000000000000000000e+00 0.000000000000000000e+00 0.000000000000000000e+00 0.000000000000000000e+00 0.000000000000000000e+00 5.372934888241011064e-01 5.526356836417196661e-01 5.242192158346969943e-01 5.239990805655676542e-01 5.266904306365405297e-01 5.266904306365405297e-01 5.266904306365405297e-01 5.266904306365405297e-01 5.266904306365405297e-01 5.266904306365405297e-01 5.266904306365405297e-01 5.266904306365405297e-01 5.266904306365405297e-01 5.266904306365405297e-01 5.266904306365405297e-01 5.266904306365405297e-01 5.266904306365405297e-01 5.266904306365405297e-01 5.266904306365405297e-01 5.265541258126570368e-01 5.227969403316430341e-01 5.298523426557457672e-01 5.687855841508080434e-01 0.000000000000000000e+00 0.000000000000000000e+00 0.000000000000000000e+00 0.000000000000000000e+00 0.000000000000000000e+00 0.000000000000000000e+00 0.000000000000000000e+00 0.000000000000000000e+00 
0.000000000000000000e+00 0.000000000000000000e+00 0.000000000000000000e+00 0.000000000000000000e+00 0.000000000000000000e+00 0.000000000000000000e+00 0.000000000000000000e+00 6.111761537781945641e-01 5.498265633783989692e-01 5.237135929465024375e-01 5.255125191378315908e-01 5.280460398445092629e-01 5.280460398445092629e-01 5.280460398445092629e-01 5.280460398445092629e-01 5.280460398445092629e-01 5.280460398445092629e-01 5.280460398445092629e-01 5.280460398445092629e-01 5.280460398445092629e-01 5.280460398445092629e-01 5.280460398445092629e-01 5.280460398445092629e-01 5.280460398445092629e-01 5.280460398445092629e-01 5.280460398445092629e-01 5.276372459311897689e-01 5.237915602315471597e-01 5.342915463089084049e-01 5.702129001660489749e-01 0.000000000000000000e+00 0.000000000000000000e+00 0.000000000000000000e+00 0.000000000000000000e+00 0.000000000000000000e+00 0.000000000000000000e+00 0.000000000000000000e+00 0.000000000000000000e+00 
0.000000000000000000e+00 0.000000000000000000e+00 0.000000000000000000e+00 0.000000000000000000e+00 0.000000000000000000e+00 0.000000000000000000e+00 0.000000000000000000e+00 5.802223428498937130e-01 5.500915298002176934e-01 5.236321702379026499e-01 5.233250264365536530e-01 5.263347371472603120e-01 5.263343507045674663e-01 5.263343507045674663e-01 5.263343507045674663e-01 5.263343507045674663e-01 5.263343507045674663e-01 5.263343507045674663e-01 5.263343507045674663e-01 5.263343507045674663e-01 5.263343507045674663e-01 5.263343507045674663e-01 5.263343507045674663e-01 5.263343507045674663e-01 5.263343507045674663e-01 5.263343507045674663e-01 5.258744467745708473e-01 5.218491057417156131e-01 5.296449800431121124e-01 5.621065126175556204e-01 1.020408163265306041e-02 0.000000000000000000e+00 0.000000000000000000e+00 0.000000000000000000e+00 0.000000000000000000e+00 0.000000000000000000e+00 0.000000000000000000e+00 0.000000000000000000e+00 
0.000000000000000000e+00 0.000000000000000000e+00 0.000000000000000000e+00 0.000000000000000000e+00 0.000000000000000000e+00 0.000000000000000000e+00 0.000000000000000000e+00 5.444849368318755989e-01 5.546663214557504551e-01 5.274320201226002647e-01 5.251212378089125110e-01 5.282484574584889181e-01 5.282476160106901464e-01 5.282476160106901464e-01 5.282476160106901464e-01 5.282476160106901464e-01 5.282476160106901464e-01 5.282476160106901464e-01 5.282476160106901464e-01 5.282476160106901464e-01 5.282476160106901464e-01 5.282476160106901464e-01 5.282476160106901464e-01 5.282476160106901464e-01 5.282476160106901464e-01 5.282476160106901464e-01 5.281016948808693323e-01 5.246342386843428907e-01 5.292296785914653023e-01 5.608702768450066767e-01 2.040816326530612082e-02 0.000000000000000000e+00 0.000000000000000000e+00 0.000000000000000000e+00 0.000000000000000000e+00 0.000000000000000000e+00 0.000000000000000000e+00 0.000000000000000000e+00 
0.000000000000000000e+00 0.000000000000000000e+00 0.000000000000000000e+00 0.000000000000000000e+00 0.000000000000000000e+00 0.000000000000000000e+00 0.000000000000000000e+00 5.358843537414966773e-01 5.571021302015692900e-01 5.306249346637347264e-01 5.241363445499193086e-01 5.282926217231489474e-01 5.283151876822154147e-01 5.283151876822154147e-01 5.283151876822154147e-01 5.283151876822154147e-01 5.283151876822154147e-01 5.283151876822154147e-01 5.283151876822154147e-01 5.283151876822154147e-01 5.283151876822154147e-01 5.283151876822154147e-01 5.283151876822154147e-01 5.283151876822154147e-01 5.283151876822154147e-01 5.283151876822154147e-01 5.282353825506577172e-01 5.250362071002314668e-01 5.263729671514619790e-01 5.591475930779893355e-01 1.938775510204081565e-01 0.000000000000000000e+00 0.000000000000000000e+00 0.000000000000000000e+00 0.000000000000000000e+00 0.000000000000000000e+00 0.000000000000000000e+00 0.000000000000000000e+00 
0.000000000000000000e+00 0.000000000000000000e+00 0.000000000000000000e+00 0.000000000000000000e+00 0.000000000000000000e+00 0.000000000000000000e+00 0.000000000000000000e+00 2.772108843537415268e-01 5.696641228011530833e-01 5.379940590621793417e-01 5.210588250231958929e-01 5.264551732851674437e-01 5.265662961613215565e-01 5.265662961613215565e-01 5.265662961613215565e-01 5.265662961613215565e-01 5.265662961613215565e-01 5.265662961613215565e-01 5.265662961613215565e-01 5.265662961613215565e-01 5.265662961613215565e-01 5.265662961613215565e-01 5.265662961613215565e-01 5.265662961613215565e-01 5.265662961613215565e-01 5.265662961613215565e-01 5.265453203685672712e-01 5.237931090467324857e-01 5.203481884785934319e-01 5.486201748759753638e-01 4.922254616132167304e-01 0.000000000000000000e+00 0.000000000000000000e+00 0.000000000000000000e+00 0.000000000000000000e+00 0.000000000000000000e+00 0.000000000000000000e+00 0.000000000000000000e+00 
0.000000000000000000e+00 0.000000000000000000e+00 0.000000000000000000e+00 0.000000000000000000e+00 0.000000000000000000e+00 0.000000000000000000e+00 0.000000000000000000e+00 5.597303206997085168e-01 5.612993244506160329e-01 5.326779198240192414e-01 5.230208400635917299e-01 5.279051684234793429e-01 5.279268403790088326e-01 5.279268403790088326e-01 5.279268403790088326e-01 5.279268403790088326e-01 5.279268403790088326e-01 5.279268403790088326e-01 5.279268403790088326e-01 5.279268403790088326e-01 5.279268403790088326e-01 5.279268403790088326e-01 5.279268403790088326e-01 5.279268403790088326e-01 5.279268403790088326e-01 5.279268403790088326e-01 5.277862919958148380e-01 5.245393968156852882e-01 5.243651665524190486e-01 5.593564942240830673e-01 1.530612244897959218e-01 0.000000000000000000e+00 0.000000000000000000e+00 0.000000000000000000e+00 0.000000000000000000e+00 0.000000000000000000e+00 0.000000000000000000e+00 0.000000000000000000e+00 
0.000000000000000000e+00 0.000000000000000000e+00 0.000000000000000000e+00 0.000000000000000000e+00 0.000000000000000000e+00 0.000000000000000000e+00 0.000000000000000000e+00 3.316326530612244694e-01 5.615484367995898785e-01 5.403121366250603907e-01 5.191430477811426192e-01 5.252229544074288325e-01 5.254726220845483686e-01 5.254726220845483686e-01 5.254726220845483686e-01 5.254726220845483686e-01 5.254726220845483686e-01 5.254726220845483686e-01 5.254726220845483686e-01 5.254726220845483686e-01 5.254726220845483686e-01 5.254726220845483686e-01 5.254726220845483686e-01 5.254726220845483686e-01 5.254726220845483686e-01 5.254726220845483686e-01 5.254200814887470816e-01 5.234624516794652571e-01 5.186023409801877593e-01 5.468014878775395715e-01 5.945335276967927962e-01 0.000000000000000000e+00 0.000000000000000000e+00 0.000000000000000000e+00 0.000000000000000000e+00 0.000000000000000000e+00 0.000000000000000000e+00 0.000000000000000000e+00 
0.000000000000000000e+00 0.000000000000000000e+00 0.000000000000000000e+00 0.000000000000000000e+00 0.000000000000000000e+00 0.000000000000000000e+00 0.000000000000000000e+00 5.414480077745382758e-01 5.565855265791280759e-01 5.344901552479862650e-01 5.234435280438087812e-01 5.281835140221480263e-01 5.282077563168123824e-01 5.282077563168123824e-01 5.282077563168123824e-01 5.282077563168123824e-01 5.282077563168123824e-01 5.282077563168123824e-01 5.282077563168123824e-01 5.282077563168123824e-01 5.282077563168123824e-01 5.282077563168123824e-01 5.282077563168123824e-01 5.282077563168123824e-01 5.282077563168123824e-01 5.282077563168123824e-01 5.281068446522568793e-01 5.254367683022707070e-01 5.238020295147196581e-01 5.533452097211701837e-01 2.261904761904761918e-01 0.000000000000000000e+00 0.000000000000000000e+00 0.000000000000000000e+00 0.000000000000000000e+00 0.000000000000000000e+00 0.000000000000000000e+00 0.000000000000000000e+00 
0.000000000000000000e+00 0.000000000000000000e+00 0.000000000000000000e+00 0.000000000000000000e+00 0.000000000000000000e+00 0.000000000000000000e+00 0.000000000000000000e+00 3.146258503401360151e-01 5.655931886572540535e-01 5.376494487064321648e-01 5.220133938272292218e-01 5.272144857284013497e-01 5.272701044703594908e-01 5.272701044703594908e-01 5.272701044703594908e-01 5.272701044703594908e-01 5.272701044703594908e-01 5.272701044703594908e-01 5.272701044703594908e-01 5.272701044703594908e-01 5.272701044703594908e-01 5.272701044703594908e-01 5.272701044703594908e-01 5.272701044703594908e-01 5.272701044703594908e-01 5.272701044703594908e-01 5.272394239793990467e-01 5.248056572454727897e-01 5.214066721248146186e-01 5.530909058183077764e-01 3.350340136054422158e-01 0.000000000000000000e+00 0.000000000000000000e+00 0.000000000000000000e+00 0.000000000000000000e+00 0.000000000000000000e+00 0.000000000000000000e+00 0.000000000000000000e+00 
0.000000000000000000e+00 0.000000000000000000e+00 0.000000000000000000e+00 0.000000000000000000e+00 0.000000000000000000e+00 0.000000000000000000e+00 0.000000000000000000e+00 6.044398062255204040e-01 5.529053317924421673e-01 5.255022248562153386e-01 5.244877424320648629e-01 5.275688623663752352e-01 5.275688623663752352e-01 5.275688623663752352e-01 5.275688623663752352e-01 5.275688623663752352e-01 5.275688623663752352e-01 5.275688623663752352e-01 5.275688623663752352e-01 5.275688623663752352e-01 5.275688623663752352e-01 5.275688623663752352e-01 5.275688623663752352e-01 5.275688623663752352e-01 5.275688623663752352e-01 5.275688623663752352e-01 5.272927359410221060e-01 5.236291791846591215e-01 5.298959532867519862e-01 5.695185364246322379e-01 0.000000000000000000e+00 0.000000000000000000e+00 0.000000000000000000e+00 0.000000000000000000e+00 0.000000000000000000e+00 0.000000000000000000e+00 0.000000000000000000e+00 0.000000000000000000e+00 
0.000000000000000000e+00 0.000000000000000000e+00 0.000000000000000000e+00 0.000000000000000000e+00 0.000000000000000000e+00 0.000000000000000000e+00 0.000000000000000000e+00 5.161564625850338928e-01 5.583215486169399444e-01 5.321997707704111402e-01 5.245778273596295449e-01 5.285746355053950740e-01 5.285740858843539502e-01 5.285740858843539502e-01 5.285740858843539502e-01 5.285740858843539502e-01 5.285740858843539502e-01 5.285740858843539502e-01 5.285740858843539502e-01 5.285740858843539502e-01 5.285740858843539502e-01 5.285740858843539502e-01 5.285740858843539502e-01 5.285740858843539502e-01 5.285740858843539502e-01 5.285740858843539502e-01 5.284831606542212956e-01 5.257016665140415990e-01 5.255360149698719008e-01 5.578463254813242900e-01 7.653061224489796088e-02 0.000000000000000000e+00 0.000000000000000000e+00 0.000000000000000000e+00 0.000000000000000000e+00 0.000000000000000000e+00 0.000000000000000000e+00 0.000000000000000000e+00 
0.000000000000000000e+00 0.000000000000000000e+00 0.000000000000000000e+00 0.000000000000000000e+00 0.000000000000000000e+00 0.000000000000000000e+00 0.000000000000000000e+00 6.033512972288482823e-01 5.571792959215311480e-01 5.307823017334732940e-01 5.252308693807142825e-01 5.289008103104678726e-01 5.289267492711370311e-01 5.289267492711370311e-01 5.289267492711370311e-01 5.289267492711370311e-01 5.289267492711370311e-01 5.289267492711370311e-01 5.289267492711370311e-01 5.289267492711370311e-01 5.289267492711370311e-01 5.289267492711370311e-01 5.289267492711370311e-01 5.289267492711370311e-01 5.289267492711370311e-01 5.289267492711370311e-01 5.286319201678916224e-01 5.253626701624526385e-01 5.272797844442019821e-01 5.562629535431355965e-01 1.921768707482993388e-01 0.000000000000000000e+00 0.000000000000000000e+00 0.000000000000000000e+00 0.000000000000000000e+00 0.000000000000000000e+00 0.000000000000000000e+00 0.000000000000000000e+00 
0.000000000000000000e+00 0.000000000000000000e+00 0.000000000000000000e+00 0.000000000000000000e+00 0.000000000000000000e+00 0.000000000000000000e+00 0.000000000000000000e+00 3.265306122448979331e-01 5.545715760570611996e-01 5.308549100173312052e-01 5.249505336423440083e-01 5.286940667664167259e-01 5.287304877308065532e-01 5.287304877308065532e-01 5.287304877308065532e-01 5.287304877308065532e-01 5.287304877308065532e-01 5.287304877308065532e-01 5.287304877308065532e-01 5.287304877308065532e-01 5.287304877308065532e-01 5.287304877308065532e-01 5.287304877308065532e-01 5.287304877308065532e-01 5.287304877308065532e-01 5.287304877308065532e-01 5.286813148168924004e-01 5.262957724237985468e-01 5.268606880099658829e-01 5.600688979233623410e-01 2.261904761904761918e-01 0.000000000000000000e+00 0.000000000000000000e+00 0.000000000000000000e+00 0.000000000000000000e+00 0.000000000000000000e+00 0.000000000000000000e+00 0.000000000000000000e+00 
0.000000000000000000e+00 0.000000000000000000e+00 0.000000000000000000e+00 0.000000000000000000e+00 0.000000000000000000e+00 0.000000000000000000e+00 0.000000000000000000e+00 6.079144778124370152e-01 5.505001804832068135e-01 5.263496891354093599e-01 5.244468203342176338e-01 5.279450702695220876e-01 5.279997266763848396e-01 5.279997266763848396e-01 5.279997266763848396e-01 5.279997266763848396e-01 5.279997266763848396e-01 5.279997266763848396e-01 5.279997266763848396e-01 5.279997266763848396e-01 5.279997266763848396e-01 5.279997266763848396e-01 5.279997266763848396e-01 5.279997266763848396e-01 5.279997266763848396e-01 5.279997266763848396e-01 5.275461208548710701e-01 5.242099164526694555e-01 5.298683523136942242e-01 5.626717385935140481e-01 1.836734693877551117e-01 0.000000000000000000e+00 0.000000000000000000e+00 0.000000000000000000e+00 0.000000000000000000e+00 0.000000000000000000e+00 0.000000000000000000e+00 0.000000000000000000e+00 
0.000000000000000000e+00 0.000000000000000000e+00 0.000000000000000000e+00 0.000000000000000000e+00 0.000000000000000000e+00 0.000000000000000000e+00 0.000000000000000000e+00 4.951895043731777135e-01 5.585186401910142706e-01 5.367635340353976714e-01 5.213962797398131732e-01 5.266747400579532279e-01 5.268472120991251062e-01 5.268472120991251062e-01 5.268472120991251062e-01 5.268472120991251062e-01 5.268472120991251062e-01 5.268472120991251062e-01 5.268472120991251062e-01 5.268472120991251062e-01 5.268472120991251062e-01 5.268472120991251062e-01 5.268472120991251062e-01 5.268472120991251062e-01 5.268472120991251062e-01 5.268472120991251062e-01 5.267692110614777823e-01 5.243743097457773672e-01 5.211869456442951298e-01 5.496053214448802793e-01 5.723639455782312258e-01 0.000000000000000000e+00 0.000000000000000000e+00 0.000000000000000000e+00 0.000000000000000000e+00 0.000000000000000000e+00 0.000000000000000000e+00 0.000000000000000000e+00 
0.000000000000000000e+00 0.000000000000000000e+00 0.000000000000000000e+00 0.000000000000000000e+00 0.000000000000000000e+00 0.000000000000000000e+00 0.000000000000000000e+00 2.329931972789115457e-01 5.672549933092208008e-01 5.414417424479465168e-01 5.155914628534368216e-01 5.228893506772712696e-01 5.232260538143830297e-01 5.232260538143830297e-01 5.232260538143830297e-01 5.232260538143830297e-01 5.232260538143830297e-01 5.232260538143830297e-01 5.232260538143830297e-01 5.232260538143830297e-01 5.232260538143830297e-01 5.232260538143830297e-01 5.232260538143830297e-01 5.232260538143830297e-01 5.232260538143830297e-01 5.232260538143830297e-01 5.231955975709506879e-01 5.214145276963990661e-01 5.161807854886252267e-01 5.449445243309262166e-01 5.786632585101973980e-01 0.000000000000000000e+00 0.000000000000000000e+00 0.000000000000000000e+00 0.000000000000000000e+00 0.000000000000000000e+00 0.000000000000000000e+00 0.000000000000000000e+00 
0.000000000000000000e+00 0.000000000000000000e+00 0.000000000000000000e+00 0.000000000000000000e+00 0.000000000000000000e+00 0.000000000000000000e+00 0.000000000000000000e+00 5.632929145684247851e-01 5.540967319302037009e-01 5.265642061095909821e-01 5.246800748704938400e-01 5.278691025164673478e-01 5.278763514334304796e-01 5.278763514334304796e-01 5.278763514334304796e-01 5.278763514334304796e-01 5.278763514334304796e-01 5.278763514334304796e-01 5.278763514334304796e-01 5.278763514334304796e-01 5.278763514334304796e-01 5.278763514334304796e-01 5.278763514334304796e-01 5.278763514334304796e-01 5.278763514334304796e-01 5.278763514334304796e-01 5.276592287036029338e-01 5.243376076111362361e-01 5.293416739598399978e-01 5.669893364341805908e-01 3.061224489795918297e-02 0.000000000000000000e+00 0.000000000000000000e+00 0.000000000000000000e+00 0.000000000000000000e+00 0.000000000000000000e+00 0.000000000000000000e+00 0.000000000000000000e+00 
0.000000000000000000e+00 0.000000000000000000e+00 0.000000000000000000e+00 0.000000000000000000e+00 0.000000000000000000e+00 0.000000000000000000e+00 0.000000000000000000e+00 5.940354713313895640e-01 5.574955566980881461e-01 5.293459505710377266e-01 5.246514280038886424e-01 5.286798823924505619e-01 5.287346635082602608e-01 5.287346635082602608e-01 5.287346635082602608e-01 5.287346635082602608e-01 5.287346635082602608e-01 5.287346635082602608e-01 5.287346635082602608e-01 5.287346635082602608e-01 5.287346635082602608e-01 5.287346635082602608e-01 5.287346635082602608e-01 5.287346635082602608e-01 5.287346635082602608e-01 5.287346635082602608e-01 5.285513099128215098e-01 5.250883184675541049e-01 5.282323517081914943e-01 5.612979939831587162e-01 2.857142857142856984e-01 0.000000000000000000e+00 0.000000000000000000e+00 0.000000000000000000e+00 0.000000000000000000e+00 0.000000000000000000e+00 0.000000000000000000e+00 0.000000000000000000e+00 
0.000000000000000000e+00 0.000000000000000000e+00 0.000000000000000000e+00 0.000000000000000000e+00 0.000000000000000000e+00 0.000000000000000000e+00 0.000000000000000000e+00 5.858611626468770428e-01 5.510387739860673761e-01 5.253879219614888685e-01 5.248095710129644376e-01 5.282281438728663181e-01 5.282362275267247220e-01 5.282362275267247220e-01 5.282362275267247220e-01 5.282362275267247220e-01 5.282362275267247220e-01 5.282362275267247220e-01 5.282362275267247220e-01 5.282362275267247220e-01 5.282362275267247220e-01 5.282362275267247220e-01 5.282362275267247220e-01 5.282362275267247220e-01 5.282362275267247220e-01 5.282362275267247220e-01 5.278441935242542682e-01 5.242209472423056127e-01 5.318286689449401861e-01 5.679563579895759995e-01 1.071428571428571369e-01 0.000000000000000000e+00 0.000000000000000000e+00 0.000000000000000000e+00 0.000000000000000000e+00 0.000000000000000000e+00 0.000000000000000000e+00 0.000000000000000000e+00 
0.000000000000000000e+00 0.000000000000000000e+00 0.000000000000000000e+00 0.000000000000000000e+00 0.000000000000000000e+00 0.000000000000000000e+00 0.000000000000000000e+00 5.921213140600896097e-01 5.516699045112942734e-01 5.289983679722691789e-01 5.245252994097556742e-01 5.285502985701847622e-01 5.286693695335276111e-01 5.286693695335276111e-01 5.286693695335276111e-01 5.286693695335276111e-01 5.286693695335276111e-01 5.286693695335276111e-01 5.286693695335276111e-01 5.286693695335276111e-01 5.286693695335276111e-01 5.286693695335276111e-01 5.286693695335276111e-01 5.286693695335276111e-01 5.286693695335276111e-01 5.286693695335276111e-01 5.282305822064745637e-01 5.251892879053465801e-01 5.282791718333599285e-01 5.584308973553157029e-01 4.379251700680272807e-01 0.000000000000000000e+00 0.000000000000000000e+00 0.000000000000000000e+00 0.000000000000000000e+00 0.000000000000000000e+00 0.000000000000000000e+00 0.000000000000000000e+00 
0.000000000000000000e+00 0.000000000000000000e+00 0.000000000000000000e+00 0.000000000000000000e+00 0.000000000000000000e+00 0.000000000000000000e+00 0.000000000000000000e+00 5.774257749170046417e-01 5.455602019009943016e-01 5.216802463241432264e-01 5.236482889289184595e-01 5.265757782540304577e-01 5.265811011904762973e-01 5.265811011904762973e-01 5.265811011904762973e-01 5.265811011904762973e-01 5.265811011904762973e-01 5.265811011904762973e-01 5.265811011904762973e-01 5.265811011904762973e-01 5.265811011904762973e-01 5.265811011904762973e-01 5.265811011904762973e-01 5.265811011904762973e-01 5.265811011904762973e-01 5.265811011904762973e-01 5.258868973102979183e-01 5.217912921399240345e-01 5.343366263436170049e-01 5.678788982173873512e-01 9.183673469387755584e-02 0.000000000000000000e+00 0.000000000000000000e+00 0.000000000000000000e+00 0.000000000000000000e+00 0.000000000000000000e+00 0.000000000000000000e+00 0.000000000000000000e+00 
0.000000000000000000e+00 0.000000000000000000e+00 0.000000000000000000e+00 0.000000000000000000e+00 0.000000000000000000e+00 0.000000000000000000e+00 0.000000000000000000e+00 5.882531584062196117e-01 5.549911070230362231e-01 5.313175008617356809e-01 5.237917359034897080e-01 5.277287787145364950e-01 5.277681608357627230e-01 5.277681608357627230e-01 5.277681608357627230e-01 5.277681608357627230e-01 5.277681608357627230e-01 5.277681608357627230e-01 5.277681608357627230e-01 5.277681608357627230e-01 5.277681608357627230e-01 5.277681608357627230e-01 5.277681608357627230e-01 5.277681608357627230e-01 5.277681608357627230e-01 5.277681608357627230e-01 5.275298008634297098e-01 5.248907274555332236e-01 5.248383231192325082e-01 5.534043661366156996e-01 2.738095238095238360e-01 0.000000000000000000e+00 0.000000000000000000e+00 0.000000000000000000e+00 0.000000000000000000e+00 0.000000000000000000e+00 0.000000000000000000e+00 0.000000000000000000e+00 
0.000000000000000000e+00 0.000000000000000000e+00 0.000000000000000000e+00 0.000000000000000000e+00 0.000000000000000000e+00 0.000000000000000000e+00 0.000000000000000000e+00 5.833333333333332593e-01 5.602328825386769795e-01 5.341446503060878204e-01 5.237064604917490707e-01 5.281156951667832500e-01 5.281485362001941963e-01 5.281485362001941963e-01 5.281485362001941963e-01 5.281485362001941963e-01 5.281485362001941963e-01 5.281485362001941963e-01 5.281485362001941963e-01 5.281485362001941963e-01 5.281485362001941963e-01 5.281485362001941963e-01 5.281485362001941963e-01 5.281485362001941963e-01 5.281485362001941963e-01 5.281485362001941963e-01 5.280043623586369028e-01 5.252828100897360963e-01 5.239623733487894786e-01 5.547221885352565662e-01 2.091836734693877653e-01 0.000000000000000000e+00 0.000000000000000000e+00 0.000000000000000000e+00 0.000000000000000000e+00 0.000000000000000000e+00 0.000000000000000000e+00 0.000000000000000000e+00 
0.000000000000000000e+00 0.000000000000000000e+00 0.000000000000000000e+00 0.000000000000000000e+00 0.000000000000000000e+00 0.000000000000000000e+00 0.000000000000000000e+00 6.131040727979504279e-01 5.541737233355865655e-01 5.275743000028719765e-01 5.242575000937943486e-01 5.279278229196031624e-01 5.280092170796890638e-01 5.280092170796890638e-01 5.280092170796890638e-01 5.280092170796890638e-01 5.280092170796890638e-01 5.280092170796890638e-01 5.280092170796890638e-01 5.280092170796890638e-01 5.280092170796890638e-01 5.280092170796890638e-01 5.280092170796890638e-01 5.280092170796890638e-01 5.280092170796890638e-01 5.280092170796890638e-01 5.276976155539689906e-01 5.240683692767962309e-01 5.285476247292145713e-01 5.589995899345279184e-01 3.457482993197278920e-01 0.000000000000000000e+00 0.000000000000000000e+00 0.000000000000000000e+00 0.000000000000000000e+00 0.000000000000000000e+00 0.000000000000000000e+00 0.000000000000000000e+00 
0.000000000000000000e+00 0.000000000000000000e+00 0.000000000000000000e+00 0.000000000000000000e+00 0.000000000000000000e+00 0.000000000000000000e+00 0.000000000000000000e+00 5.985870897248606326e-01 5.513150248113887208e-01 5.269075481765299607e-01 5.248693184686313851e-01 5.282174028907545837e-01 5.282134505587948725e-01 5.282134505587948725e-01 5.282134505587948725e-01 5.282134505587948725e-01 5.282134505587948725e-01 5.282134505587948725e-01 5.282134505587948725e-01 5.282134505587948725e-01 5.282134505587948725e-01 5.282134505587948725e-01 5.282134505587948725e-01 5.282134505587948725e-01 5.282134505587948725e-01 5.282134505587948725e-01 5.275959685714772807e-01 5.242005159174987217e-01 5.296722025790028265e-01 5.609758528816261025e-01 8.163265306122448328e-02 0.000000000000000000e+00 0.000000000000000000e+00 0.000000000000000000e+00 0.000000000000000000e+00 0.000000000000000000e+00 0.000000000000000000e+00 0.000000000000000000e+00 
0.000000000000000000e+00 0.000000000000000000e+00 0.000000000000000000e+00 0.000000000000000000e+00 0.000000000000000000e+00 0.000000000000000000e+00 0.000000000000000000e+00 5.750121477162292161e-01 5.586931322374554254e-01 5.306831168718416647e-01 5.228380353096319100e-01 5.270052170025438798e-01 5.270605563654033876e-01 5.270605563654033876e-01 5.270605563654033876e-01 5.270605563654033876e-01 5.270605563654033876e-01 5.270605563654033876e-01 5.270605563654033876e-01 5.270605563654033876e-01 5.270605563654033876e-01 5.270605563654033876e-01 5.270605563654033876e-01 5.270605563654033876e-01 5.270605563654033876e-01 5.270605563654033876e-01 5.268762978204015734e-01 5.237752116460518970e-01 5.241920956907442086e-01 5.543674070572347512e-01 2.568027210884353817e-01 0.000000000000000000e+00 0.000000000000000000e+00 0.000000000000000000e+00 0.000000000000000000e+00 0.000000000000000000e+00 0.000000000000000000e+00 0.000000000000000000e+00 
0.000000000000000000e+00 0.000000000000000000e+00 0.000000000000000000e+00 0.000000000000000000e+00 0.000000000000000000e+00 0.000000000000000000e+00 0.000000000000000000e+00 5.777575315840621784e-01 5.589236295577590941e-01 5.351969501432107812e-01 5.223174861836136218e-01 5.269271542745700421e-01 5.270810556365405075e-01 5.270810556365405075e-01 5.270810556365405075e-01 5.270810556365405075e-01 5.270810556365405075e-01 5.270810556365405075e-01 5.270810556365405075e-01 5.270810556365405075e-01 5.270810556365405075e-01 5.270810556365405075e-01 5.270810556365405075e-01 5.270810556365405075e-01 5.270810556365405075e-01 5.270810556365405075e-01 5.268731777261674853e-01 5.244349779508399312e-01 5.220570385702016925e-01 5.496155054703665277e-01 5.010204081632653184e-01 0.000000000000000000e+00 0.000000000000000000e+00 0.000000000000000000e+00 0.000000000000000000e+00 0.000000000000000000e+00 0.000000000000000000e+00 0.000000000000000000e+00 
0.000000000000000000e+00 0.000000000000000000e+00 0.000000000000000000e+00 0.000000000000000000e+00 0.000000000000000000e+00 0.000000000000000000e+00 0.000000000000000000e+00 6.312074829931972886e-01 5.589159583557291588e-01 5.315366595680030004e-01 5.235549981646093753e-01 5.277854312259330216e-01 5.278995080174926358e-01 5.278995080174926358e-01 5.278995080174926358e-01 5.278995080174926358e-01 5.278995080174926358e-01 5.278995080174926358e-01 5.278995080174926358e-01 5.278995080174926358e-01 5.278995080174926358e-01 5.278995080174926358e-01 5.278995080174926358e-01 5.278995080174926358e-01 5.278995080174926358e-01 5.278995080174926358e-01 5.276490724277203004e-01 5.246865503415101273e-01 5.251594787682012377e-01 5.558981866796430804e-01 4.658163265306122236e-01 0.000000000000000000e+00 0.000000000000000000e+00 0.000000000000000000e+00 0.000000000000000000e+00 0.000000000000000000e+00 0.000000000000000000e+00 0.000000000000000000e+00 
0.000000000000000000e+00 0.000000000000000000e+00 0.000000000000000000e+00 0.000000000000000000e+00 0.000000000000000000e+00 0.000000000000000000e+00 0.000000000000000000e+00 5.932630827888929481e-01 5.485758849988539021e-01 5.273782318832191951e-01 5.245863877256680130e-01 5.284293302952162152e-01 5.285122084548107280e-01 5.285122084548107280e-01 5.285122084548107280e-01 5.285122084548107280e-01 5.285122084548107280e-01 5.285122084548107280e-01 5.285122084548107280e-01 5.285122084548107280e-01 5.285122084548107280e-01 5.285122084548107280e-01 5.285122084548107280e-01 5.285122084548107280e-01 5.285122084548107280e-01 5.285122084548107280e-01 5.279441385010495980e-01 5.250928919716195686e-01 5.299761489173346884e-01 5.632478148015350738e-01 3.086734693877551394e-01 0.000000000000000000e+00 0.000000000000000000e+00 0.000000000000000000e+00 0.000000000000000000e+00 0.000000000000000000e+00 0.000000000000000000e+00 0.000000000000000000e+00 
0.000000000000000000e+00 0.000000000000000000e+00 0.000000000000000000e+00 0.000000000000000000e+00 0.000000000000000000e+00 0.000000000000000000e+00 0.000000000000000000e+00 5.556932296728215315e-01 5.578616662884501309e-01 5.303393488761994901e-01 5.219699435396171205e-01 5.260719600202811153e-01 5.261680788386782215e-01 5.261680788386782215e-01 5.261680788386782215e-01 5.261680788386782215e-01 5.261680788386782215e-01 5.261680788386782215e-01 5.261680788386782215e-01 5.261680788386782215e-01 5.261680788386782215e-01 5.261680788386782215e-01 5.261680788386782215e-01 5.261680788386782215e-01 5.261680788386782215e-01 5.261680788386782215e-01 5.259733266253864281e-01 5.231885489273455647e-01 5.229415064469187246e-01 5.521571107677897272e-01 3.154761904761904656e-01 0.000000000000000000e+00 0.000000000000000000e+00 0.000000000000000000e+00 0.000000000000000000e+00 0.000000000000000000e+00 0.000000000000000000e+00 0.000000000000000000e+00 
0.000000000000000000e+00 0.000000000000000000e+00 0.000000000000000000e+00 0.000000000000000000e+00 0.000000000000000000e+00 0.000000000000000000e+00 0.000000000000000000e+00 5.956940168674863534e-01 5.543867366664649854e-01 5.309367228141478323e-01 5.239710556303314171e-01 5.281480493500573248e-01 5.282176263362486912e-01 5.282176263362486912e-01 5.282176263362486912e-01 5.282176263362486912e-01 5.282176263362486912e-01 5.282176263362486912e-01 5.282176263362486912e-01 5.282176263362486912e-01 5.282176263362486912e-01 5.282176263362486912e-01 5.282176263362486912e-01 5.282176263362486912e-01 5.282176263362486912e-01 5.282176263362486912e-01 5.279115446023285863e-01 5.250694777532664004e-01 5.258578394111513843e-01 5.572888267696071152e-01 3.775510204081632404e-01 0.000000000000000000e+00 0.000000000000000000e+00 0.000000000000000000e+00 0.000000000000000000e+00 0.000000000000000000e+00 0.000000000000000000e+00 0.000000000000000000e+00 
0.000000000000000000e+00 0.000000000000000000e+00 0.000000000000000000e+00 0.000000000000000000e+00 0.000000000000000000e+00 0.000000000000000000e+00 0.000000000000000000e+00 5.927913356484785234e-01 5.510370396544764793e-01 5.269483264700618452e-01 5.249040772039917924e-01 5.283616482079184218e-01 5.284381833090379121e-01 5.284381833090379121e-01 5.284381833090379121e-01 5.284381833090379121e-01 5.284381833090379121e-01 5.284381833090379121e-01 5.284381833090379121e-01 5.284381833090379121e-01 5.284381833090379121e-01 5.284381833090379121e-01 5.284381833090379121e-01 5.284381833090379121e-01 5.284381833090379121e-01 5.284381833090379121e-01 5.279605552761603704e-01 5.247418380618592559e-01 5.302201875538185005e-01 5.618546502431639444e-01 3.088435374149660073e-01 0.000000000000000000e+00 0.000000000000000000e+00 0.000000000000000000e+00 0.000000000000000000e+00 0.000000000000000000e+00 0.000000000000000000e+00 0.000000000000000000e+00 
0.000000000000000000e+00 0.000000000000000000e+00 0.000000000000000000e+00 0.000000000000000000e+00 0.000000000000000000e+00 0.000000000000000000e+00 0.000000000000000000e+00 5.764480683440167397e-01 5.481353320116992833e-01 5.256827598783517796e-01 5.243002614021585739e-01 5.281131433503898354e-01 5.281743500971818328e-01 5.281743500971818328e-01 5.281743500971818328e-01 5.281743500971818328e-01 5.281743500971818328e-01 5.281743500971818328e-01 5.281743500971818328e-01 5.281743500971818328e-01 5.281743500971818328e-01 5.281743500971818328e-01 5.281743500971818328e-01 5.281743500971818328e-01 5.281743500971818328e-01 5.281743500971818328e-01 5.273774810871144636e-01 5.239274992230587014e-01 5.312811371542159877e-01 5.613103016676136425e-01 3.316326530612244694e-01 0.000000000000000000e+00 0.000000000000000000e+00 0.000000000000000000e+00 0.000000000000000000e+00 0.000000000000000000e+00 0.000000000000000000e+00 0.000000000000000000e+00 
0.000000000000000000e+00 0.000000000000000000e+00 0.000000000000000000e+00 0.000000000000000000e+00 0.000000000000000000e+00 0.000000000000000000e+00 0.000000000000000000e+00 5.964827506532345280e-01 5.517271959947276372e-01 5.278888837850698179e-01 5.247782241430452022e-01 5.283240671132383159e-01 5.284586825801750321e-01 5.284586825801750321e-01 5.284586825801750321e-01 5.284586825801750321e-01 5.284586825801750321e-01 5.284586825801750321e-01 5.284586825801750321e-01 5.284586825801750321e-01 5.284586825801750321e-01 5.284586825801750321e-01 5.284586825801750321e-01 5.284586825801750321e-01 5.284586825801750321e-01 5.284586825801750321e-01 5.278618308304702245e-01 5.244916649660201768e-01 5.291422099195203232e-01 5.562365317715167734e-01 5.108843537414965441e-01 0.000000000000000000e+00 0.000000000000000000e+00 0.000000000000000000e+00 0.000000000000000000e+00 0.000000000000000000e+00 0.000000000000000000e+00 0.000000000000000000e+00 
0.000000000000000000e+00 0.000000000000000000e+00 0.000000000000000000e+00 0.000000000000000000e+00 0.000000000000000000e+00 0.000000000000000000e+00 0.000000000000000000e+00 5.862539554616387205e-01 5.554986178256275942e-01 5.301469628701094283e-01 5.219864235983783241e-01 5.268238837931752405e-01 5.270723244655002304e-01 5.270723244655002304e-01 5.270723244655002304e-01 5.270723244655002304e-01 5.270723244655002304e-01 5.270723244655002304e-01 5.270723244655002304e-01 5.270723244655002304e-01 5.270723244655002304e-01 5.270723244655002304e-01 5.270723244655002304e-01 5.270723244655002304e-01 5.270723244655002304e-01 5.270723244655002304e-01 5.265646108191994745e-01 5.232856282978343154e-01 5.245636156741797507e-01 5.545459801158840740e-01 6.201166180758017621e-01 0.000000000000000000e+00 0.000000000000000000e+00 0.000000000000000000e+00 0.000000000000000000e+00 0.000000000000000000e+00 0.000000000000000000e+00 0.000000000000000000e+00 
0.000000000000000000e+00 0.000000000000000000e+00 0.000000000000000000e+00 0.000000000000000000e+00 0.000000000000000000e+00 0.000000000000000000e+00 0.000000000000000000e+00 5.771137026239065992e-01 5.604030456757612688e-01 5.322604698716001392e-01 5.227922940364317927e-01 5.268522280577480066e-01 5.268741648445091075e-01 5.268741648445091075e-01 5.268741648445091075e-01 5.268741648445091075e-01 5.268741648445091075e-01 5.268741648445091075e-01 5.268741648445091075e-01 5.268741648445091075e-01 5.268741648445091075e-01 5.268741648445091075e-01 5.268741648445091075e-01 5.268741648445091075e-01 5.268741648445091075e-01 5.268741648445091075e-01 5.266028768633914670e-01 5.237476266877044706e-01 5.229950476959345229e-01 5.516559227993150794e-01 2.261904761904761640e-01 0.000000000000000000e+00 0.000000000000000000e+00 0.000000000000000000e+00 0.000000000000000000e+00 0.000000000000000000e+00 0.000000000000000000e+00 0.000000000000000000e+00 
0.000000000000000000e+00 0.000000000000000000e+00 0.000000000000000000e+00 0.000000000000000000e+00 0.000000000000000000e+00 0.000000000000000000e+00 0.000000000000000000e+00 5.927794780054813639e-01 5.506626602353498212e-01 5.260109013226669239e-01 5.227860859429886986e-01 5.266313826543823629e-01 5.267652150145772927e-01 5.267652150145772927e-01 5.267652150145772927e-01 5.267652150145772927e-01 5.267652150145772927e-01 5.267652150145772927e-01 5.267652150145772927e-01 5.267652150145772927e-01 5.267652150145772927e-01 5.267652150145772927e-01 5.267652150145772927e-01 5.267652150145772927e-01 5.267652150145772927e-01 5.267652150145772927e-01 5.260087826566897107e-01 5.222254064091673698e-01 5.275400758969374104e-01 5.551779549756331589e-01 4.975947521865888845e-01 0.000000000000000000e+00 0.000000000000000000e+00 0.000000000000000000e+00 0.000000000000000000e+00 0.000000000000000000e+00 0.000000000000000000e+00 0.000000000000000000e+00 
0.000000000000000000e+00 0.000000000000000000e+00 0.000000000000000000e+00 0.000000000000000000e+00 0.000000000000000000e+00 0.000000000000000000e+00 0.000000000000000000e+00 5.637512147716230437e-01 5.606539470954647886e-01 5.313179435124706362e-01 5.224312291357486870e-01 5.266622861142639112e-01 5.267648353984448750e-01 5.267648353984448750e-01 5.267648353984448750e-01 5.267648353984448750e-01 5.267648353984448750e-01 5.267648353984448750e-01 5.267648353984448750e-01 5.267648353984448750e-01 5.267648353984448750e-01 5.267648353984448750e-01 5.267648353984448750e-01 5.267648353984448750e-01 5.267648353984448750e-01 5.267648353984448750e-01 5.265931577442227729e-01 5.233507342183600919e-01 5.233741071069425432e-01 5.509469696051205734e-01 5.155369290573371677e-01 0.000000000000000000e+00 0.000000000000000000e+00 0.000000000000000000e+00 0.000000000000000000e+00 0.000000000000000000e+00 0.000000000000000000e+00 0.000000000000000000e+00 
0.000000000000000000e+00 0.000000000000000000e+00 0.000000000000000000e+00 0.000000000000000000e+00 0.000000000000000000e+00 0.000000000000000000e+00 0.000000000000000000e+00 5.914748375207558029e-01 5.544825316612277399e-01 5.280255323344560381e-01 5.234833730169794475e-01 5.274246189730424916e-01 5.274618106171036214e-01 5.274618106171036214e-01 5.274618106171036214e-01 5.274618106171036214e-01 5.274618106171036214e-01 5.274618106171036214e-01 5.274618106171036214e-01 5.274618106171036214e-01 5.274618106171036214e-01 5.274618106171036214e-01 5.274618106171036214e-01 5.274618106171036214e-01 5.274618106171036214e-01 5.274618106171036214e-01 5.270705107035745796e-01 5.236322597887662633e-01 5.268912316227802872e-01 5.575130357073528886e-01 3.180272108843537060e-01 0.000000000000000000e+00 0.000000000000000000e+00 0.000000000000000000e+00 0.000000000000000000e+00 0.000000000000000000e+00 0.000000000000000000e+00 0.000000000000000000e+00 
0.000000000000000000e+00 0.000000000000000000e+00 0.000000000000000000e+00 0.000000000000000000e+00 0.000000000000000000e+00 0.000000000000000000e+00 0.000000000000000000e+00 5.802808850484424408e-01 5.490699762158507413e-01 5.256413518666180895e-01 5.240799330563211678e-01 5.278492601970536935e-01 5.279940324344024605e-01 5.279940324344024605e-01 5.279940324344024605e-01 5.279940324344024605e-01 5.279940324344024605e-01 5.279940324344024605e-01 5.279940324344024605e-01 5.279940324344024605e-01 5.279940324344024605e-01 5.279940324344024605e-01 5.279940324344024605e-01 5.279940324344024605e-01 5.279940324344024605e-01 5.279940324344024605e-01 5.271767157762254907e-01 5.234187633669464823e-01 5.308358673717950005e-01 5.585552993948285083e-01 5.103741496598640515e-01 0.000000000000000000e+00 0.000000000000000000e+00 0.000000000000000000e+00 0.000000000000000000e+00 0.000000000000000000e+00 0.000000000000000000e+00 0.000000000000000000e+00 
0.000000000000000000e+00 0.000000000000000000e+00 0.000000000000000000e+00 0.000000000000000000e+00 0.000000000000000000e+00 0.000000000000000000e+00 0.000000000000000000e+00 5.697926789763524402e-01 5.664369513720820537e-01 5.386541209517473616e-01 5.190905713022451184e-01 5.250841138711770384e-01 5.255982750242953472e-01 5.255982750242953472e-01 5.255982750242953472e-01 5.255982750242953472e-01 5.255982750242953472e-01 5.255982750242953472e-01 5.255982750242953472e-01 5.255982750242953472e-01 5.255982750242953472e-01 5.255982750242953472e-01 5.255982750242953472e-01 5.255982750242953472e-01 5.255982750242953472e-01 5.255982750242953472e-01 5.253815194340535344e-01 5.225715575267693147e-01 5.191423578942941930e-01 5.450151453814211511e-01 5.804079390664024229e-01 0.000000000000000000e+00 0.000000000000000000e+00 0.000000000000000000e+00 0.000000000000000000e+00 0.000000000000000000e+00 0.000000000000000000e+00 0.000000000000000000e+00 
0.000000000000000000e+00 0.000000000000000000e+00 0.000000000000000000e+00 0.000000000000000000e+00 0.000000000000000000e+00 0.000000000000000000e+00 0.000000000000000000e+00 6.102926268742594473e-01 5.539469460028650927e-01 5.311126790134744757e-01 5.215330345784930932e-01 5.263314620473191763e-01 5.264368470602526218e-01 5.264368470602526218e-01 5.264368470602526218e-01 5.264368470602526218e-01 5.264368470602526218e-01 5.264368470602526218e-01 5.264368470602526218e-01 5.264368470602526218e-01 5.264368470602526218e-01 5.264368470602526218e-01 5.264368470602526218e-01 5.264368470602526218e-01 5.264368470602526218e-01 5.264368470602526218e-01 5.259825262011004199e-01 5.233478484931534114e-01 5.229520876907413074e-01 5.520458839236299653e-01 4.952380952380951995e-01 0.000000000000000000e+00 0.000000000000000000e+00 0.000000000000000000e+00 0.000000000000000000e+00 0.000000000000000000e+00 0.000000000000000000e+00 0.000000000000000000e+00 
0.000000000000000000e+00 0.000000000000000000e+00 0.000000000000000000e+00 0.000000000000000000e+00 0.000000000000000000e+00 0.000000000000000000e+00 0.000000000000000000e+00 5.750890832523485319e-01 5.643519206871639993e-01 5.376128594428480900e-01 5.183270926001113388e-01 5.239751743396899863e-01 5.246712524295433777e-01 5.246712524295433777e-01 5.246712524295433777e-01 5.246712524295433777e-01 5.246712524295433777e-01 5.246712524295433777e-01 5.246712524295433777e-01 5.246712524295433777e-01 5.246712524295433777e-01 5.246712524295433777e-01 5.246712524295433777e-01 5.246712524295433777e-01 5.246712524295433777e-01 5.246712524295433777e-01 5.243846002767774683e-01 5.215880106635724101e-01 5.183804653959116493e-01 5.421779034883827952e-01 5.836235898393919985e-01 0.000000000000000000e+00 0.000000000000000000e+00 0.000000000000000000e+00 0.000000000000000000e+00 0.000000000000000000e+00 0.000000000000000000e+00 0.000000000000000000e+00 
0.000000000000000000e+00 0.000000000000000000e+00 0.000000000000000000e+00 0.000000000000000000e+00 0.000000000000000000e+00 0.000000000000000000e+00 0.000000000000000000e+00 5.847718783097342055e-01 5.512808608903411178e-01 5.262492162250886896e-01 5.220508076950346465e-01 5.262721695332697180e-01 5.263066387269192958e-01 5.263066387269192958e-01 5.263066387269192958e-01 5.263066387269192958e-01 5.263066387269192958e-01 5.263066387269192958e-01 5.263066387269192958e-01 5.263066387269192958e-01 5.263066387269192958e-01 5.263066387269192958e-01 5.263066387269192958e-01 5.263066387269192958e-01 5.263066387269192958e-01 5.263066387269192958e-01 5.256521245602688852e-01 5.222328439341783479e-01 5.262843328629549511e-01 5.599333218653835820e-01 1.768707482993197577e-01 0.000000000000000000e+00 0.000000000000000000e+00 0.000000000000000000e+00 0.000000000000000000e+00 0.000000000000000000e+00 0.000000000000000000e+00 0.000000000000000000e+00 
0.000000000000000000e+00 0.000000000000000000e+00 0.000000000000000000e+00 0.000000000000000000e+00 0.000000000000000000e+00 0.000000000000000000e+00 0.000000000000000000e+00 5.894037411674442062e-01 5.529207148365828939e-01 5.273760125448191394e-01 5.217322759188388615e-01 5.264588395660555475e-01 5.265894527453841567e-01 5.265894527453841567e-01 5.265894527453841567e-01 5.265894527453841567e-01 5.265894527453841567e-01 5.265894527453841567e-01 5.265894527453841567e-01 5.265894527453841567e-01 5.265894527453841567e-01 5.265894527453841567e-01 5.265894527453841567e-01 5.265894527453841567e-01 5.265894527453841567e-01 5.265894527453841567e-01 5.259892228852546259e-01 5.224755131617890846e-01 5.258932100993228831e-01 5.581684073739371366e-01 5.008503401360544505e-01 0.000000000000000000e+00 0.000000000000000000e+00 0.000000000000000000e+00 0.000000000000000000e+00 0.000000000000000000e+00 0.000000000000000000e+00 0.000000000000000000e+00 
0.000000000000000000e+00 0.000000000000000000e+00 0.000000000000000000e+00 0.000000000000000000e+00 0.000000000000000000e+00 0.000000000000000000e+00 0.000000000000000000e+00 5.783558126670074184e-01 5.466982708102892108e-01 5.228957746086707603e-01 5.222852818748493497e-01 5.259250260992265336e-01 5.259983904275996602e-01 5.259983904275996602e-01 5.259983904275996602e-01 5.259983904275996602e-01 5.259983904275996602e-01 5.259983904275996602e-01 5.259983904275996602e-01 5.259983904275996602e-01 5.259983904275996602e-01 5.259983904275996602e-01 5.259983904275996602e-01 5.259983904275996602e-01 5.259983904275996602e-01 5.259983904275996602e-01 5.251342610536225974e-01 5.212609716140110816e-01 5.300814725837662555e-01 5.628721815009974927e-01 3.386054421768707745e-01 0.000000000000000000e+00 0.000000000000000000e+00 0.000000000000000000e+00 0.000000000000000000e+00 0.000000000000000000e+00 0.000000000000000000e+00 0.000000000000000000e+00 
0.000000000000000000e+00 0.000000000000000000e+00 0.000000000000000000e+00 0.000000000000000000e+00 0.000000000000000000e+00 0.000000000000000000e+00 0.000000000000000000e+00 5.794775586447257210e-01 5.471671985923723946e-01 5.228451561530653713e-01 5.235430880187618152e-01 5.264625185428392085e-01 5.264672163508259395e-01 5.264672163508259395e-01 5.264672163508259395e-01 5.264672163508259395e-01 5.264672163508259395e-01 5.264672163508259395e-01 5.264672163508259395e-01 5.264672163508259395e-01 5.264672163508259395e-01 5.264672163508259395e-01 5.264672163508259395e-01 5.264672163508259395e-01 5.264672163508259395e-01 5.264672163508259395e-01 5.258596559130959136e-01 5.221972665928694690e-01 5.313142503290588792e-01 5.603308325130716971e-01 1.632653061224489666e-01 0.000000000000000000e+00 0.000000000000000000e+00 0.000000000000000000e+00 0.000000000000000000e+00 0.000000000000000000e+00 0.000000000000000000e+00 0.000000000000000000e+00 
0.000000000000000000e+00 0.000000000000000000e+00 0.000000000000000000e+00 0.000000000000000000e+00 0.000000000000000000e+00 0.000000000000000000e+00 0.000000000000000000e+00 5.801565214830519679e-01 5.578362422334673942e-01 5.334665618172892421e-01 5.194053963410196761e-01 5.250747335673114913e-01 5.254688259232267455e-01 5.254688259232267455e-01 5.254688259232267455e-01 5.254688259232267455e-01 5.254688259232267455e-01 5.254688259232267455e-01 5.254688259232267455e-01 5.254688259232267455e-01 5.254688259232267455e-01 5.254688259232267455e-01 5.254688259232267455e-01 5.254688259232267455e-01 5.254688259232267455e-01 5.254688259232267455e-01 5.252596258370862969e-01 5.227743934574267115e-01 5.206018673411084707e-01 5.500394495756590896e-01 6.066683599846866004e-01 0.000000000000000000e+00 0.000000000000000000e+00 0.000000000000000000e+00 0.000000000000000000e+00 0.000000000000000000e+00 0.000000000000000000e+00 0.000000000000000000e+00 
0.000000000000000000e+00 0.000000000000000000e+00 0.000000000000000000e+00 0.000000000000000000e+00 0.000000000000000000e+00 0.000000000000000000e+00 0.000000000000000000e+00 5.999575455464609686e-01 5.468976010492777595e-01 5.252079723337744754e-01 5.238491372196525386e-01 5.275024700093395857e-01 5.275384930758016955e-01 5.275384930758016955e-01 5.275384930758016955e-01 5.275384930758016955e-01 5.275384930758016955e-01 5.275384930758016955e-01 5.275384930758016955e-01 5.275384930758016955e-01 5.275384930758016955e-01 5.275384930758016955e-01 5.275384930758016955e-01 5.275384930758016955e-01 5.275384930758016955e-01 5.275384930758016955e-01 5.268282117736111658e-01 5.238457450008594529e-01 5.303674306232336599e-01 5.632397008149279127e-01 1.989795918367346927e-01 0.000000000000000000e+00 0.000000000000000000e+00 0.000000000000000000e+00 0.000000000000000000e+00 0.000000000000000000e+00 0.000000000000000000e+00 0.000000000000000000e+00 
0.000000000000000000e+00 0.000000000000000000e+00 0.000000000000000000e+00 0.000000000000000000e+00 0.000000000000000000e+00 0.000000000000000000e+00 0.000000000000000000e+00 5.729507669219082722e-01 5.491215674454320572e-01 5.239534003735685230e-01 5.215053394044040225e-01 5.256211422939942590e-01 5.256939382896013147e-01 5.256939382896013147e-01 5.256939382896013147e-01 5.256939382896013147e-01 5.256939382896013147e-01 5.256939382896013147e-01 5.256939382896013147e-01 5.256939382896013147e-01 5.256939382896013147e-01 5.256939382896013147e-01 5.256939382896013147e-01 5.256939382896013147e-01 5.256939382896013147e-01 5.256939382896013147e-01 5.252154759350252666e-01 5.213826026024774851e-01 5.277401257793679079e-01 5.625578632063800155e-01 2.704081632653061451e-01 0.000000000000000000e+00 0.000000000000000000e+00 0.000000000000000000e+00 0.000000000000000000e+00 0.000000000000000000e+00 0.000000000000000000e+00 0.000000000000000000e+00 
0.000000000000000000e+00 0.000000000000000000e+00 0.000000000000000000e+00 0.000000000000000000e+00 0.000000000000000000e+00 0.000000000000000000e+00 0.000000000000000000e+00 5.721029395774294146e-01 5.506364897510922507e-01 5.284867473003460603e-01 5.213178330714900444e-01 5.259056628419233048e-01 5.261153121963073609e-01 5.261153121963073609e-01 5.261153121963073609e-01 5.261153121963073609e-01 5.261153121963073609e-01 5.261153121963073609e-01 5.261153121963073609e-01 5.261153121963073609e-01 5.261153121963073609e-01 5.261153121963073609e-01 5.261153121963073609e-01 5.261153121963073609e-01 5.261153121963073609e-01 5.261153121963073609e-01 5.257426508273486121e-01 5.227374531454717088e-01 5.240409560340371087e-01 5.529859032134135655e-01 6.007410106899903068e-01 0.000000000000000000e+00 0.000000000000000000e+00 0.000000000000000000e+00 0.000000000000000000e+00 0.000000000000000000e+00 0.000000000000000000e+00 0.000000000000000000e+00 
0.000000000000000000e+00 0.000000000000000000e+00 0.000000000000000000e+00 0.000000000000000000e+00 0.000000000000000000e+00 0.000000000000000000e+00 0.000000000000000000e+00 5.998475164291491302e-01 5.601706614726390532e-01 5.360882314067184629e-01 5.204592138843046056e-01 5.260511005437519261e-01 5.262591867103985077e-01 5.262591867103985077e-01 5.262591867103985077e-01 5.262591867103985077e-01 5.262591867103985077e-01 5.262591867103985077e-01 5.262591867103985077e-01 5.262591867103985077e-01 5.262591867103985077e-01 5.262591867103985077e-01 5.262591867103985077e-01 5.262591867103985077e-01 5.262591867103985077e-01 5.262591867103985077e-01 5.257878352221956320e-01 5.230353622711226835e-01 5.206567200800257256e-01 5.466443796163452662e-01 5.726109491415615205e-01 0.000000000000000000e+00 0.000000000000000000e+00 0.000000000000000000e+00 0.000000000000000000e+00 0.000000000000000000e+00 0.000000000000000000e+00 0.000000000000000000e+00 
0.000000000000000000e+00 0.000000000000000000e+00 0.000000000000000000e+00 0.000000000000000000e+00 0.000000000000000000e+00 0.000000000000000000e+00 0.000000000000000000e+00 5.879288511941572759e-01 5.589798885048988808e-01 5.315122214217700147e-01 5.198839403833848127e-01 5.251442474319777398e-01 5.252118258017494101e-01 5.252118258017494101e-01 5.252118258017494101e-01 5.252118258017494101e-01 5.252118258017494101e-01 5.252118258017494101e-01 5.252118258017494101e-01 5.252118258017494101e-01 5.252118258017494101e-01 5.252118258017494101e-01 5.252118258017494101e-01 5.252118258017494101e-01 5.252118258017494101e-01 5.252118258017494101e-01 5.248338595075340285e-01 5.218630426559813795e-01 5.210340136787796617e-01 5.494099579196769501e-01 4.831389698736637817e-01 0.000000000000000000e+00 0.000000000000000000e+00 0.000000000000000000e+00 0.000000000000000000e+00 0.000000000000000000e+00 0.000000000000000000e+00 0.000000000000000000e+00 
