0.000000000000000000e+00 0.000000000000000000e+00 0.000000000000000000e+00 0.000000000000000000e+00 0.000000000000000000e+00 0.000000000000000000e+00 0.000000000000000000e+00 0.000000000000000000e+00 0.000000000000000000e+00 5.001755741993102466e-01 5.002339038911636226e-01 5.002998998596674962e-01 5.002959107750243328e-01 5.002959107750243328e-01 5.002959107750243328e-01 5.002959107750243328e-01 5.002959107750243328e-01 5.002959107750243328e-01 5.002959107750243328e-01 5.002959107750243328e-01 5.002959107750243328e-01 5.002959107750243328e-01 5.002959107750243328e-01 5.002959107750243328e-01 5.002959107750243328e-01 5.002959107750243328e-01 5.002959107750243328e-01 5.002959107750243328e-01 5.009379899895720634e-01 5.097789115646257363e-01 1.020408163265306041e-02 0.000000000000000000e+00 0.000000000000000000e+00 0.000000000000000000e+00 0.000000000000000000e+00 0.000000000000000000e+00 0.000000000000000000e+00 0.000000000000000000e+00 
0.000000000000000000e+00 0.000000000000000000e+00 0.000000000000000000e+00 0.000000000000000000e+00 0.000000000000000000e+00 0.000000000000000000e+00 0.000000000000000000e+00 0.000000000000000000e+00 0.000000000000000000e+00 5.194590606206342942e-01 5.116891399416911845e-01 5.116891399416911845e-01 5.116891399416911845e-01 5.116891399416911845e-01 5.116891399416911845e-01 5.116891399416911845e-01 5.116891399416911845e-01 5.116891399416911845e-01 5.116891399416911845e-01 5.116891399416911845e-01 5.116891399416911845e-01 5.116891399416911845e-01 5.116891399416911845e-01 5.116891399416911845e-01 5.116891399416911845e-01 5.116891399416911845e-01 5.116891399416911845e-01 5.116891399416911845e-01 5.083775827081097320e-01 0.000000000000000000e+00 0.000000000000000000e+00 0.000000000000000000e+00 0.000000000000000000e+00 0.000000000000000000e+00 0.000000000000000000e+00 0.000000000000000000e+00 0.000000000000000000e+00 0.000000000000000000e+00 
0.000000000000000000e+00 0.000000000000000000e+00 0.000000000000000000e+00 0.000000000000000000e+00 0.000000000000000000e+00 0.000000000000000000e+00 0.000000000000000000e+00 0.000000000000000000e+00 4.489795918367346372e-01 5.195315418620287673e-01 5.145921663676281677e-01 5.147289161200194751e-01 5.147289161200194751e-01 5.147289161200194751e-01 5.147289161200194751e-01 5.147289161200194751e-01 5.147289161200194751e-01 5.147289161200194751e-01 5.147289161200194751e-01 5.147289161200194751e-01 5.147289161200194751e-01 5.147289161200194751e-01 5.147289161200194751e-01 5.147289161200194751e-01 5.147289161200194751e-01 5.147289161200194751e-01 5.147289161200194751e-01 5.147184027442402998e-01 5.118249745632341696e-01 5.761175898931000239e-01 0.000000000000000000e+00 0.000000000000000000e+00 0.000000000000000000e+00 0.000000000000000000e+00 0.000000000000000000e+00 0.000000000000000000e+00 0.000000000000000000e+00 0.000000000000000000e+00 
0.000000000000000000e+00 0.000000000000000000e+00 0.000000000000000000e+00 0.000000000000000000e+00 0.000000000000000000e+00 0.000000000000000000e+00 0.000000000000000000e+00 0.000000000000000000e+00 5.528499278499277025e-01 5.190174564207264973e-01 5.180518167297692989e-01 5.180497980442176909e-01 5.180497980442176909e-01 5.180497980442176909e-01 5.180497980442176909e-01 5.180497980442176909e-01 5.180497980442176909e-01 5.180497980442176909e-01 5.180497980442176909e-01 5.180497980442176909e-01 5.180497980442176909e-01 5.180497980442176909e-01 5.180497980442176909e-01 5.180497980442176909e-01 5.180497980442176909e-01 5.180497980442176909e-01 5.180497980442176909e-01 5.179676563902788633e-01 5.171384843043712598e-01 0.000000000000000000e+00 0.000000000000000000e+00 0.000000000000000000e+00 0.000000000000000000e+00 0.000000000000000000e+00 0.000000000000000000e+00 0.000000000000000000e+00 0.000000000000000000e+00 0.000000000000000000e+00 
0.000000000000000000e+00 0.000000000000000000e+00 0.000000000000000000e+00 0.000000000000000000e+00 0.000000000000000000e+00 0.000000000000000000e+00 0.000000000000000000e+00 0.000000000000000000e+00 5.665676249646497409e-01 5.130276054035057820e-01 5.168260720644396455e-01 5.168240175534500880e-01 5.168240175534500880e-01 5.168240175534500880e-01 5.168240175534500880e-01 5.168240175534500880e-01 5.168240175534500880e-01 5.168240175534500880e-01 5.168240175534500880e-01 5.168240175534500880e-01 5.168240175534500880e-01 5.168240175534500880e-01 5.168240175534500880e-01 5.168240175534500880e-01 5.168240175534500880e-01 5.168240175534500880e-01 5.168240175534500880e-01 5.156004152577735589e-01 5.237199881950462821e-01 0.000000000000000000e+00 0.000000000000000000e+00 0.000000000000000000e+00 0.000000000000000000e+00 0.000000000000000000e+00 0.000000000000000000e+00 0.000000000000000000e+00 0.000000000000000000e+00 0.000000000000000000e+00 
0.000000000000000000e+00 0.000000000000000000e+00 0.000000000000000000e+00 0.000000000000000000e+00 0.000000000000000000e+00 0.000000000000000000e+00 0.000000000000000000e+00 0.000000000000000000e+00 5.869321165117116212e-01 5.262826654429239026e-01 5.184553652822179171e-01 5.184743986880466782e-01 5.184743986880466782e-01 5.184743986880466782e-01 5.184743986880466782e-01 5.184743986880466782e-01 5.184743986880466782e-01 5.184743986880466782e-01 5.184743986880466782e-01 5.184743986880466782e-01 5.184743986880466782e-01 5.184743986880466782e-01 5.184743986880466782e-01 5.184743986880466782e-01 5.184743986880466782e-01 5.184743986880466782e-01 5.184743986880466782e-01 5.181472869971929240e-01 5.142984929645136871e-01 3.443877551020408379e-01 0.000000000000000000e+00 0.000000000000000000e+00 0.000000000000000000e+00 0.000000000000000000e+00 0.000000000000000000e+00 0.000000000000000000e+00 0.000000000000000000e+00 0.000000000000000000e+00 
0.000000000000000000e+00 0.000000000000000000e+00 0.000000000000000000e+00 0.000000000000000000e+00 0.000000000000000000e+00 0.000000000000000000e+00 0.000000000000000000e+00 0.000000000000000000e+00 5.710608256580815834e-01 5.226038877458318854e-01 5.201784583668567219e-01 5.202976949708454368e-01 5.202976949708454368e-01 5.202976949708454368e-01 5.202976949708454368e-01 5.202976949708454368e-01 5.202976949708454368e-01 5.202976949708454368e-01 5.202976949708454368e-01 5.202976949708454368e-01 5.202976949708454368e-01 5.202976949708454368e-01 5.202976949708454368e-01 5.202976949708454368e-01 5.202976949708454368e-01 5.202976949708454368e-01 5.202976949708454368e-01 5.195516599617610032e-01 5.183676988678164177e-01 5.546527168976147504e-01 0.000000000000000000e+00 0.000000000000000000e+00 0.000000000000000000e+00 0.000000000000000000e+00 0.000000000000000000e+00 0.000000000000000000e+00 0.000000000000000000e+00 0.000000000000000000e+00 
0.000000000000000000e+00 0.000000000000000000e+00 0.000000000000000000e+00 0.000000000000000000e+00 0.000000000000000000e+00 0.000000000000000000e+00 0.000000000000000000e+00 0.000000000000000000e+00 5.909702579606340711e-01 5.300894420567603404e-01 5.171467451644283786e-01 5.180742832847424761e-01 5.180742832847424761e-01 5.180742832847424761e-01 5.180742832847424761e-01 5.180742832847424761e-01 5.180742832847424761e-01 5.180742832847424761e-01 5.180742832847424761e-01 5.180742832847424761e-01 5.180742832847424761e-01 5.180742832847424761e-01 5.180742832847424761e-01 5.180742832847424761e-01 5.180742832847424761e-01 5.180742832847424761e-01 5.180742832847424761e-01 5.174882645280157734e-01 5.129883723515941130e-01 5.378439201965874439e-01 0.000000000000000000e+00 0.000000000000000000e+00 0.000000000000000000e+00 0.000000000000000000e+00 0.000000000000000000e+00 0.000000000000000000e+00 0.000000000000000000e+00 0.000000000000000000e+00 
0.000000000000000000e+00 0.000000000000000000e+00 0.000000000000000000e+00 0.000000000000000000e+00 0.000000000000000000e+00 0.000000000000000000e+00 0.000000000000000000e+00 0.000000000000000000e+00 6.029727845111607643e-01 5.316692382402684602e-01 5.178818115351330187e-01 5.181336932094267045e-01 5.181336932094267045e-01 5.181336932094267045e-01 5.181336932094267045e-01 5.181336932094267045e-01 5.181336932094267045e-01 5.181336932094267045e-01 5.181336932094267045e-01 5.181336932094267045e-01 5.181336932094267045e-01 5.181336932094267045e-01 5.181336932094267045e-01 5.181336932094267045e-01 5.181336932094267045e-01 5.181336932094267045e-01 5.181336932094267045e-01 5.177722344905965057e-01 5.126891238264186246e-01 5.723832020602670489e-01 0.000000000000000000e+00 0.000000000000000000e+00 0.000000000000000000e+00 0.000000000000000000e+00 0.000000000000000000e+00 0.000000000000000000e+00 0.000000000000000000e+00 0.000000000000000000e+00 
0.000000000000000000e+00 0.000000000000000000e+00 0.000000000000000000e+00 0.000000000000000000e+00 0.000000000000000000e+00 0.000000000000000000e+00 0.000000000000000000e+00 0.000000000000000000e+00 5.760756791026202528e-01 5.251598533711823169e-01 5.215909155802203045e-01 5.216045235058307528e-01 5.216045235058307528e-01 5.216045235058307528e-01 5.216045235058307528e-01 5.216045235058307528e-01 5.216045235058307528e-01 5.216045235058307528e-01 5.216045235058307528e-01 5.216045235058307528e-01 5.216045235058307528e-01 5.216045235058307528e-01 5.216045235058307528e-01 5.216045235058307528e-01 5.216045235058307528e-01 5.216045235058307528e-01 5.216045235058307528e-01 5.205780049443315960e-01 5.189499485833987125e-01 2.840136054421768530e-01 0.000000000000000000e+00 0.000000000000000000e+00 0.000000000000000000e+00 0.000000000000000000e+00 0.000000000000000000e+00 0.000000000000000000e+00 0.000000000000000000e+00 0.000000000000000000e+00 
0.000000000000000000e+00 0.000000000000000000e+00 0.000000000000000000e+00 0.000000000000000000e+00 0.000000000000000000e+00 0.000000000000000000e+00 0.000000000000000000e+00 0.000000000000000000e+00 5.930234910614433641e-01 5.317459886700924843e-01 5.193023518982883280e-01 5.196570927478133539e-01 5.196570927478133539e-01 5.196570927478133539e-01 5.196570927478133539e-01 5.196570927478133539e-01 5.196570927478133539e-01 5.196570927478133539e-01 5.196570927478133539e-01 5.196570927478133539e-01 5.196570927478133539e-01 5.196570927478133539e-01 5.196570927478133539e-01 5.196570927478133539e-01 5.196570927478133539e-01 5.196570927478133539e-01 5.196570927478133539e-01 5.189412971619716819e-01 5.142193252553507454e-01 5.442718076454436948e-01 0.000000000000000000e+00 0.000000000000000000e+00 0.000000000000000000e+00 0.000000000000000000e+00 0.000000000000000000e+00 0.000000000000000000e+00 0.000000000000000000e+00 0.000000000000000000e+00 
0.000000000000000000e+00 0.000000000000000000e+00 0.000000000000000000e+00 0.000000000000000000e+00 0.000000000000000000e+00 0.000000000000000000e+00 0.000000000000000000e+00 0.000000000000000000e+00 5.877624520271004238e-01 5.301177689155290862e-01 5.214669130219383719e-01 5.218351403061223248e-01 5.218351403061223248e-01 5.218351403061223248e-01 5.218351403061223248e-01 5.218351403061223248e-01 5.218351403061223248e-01 5.218351403061223248e-01 5.218351403061223248e-01 5.218351403061223248e-01 5.218351403061223248e-01 5.218351403061223248e-01 5.218351403061223248e-01 5.218351403061223248e-01 5.218351403061223248e-01 5.218351403061223248e-01 5.218351403061223248e-01 5.210612082944579004e-01 5.170508783576642786e-01 5.725088276226729667e-01 0.000000000000000000e+00 0.000000000000000000e+00 0.000000000000000000e+00 0.000000000000000000e+00 0.000000000000000000e+00 0.000000000000000000e+00 0.000000000000000000e+00 0.000000000000000000e+00 
0.000000000000000000e+00 0.000000000000000000e+00 0.000000000000000000e+00 0.000000000000000000e+00 0.000000000000000000e+00 0.000000000000000000e+00 0.000000000000000000e+00 0.000000000000000000e+00 5.791277132248565662e-01 5.174013318444410370e-01 5.205662582531129789e-01 5.205884809280856285e-01 5.205884809280856285e-01 5.205884809280856285e-01 5.205884809280856285e-01 5.205884809280856285e-01 5.205884809280856285e-01 5.205884809280856285e-01 5.205884809280856285e-01 5.205884809280856285e-01 5.205884809280856285e-01 5.205884809280856285e-01 5.205884809280856285e-01 5.205884809280856285e-01 5.205884809280856285e-01 5.205884809280856285e-01 5.205884809280856285e-01 5.191387451205536907e-01 5.251378969750648551e-01 1.632653061224489666e-01 0.000000000000000000e+00 0.000000000000000000e+00 0.000000000000000000e+00 0.000000000000000000e+00 0.000000000000000000e+00 0.000000000000000000e+00 0.000000000000000000e+00 0.000000000000000000e+00 
0.000000000000000000e+00 0.000000000000000000e+00 0.000000000000000000e+00 0.000000000000000000e+00 0.000000000000000000e+00 0.000000000000000000e+00 0.000000000000000000e+00 0.000000000000000000e+00 5.859608368379751742e-01 5.327592590940877226e-01 5.190063314735751110e-01 5.194606413994167227e-01 5.194606413994167227e-01 5.194606413994167227e-01 5.194606413994167227e-01 5.194606413994167227e-01 5.194606413994167227e-01 5.194606413994167227e-01 5.194606413994167227e-01 5.194606413994167227e-01 5.194606413994167227e-01 5.194606413994167227e-01 5.194606413994167227e-01 5.194606413994167227e-01 5.194606413994167227e-01 5.194606413994167227e-01 5.194606413994167227e-01 5.185472104393860082e-01 5.138264167796167126e-01 5.615898138112197513e-01 0.000000000000000000e+00 0.000000000000000000e+00 0.000000000000000000e+00 0.000000000000000000e+00 0.000000000000000000e+00 0.000000000000000000e+00 0.000000000000000000e+00 0.000000000000000000e+00 
0.000000000000000000e+00 0.000000000000000000e+00 0.000000000000000000e+00 0.000000000000000000e+00 0.000000000000000000e+00 0.000000000000000000e+00 0.000000000000000000e+00 0.000000000000000000e+00 5.773469132854558428e-01 5.229798910560595759e-01 5.218776846785621037e-01 5.219653486394558728e-01 5.219653486394558728e-01 5.219653486394558728e-01 5.219653486394558728e-01 5.219653486394558728e-01 5.219653486394558728e-01 5.219653486394558728e-01 5.219653486394558728e-01 5.219653486394558728e-01 5.219653486394558728e-01 5.219653486394558728e-01 5.219653486394558728e-01 5.219653486394558728e-01 5.219653486394558728e-01 5.219653486394558728e-01 5.219653486394558728e-01 5.205350257502827649e-01 5.210995533244728861e-01 5.646258503401361262e-01 0.000000000000000000e+00 0.000000000000000000e+00 0.000000000000000000e+00 0.000000000000000000e+00 0.000000000000000000e+00 0.000000000000000000e+00 0.000000000000000000e+00 0.000000000000000000e+00 
0.000000000000000000e+00 0.000000000000000000e+00 0.000000000000000000e+00 0.000000000000000000e+00 0.000000000000000000e+00 0.000000000000000000e+00 0.000000000000000000e+00 0.000000000000000000e+00 5.604295807321811873e-01 5.170601358353035248e-01 5.205763615800853561e-01 5.205966426749270015e-01 5.205966426749270015e-01 5.205966426749270015e-01 5.205966426749270015e-01 5.205966426749270015e-01 5.205966426749270015e-01 5.205966426749270015e-01 5.205966426749270015e-01 5.205966426749270015e-01 5.205966426749270015e-01 5.205966426749270015e-01 5.205966426749270015e-01 5.205966426749270015e-01 5.205966426749270015e-01 5.205966426749270015e-01 5.205966426749270015e-01 5.183988649263018278e-01 5.259670357131834839e-01 2.448979591836734637e-01 0.000000000000000000e+00 0.000000000000000000e+00 0.000000000000000000e+00 0.000000000000000000e+00 0.000000000000000000e+00 0.000000000000000000e+00 0.000000000000000000e+00 0.000000000000000000e+00 
0.000000000000000000e+00 0.000000000000000000e+00 0.000000000000000000e+00 0.000000000000000000e+00 0.000000000000000000e+00 0.000000000000000000e+00 0.000000000000000000e+00 0.000000000000000000e+00 5.732920487635041473e-01 5.226909368434764502e-01 5.218026925700162133e-01 5.218186270043728703e-01 5.218186270043728703e-01 5.218186270043728703e-01 5.218186270043728703e-01 5.218186270043728703e-01 5.218186270043728703e-01 5.218186270043728703e-01 5.218186270043728703e-01 5.218186270043728703e-01 5.218186270043728703e-01 5.218186270043728703e-01 5.218186270043728703e-01 5.218186270043728703e-01 5.218186270043728703e-01 5.218186270043728703e-01 5.218186270043728703e-01 5.204176524798026504e-01 5.210492778012073556e-01 1.683673469387755028e-01 0.000000000000000000e+00 0.000000000000000000e+00 0.000000000000000000e+00 0.000000000000000000e+00 0.000000000000000000e+00 0.000000000000000000e+00 0.000000000000000000e+00 0.000000000000000000e+00 
0.000000000000000000e+00 0.000000000000000000e+00 0.000000000000000000e+00 0.000000000000000000e+00 0.000000000000000000e+00 0.000000000000000000e+00 0.000000000000000000e+00 0.000000000000000000e+00 5.783672527416165998e-01 5.234682680259492571e-01 5.225818057811854045e-01 5.226902256438288319e-01 5.226902256438288319e-01 5.226902256438288319e-01 5.226902256438288319e-01 5.226902256438288319e-01 5.226902256438288319e-01 5.226902256438288319e-01 5.226902256438288319e-01 5.226902256438288319e-01 5.226902256438288319e-01 5.226902256438288319e-01 5.226902256438288319e-01 5.226902256438288319e-01 5.226902256438288319e-01 5.226902256438288319e-01 5.226902256438288319e-01 5.215818691063609513e-01 5.219467223659323141e-01 5.663022351797861731e-01 0.000000000000000000e+00 0.000000000000000000e+00 0.000000000000000000e+00 0.000000000000000000e+00 0.000000000000000000e+00 0.000000000000000000e+00 0.000000000000000000e+00 0.000000000000000000e+00 
0.000000000000000000e+00 0.000000000000000000e+00 0.000000000000000000e+00 0.000000000000000000e+00 0.000000000000000000e+00 0.000000000000000000e+00 0.000000000000000000e+00 0.000000000000000000e+00 5.909394962450292832e-01 5.333270277356967348e-01 5.183965371518948206e-01 5.198446231171039988e-01 5.198446231171039988e-01 5.198446231171039988e-01 5.198446231171039988e-01 5.198446231171039988e-01 5.198446231171039988e-01 5.198446231171039988e-01 5.198446231171039988e-01 5.198446231171039988e-01 5.198446231171039988e-01 5.198446231171039988e-01 5.198446231171039988e-01 5.198446231171039988e-01 5.198446231171039988e-01 5.198446231171039988e-01 5.198446231171039988e-01 5.190001048028326514e-01 5.141207607540349001e-01 5.477037376537120528e-01 0.000000000000000000e+00 0.000000000000000000e+00 0.000000000000000000e+00 0.000000000000000000e+00 0.000000000000000000e+00 0.000000000000000000e+00 0.000000000000000000e+00 0.000000000000000000e+00 
0.000000000000000000e+00 0.000000000000000000e+00 0.000000000000000000e+00 0.000000000000000000e+00 0.000000000000000000e+00 0.000000000000000000e+00 0.000000000000000000e+00 0.000000000000000000e+00 5.703119481233671628e-01 5.230603299089882086e-01 5.215483072242131923e-01 5.217117650631682979e-01 5.217117650631682979e-01 5.217117650631682979e-01 5.217117650631682979e-01 5.217117650631682979e-01 5.217117650631682979e-01 5.217117650631682979e-01 5.217117650631682979e-01 5.217117650631682979e-01 5.217117650631682979e-01 5.217117650631682979e-01 5.217117650631682979e-01 5.217117650631682979e-01 5.217117650631682979e-01 5.217117650631682979e-01 5.217117650631682979e-01 5.199933096413938971e-01 5.204896957387192824e-01 6.163872691933914849e-01 0.000000000000000000e+00 0.000000000000000000e+00 0.000000000000000000e+00 0.000000000000000000e+00 0.000000000000000000e+00 0.000000000000000000e+00 0.000000000000000000e+00 0.000000000000000000e+00 
0.000000000000000000e+00 0.000000000000000000e+00 0.000000000000000000e+00 0.000000000000000000e+00 0.000000000000000000e+00 0.000000000000000000e+00 0.000000000000000000e+00 0.000000000000000000e+00 5.812350185195565011e-01 5.311424594736194882e-01 5.198818160627491913e-01 5.202483448736638927e-01 5.202483448736638927e-01 5.202483448736638927e-01 5.202483448736638927e-01 5.202483448736638927e-01 5.202483448736638927e-01 5.202483448736638927e-01 5.202483448736638927e-01 5.202483448736638927e-01 5.202483448736638927e-01 5.202483448736638927e-01 5.202483448736638927e-01 5.202483448736638927e-01 5.202483448736638927e-01 5.202483448736638927e-01 5.202483448736638927e-01 5.193634971238297870e-01 5.150259730885773379e-01 5.690908645773651298e-01 0.000000000000000000e+00 0.000000000000000000e+00 0.000000000000000000e+00 0.000000000000000000e+00 0.000000000000000000e+00 0.000000000000000000e+00 0.000000000000000000e+00 0.000000000000000000e+00 
0.000000000000000000e+00 0.000000000000000000e+00 0.000000000000000000e+00 0.000000000000000000e+00 0.000000000000000000e+00 0.000000000000000000e+00 0.000000000000000000e+00 0.000000000000000000e+00 5.695452613967869615e-01 5.237108314202805204e-01 5.221824703434778669e-01 5.222798606049560144e-01 5.222798606049560144e-01 5.222798606049560144e-01 5.222798606049560144e-01 5.222798606049560144e-01 5.222798606049560144e-01 5.222798606049560144e-01 5.222798606049560144e-01 5.222798606049560144e-01 5.222798606049560144e-01 5.222798606049560144e-01 5.222798606049560144e-01 5.222798606049560144e-01 5.222798606049560144e-01 5.222798606049560144e-01 5.222798606049560144e-01 5.205112859349014798e-01 5.210176290230037477e-01 5.781827016520892926e-01 0.000000000000000000e+00 0.000000000000000000e+00 0.000000000000000000e+00 0.000000000000000000e+00 0.000000000000000000e+00 0.000000000000000000e+00 0.000000000000000000e+00 0.000000000000000000e+00 
0.000000000000000000e+00 0.000000000000000000e+00 0.000000000000000000e+00 0.000000000000000000e+00 0.000000000000000000e+00 0.000000000000000000e+00 0.000000000000000000e+00 0.000000000000000000e+00 5.646438624885359303e-01 5.213588957325661077e-01 5.225118665504866478e-01 5.225214862730807042e-01 5.225214862730807042e-01 5.225214862730807042e-01 5.225214862730807042e-01 5.225214862730807042e-01 5.225214862730807042e-01 5.225214862730807042e-01 5.225214862730807042e-01 5.225214862730807042e-01 5.225214862730807042e-01 5.225214862730807042e-01 5.225214862730807042e-01 5.225214862730807042e-01 5.225214862730807042e-01 5.225214862730807042e-01 5.225214862730807042e-01 5.208516002391279098e-01 5.237543521268289703e-01 1.275510204081632681e-01 0.000000000000000000e+00 0.000000000000000000e+00 0.000000000000000000e+00 0.000000000000000000e+00 0.000000000000000000e+00 0.000000000000000000e+00 0.000000000000000000e+00 0.000000000000000000e+00 
0.000000000000000000e+00 0.000000000000000000e+00 0.000000000000000000e+00 0.000000000000000000e+00 0.000000000000000000e+00 0.000000000000000000e+00 0.000000000000000000e+00 0.000000000000000000e+00 5.694905783240240549e-01 5.246384512491019114e-01 5.222055036883637147e-01 5.224964316083575699e-01 5.224964316083575699e-01 5.224964316083575699e-01 5.224964316083575699e-01 5.224964316083575699e-01 5.224964316083575699e-01 5.224964316083575699e-01 5.224964316083575699e-01 5.224964316083575699e-01 5.224964316083575699e-01 5.224964316083575699e-01 5.224964316083575699e-01 5.224964316083575699e-01 5.224964316083575699e-01 5.224964316083575699e-01 5.224964316083575699e-01 5.211879444551348328e-01 5.207349728793944088e-01 5.713359705256807475e-01 0.000000000000000000e+00 0.000000000000000000e+00 0.000000000000000000e+00 0.000000000000000000e+00 0.000000000000000000e+00 0.000000000000000000e+00 0.000000000000000000e+00 0.000000000000000000e+00 
0.000000000000000000e+00 0.000000000000000000e+00 0.000000000000000000e+00 0.000000000000000000e+00 0.000000000000000000e+00 0.000000000000000000e+00 0.000000000000000000e+00 0.000000000000000000e+00 5.701404220984261917e-01 5.236945120087181937e-01 5.224077100600407197e-01 5.225239537779396981e-01 5.225239537779396981e-01 5.225239537779396981e-01 5.225239537779396981e-01 5.225239537779396981e-01 5.225239537779396981e-01 5.225239537779396981e-01 5.225239537779396981e-01 5.225239537779396981e-01 5.225239537779396981e-01 5.225239537779396981e-01 5.225239537779396981e-01 5.225239537779396981e-01 5.225239537779396981e-01 5.225239537779396981e-01 5.225239537779396981e-01 5.211447233877295471e-01 5.214784716293562328e-01 6.061224489795917769e-01 0.000000000000000000e+00 0.000000000000000000e+00 0.000000000000000000e+00 0.000000000000000000e+00 0.000000000000000000e+00 0.000000000000000000e+00 0.000000000000000000e+00 0.000000000000000000e+00 
0.000000000000000000e+00 0.000000000000000000e+00 0.000000000000000000e+00 0.000000000000000000e+00 0.000000000000000000e+00 0.000000000000000000e+00 0.000000000000000000e+00 0.000000000000000000e+00 5.469492406612159741e-01 5.134962919593077935e-01 5.184206505176808255e-01 5.184297937925170796e-01 5.184297937925170796e-01 5.184297937925170796e-01 5.184297937925170796e-01 5.184297937925170796e-01 5.184297937925170796e-01 5.184297937925170796e-01 5.184297937925170796e-01 5.184297937925170796e-01 5.184297937925170796e-01 5.184297937925170796e-01 5.184297937925170796e-01 5.184297937925170796e-01 5.184297937925170796e-01 5.184297937925170796e-01 5.184297937925170796e-01 5.149888687219480454e-01 5.288805374880355403e-01 8.163265306122448328e-02 0.000000000000000000e+00 0.000000000000000000e+00 0.000000000000000000e+00 0.000000000000000000e+00 0.000000000000000000e+00 0.000000000000000000e+00 0.000000000000000000e+00 0.000000000000000000e+00 
0.000000000000000000e+00 0.000000000000000000e+00 0.000000000000000000e+00 0.000000000000000000e+00 0.000000000000000000e+00 0.000000000000000000e+00 0.000000000000000000e+00 0.000000000000000000e+00 5.703240251582151199e-01 5.252636764802675051e-01 5.219346834406414226e-01 5.223240858843539725e-01 5.223240858843539725e-01 5.223240858843539725e-01 5.223240858843539725e-01 5.223240858843539725e-01 5.223240858843539725e-01 5.223240858843539725e-01 5.223240858843539725e-01 5.223240858843539725e-01 5.223240858843539725e-01 5.223240858843539725e-01 5.223240858843539725e-01 5.223240858843539725e-01 5.223240858843539725e-01 5.223240858843539725e-01 5.223240858843539725e-01 5.210355176754033479e-01 5.199846015291056389e-01 5.984740120437821442e-01 0.000000000000000000e+00 0.000000000000000000e+00 0.000000000000000000e+00 0.000000000000000000e+00 0.000000000000000000e+00 0.000000000000000000e+00 0.000000000000000000e+00 0.000000000000000000e+00 
0.000000000000000000e+00 0.000000000000000000e+00 0.000000000000000000e+00 0.000000000000000000e+00 0.000000000000000000e+00 0.000000000000000000e+00 0.000000000000000000e+00 0.000000000000000000e+00 5.801438108954709572e-01 5.278399909369831944e-01 5.218588465087462547e-01 5.219600340136054673e-01 5.219600340136054673e-01 5.219600340136054673e-01 5.219600340136054673e-01 5.219600340136054673e-01 5.219600340136054673e-01 5.219600340136054673e-01 5.219600340136054673e-01 5.219600340136054673e-01 5.219600340136054673e-01 5.219600340136054673e-01 5.219600340136054673e-01 5.219600340136054673e-01 5.219600340136054673e-01 5.219600340136054673e-01 5.219600340136054673e-01 5.208232600959196157e-01 5.181252169710511835e-01 5.907677356656948486e-01 0.000000000000000000e+00 0.000000000000000000e+00 0.000000000000000000e+00 0.000000000000000000e+00 0.000000000000000000e+00 0.000000000000000000e+00 0.000000000000000000e+00 0.000000000000000000e+00 
0.000000000000000000e+00 0.000000000000000000e+00 0.000000000000000000e+00 0.000000000000000000e+00 0.000000000000000000e+00 0.000000000000000000e+00 0.000000000000000000e+00 0.000000000000000000e+00 5.645184888744134710e-01 5.238765301857369883e-01 5.219870069894200215e-01 5.224709973275024621e-01 5.224709973275024621e-01 5.224709973275024621e-01 5.224709973275024621e-01 5.224709973275024621e-01 5.224709973275024621e-01 5.224709973275024621e-01 5.224709973275024621e-01 5.224709973275024621e-01 5.224709973275024621e-01 5.224709973275024621e-01 5.224709973275024621e-01 5.224709973275024621e-01 5.224709973275024621e-01 5.224709973275024621e-01 5.224709973275024621e-01 5.203025451646997590e-01 5.212844332091504107e-01 5.668756666441409076e-01 0.000000000000000000e+00 0.000000000000000000e+00 0.000000000000000000e+00 0.000000000000000000e+00 0.000000000000000000e+00 0.000000000000000000e+00 0.000000000000000000e+00 0.000000000000000000e+00 
0.000000000000000000e+00 0.000000000000000000e+00 0.000000000000000000e+00 0.000000000000000000e+00 0.000000000000000000e+00 0.000000000000000000e+00 0.000000000000000000e+00 0.000000000000000000e+00 5.563288848123586483e-01 5.163310913511345301e-01 5.202534688768815085e-01 5.202675154883381614e-01 5.202675154883381614e-01 5.202675154883381614e-01 5.202675154883381614e-01 5.202675154883381614e-01 5.202675154883381614e-01 5.202675154883381614e-01 5.202675154883381614e-01 5.202675154883381614e-01 5.202675154883381614e-01 5.202675154883381614e-01 5.202675154883381614e-01 5.202675154883381614e-01 5.202675154883381614e-01 5.202675154883381614e-01 5.202675154883381614e-01 5.178103028541473085e-01 5.266746258643246748e-01 1.377551020408163129e-01 0.000000000000000000e+00 0.000000000000000000e+00 0.000000000000000000e+00 0.000000000000000000e+00 0.000000000000000000e+00 0.000000000000000000e+00 0.000000000000000000e+00 0.000000000000000000e+00 
