7.441969616624682926e-01 6.931949734687805620e-01 0.000000000000000000e+00 5.002630830489191993e-01 4.998621323529411908e-01 0.000000000000000000e+00 2.416666666666666963e-01 0.000000000000000000e+00 4.998404400397721825e-01 0.000000000000000000e+00 
6.933659191017671475e-01 6.934008568525313887e-01 0.000000000000000000e+00 5.018166951080773597e-01 4.983455882352941235e-01 0.000000000000000000e+00 0.000000000000000000e+00 0.000000000000000000e+00 4.983455882352941235e-01 0.000000000000000000e+00 
6.933162165583197645e-01 6.937146067619324175e-01 0.000000000000000000e+00 5.049096985210467237e-01 4.994485294117647634e-01 0.000000000000000000e+00 0.000000000000000000e+00 0.000000000000000000e+00 4.994485294117647634e-01 0.000000000000000000e+00 
6.933548761716068487e-01 6.931365430355072021e-01 0.000000000000000000e+00 4.987876848691695231e-01 5.014797794117646923e-01 0.000000000000000000e+00 5.004218989146854701e-01 0.000000000000000000e+00 5.032792081841821474e-01 0.000000000000000000e+00 
6.932244513425404042e-01 6.943216860294342263e-01 0.000000000000000000e+00 5.063993174061433011e-01 4.997242647058824372e-01 0.000000000000000000e+00 0.000000000000000000e+00 0.000000000000000000e+00 4.997242647058824372e-01 0.000000000000000000e+00 
6.932989303976195838e-01 6.931240439414978471e-01 0.000000000000000000e+00 5.020726678043231361e-01 5.003308823529410976e-01 0.000000000000000000e+00 5.000431990120076664e-01 0.000000000000000000e+00 5.541666666666666963e-01 0.000000000000000000e+00 
6.932286248882475466e-01 6.930251717567443848e-01 0.000000000000000000e+00 5.037222696245733378e-01 5.108088235294117041e-01 0.000000000000000000e+00 5.347015968827201204e-01 0.000000000000000000e+00 5.054929978711799610e-01 0.000000000000000000e+00 
6.929421357734211195e-01 6.932966917753219382e-01 0.000000000000000000e+00 5.041773321956769527e-01 4.990349264705882248e-01 0.000000000000000000e+00 0.000000000000000000e+00 0.000000000000000000e+00 4.990349264705882248e-01 0.000000000000000000e+00 
6.930616465444857655e-01 6.929623544216155784e-01 0.000000000000000000e+00 5.046003981797496651e-01 5.031985294117647944e-01 0.000000000000000000e+00 5.014966502814817151e-01 0.000000000000000000e+00 5.293928390580867616e-01 0.000000000000000000e+00 
6.930765762874291358e-01 6.928870648145675215e-01 0.000000000000000000e+00 5.050661262798634699e-01 5.056525735294117307e-01 0.000000000000000000e+00 5.629430659210071797e-01 0.000000000000000000e+00 5.032593751021995354e-01 0.000000000000000000e+00 
6.929552536775634985e-01 6.927983969449996726e-01 0.000000000000000000e+00 5.104451080773606542e-01 5.134191176470588314e-01 0.000000000000000000e+00 5.309455424678208857e-01 0.000000000000000000e+00 5.089312824321271522e-01 0.000000000000000000e+00 
6.929320320741307881e-01 6.929700553417206255e-01 0.000000000000000000e+00 5.140749431171786066e-01 5.041084558823529793e-01 0.000000000000000000e+00 5.025597728757789096e-01 0.000000000000000000e+00 5.399071761571760941e-01 0.000000000000000000e+00 
6.929287393752218138e-01 6.927789449691772461e-01 0.000000000000000000e+00 5.089092718998863285e-01 5.040624999999999689e-01 0.000000000000000000e+00 5.023352588938431174e-01 0.000000000000000000e+00 5.128359150585997117e-01 0.000000000000000000e+00 
6.927781106058648053e-01 6.927026748657226785e-01 0.000000000000000000e+00 5.081555745164959559e-01 5.192830882352940103e-01 0.000000000000000000e+00 5.197729320379413931e-01 0.000000000000000000e+00 5.184222401604376973e-01 0.000000000000000000e+00 
6.924003253821220394e-01 6.925683051347732988e-01 0.000000000000000000e+00 5.177545506257109631e-01 5.147518382352940236e-01 0.000000000000000000e+00 5.253651380419919192e-01 0.000000000000000000e+00 5.104723544362711474e-01 0.000000000000000000e+00 
6.925946367275186422e-01 6.926919370889663696e-01 0.000000000000000000e+00 5.120556029579067525e-01 5.118290441176470695e-01 0.000000000000000000e+00 5.152275681217176606e-01 0.000000000000000000e+00 5.089924109609231806e-01 0.000000000000000000e+00 
6.925059852949995154e-01 6.926792085170745406e-01 0.000000000000000000e+00 5.154756825938566767e-01 5.146231617647059053e-01 0.000000000000000000e+00 5.183700839636682378e-01 0.000000000000000000e+00 5.113188941235192742e-01 0.000000000000000000e+00 
6.922716759780974671e-01 6.923567503690719604e-01 0.000000000000000000e+00 5.171786120591581604e-01 5.190625000000000933e-01 0.000000000000000000e+00 5.237023772894451312e-01 0.000000000000000000e+00 5.154156897279020821e-01 0.000000000000000000e+00 
6.915904606975386004e-01 6.923332810401916504e-01 0.000000000000000000e+00 5.221416382252560551e-01 5.152665441176471628e-01 0.000000000000000000e+00 5.171834228514657905e-01 0.000000000000000000e+00 5.139161144952446580e-01 0.000000000000000000e+00 
6.915960669924374749e-01 6.920922309160232322e-01 0.000000000000000000e+00 5.201151877133106671e-01 5.201378676470588269e-01 0.000000000000000000e+00 5.187586561557651077e-01 0.000000000000000000e+00 5.222388571064591201e-01 0.000000000000000000e+00 
6.907447693494399577e-01 6.922643750905990156e-01 0.000000000000000000e+00 5.251670932878270692e-01 5.165808823529413063e-01 0.000000000000000000e+00 5.145761348635480292e-01 0.000000000000000000e+00 5.182656474656976986e-01 0.000000000000000000e+00 
6.910728159211194654e-01 6.928557485342026201e-01 0.000000000000000000e+00 5.258567974971558590e-01 5.201654411764705666e-01 0.000000000000000000e+00 5.374141381538763973e-01 0.000000000000000000e+00 5.138529475818227610e-01 0.000000000000000000e+00 
6.906450581021683632e-01 6.923759698867797407e-01 0.000000000000000000e+00 5.312002275312855959e-01 5.155330882352940902e-01 0.000000000000000000e+00 5.111172148319481634e-01 0.000000000000000000e+00 5.228268702168307192e-01 0.000000000000000000e+00 
6.896633961501789090e-01 6.935352861881256548e-01 0.000000000000000000e+00 5.349260523321955896e-01 5.079411764705883403e-01 0.000000000000000000e+00 5.041607754927828200e-01 0.000000000000000000e+00 5.371190734736356331e-01 0.000000000000000000e+00 
6.896839171342882269e-01 6.923967719078063521e-01 0.000000000000000000e+00 5.322276734926052466e-01 5.178308823529410576e-01 0.000000000000000000e+00 5.146470699891331213e-01 0.000000000000000000e+00 5.213558180624250360e-01 0.000000000000000000e+00 
6.891951042230625157e-01 6.924220860004425271e-01 0.000000000000000000e+00 5.355802047781570430e-01 5.197242647058823994e-01 0.000000000000000000e+00 5.193114473027012901e-01 0.000000000000000000e+00 5.197026989695152643e-01 0.000000000000000000e+00 
6.890451854202934712e-01 6.940603286027908769e-01 0.000000000000000000e+00 5.352531285551763718e-01 5.150275735294116419e-01 0.000000000000000000e+00 5.105694415946772091e-01 0.000000000000000000e+00 5.302188678117943921e-01 0.000000000000000000e+00 
6.885987690080961343e-01 6.929708480834960715e-01 0.000000000000000000e+00 5.342541240045506346e-01 5.207077205882353343e-01 0.000000000000000000e+00 5.343337460530204197e-01 0.000000000000000000e+00 5.141460377891717837e-01 0.000000000000000000e+00 
6.883536747087797281e-01 6.925770819187164751e-01 0.000000000000000000e+00 5.394695676905574278e-01 5.167187500000001155e-01 0.000000000000000000e+00 5.168263440993534630e-01 0.000000000000000000e+00 5.166483508279365866e-01 0.000000000000000000e+00 
6.881604668630267874e-01 6.924839705228805764e-01 0.000000000000000000e+00 5.418550910125142783e-01 5.176378676470589912e-01 0.000000000000000000e+00 5.184876165027645367e-01 0.000000000000000000e+00 5.168088345187168420e-01 0.000000000000000000e+00 
6.875156654432772463e-01 6.922230124473571777e-01 0.000000000000000000e+00 5.434478100113765420e-01 5.214246323529411198e-01 0.000000000000000000e+00 5.192441492289695537e-01 0.000000000000000000e+00 5.237817694197153262e-01 0.000000000000000000e+00 
6.878079410909385683e-01 6.917088866233825906e-01 0.000000000000000000e+00 5.390002844141069671e-01 5.222794117647059364e-01 0.000000000000000000e+00 5.193978716370769577e-01 0.000000000000000000e+00 5.252674745033758530e-01 0.000000000000000000e+00 
6.871121158575441701e-01 6.926296085119247881e-01 0.000000000000000000e+00 5.435829067121729086e-01 5.206617647058823239e-01 0.000000000000000000e+00 5.280498471797957505e-01 0.000000000000000000e+00 5.165402247224966104e-01 0.000000000000000000e+00 
6.867000562339106162e-01 6.920168668031692061e-01 0.000000000000000000e+00 5.423954778156996337e-01 5.181893382352942279e-01 0.000000000000000000e+00 5.196179164154232089e-01 0.000000000000000000e+00 5.173204594073632645e-01 0.000000000000000000e+00 
6.863371657633536849e-01 6.922284662723541260e-01 0.000000000000000000e+00 5.464697098976109002e-01 5.238511029411764275e-01 0.000000000000000000e+00 5.258421189288752240e-01 0.000000000000000000e+00 5.213869412514104962e-01 0.000000000000000000e+00 
6.860672144963065877e-01 6.919149696826935036e-01 0.000000000000000000e+00 5.487343572241183409e-01 5.230147058823528816e-01 0.000000000000000000e+00 5.257796553171523168e-01 0.000000000000000000e+00 5.204738492822491569e-01 0.000000000000000000e+00 
6.856278254310426146e-01 6.938386023044585960e-01 0.000000000000000000e+00 5.476784698521046657e-01 5.212040441176470917e-01 0.000000000000000000e+00 5.387318177225289828e-01 0.000000000000000000e+00 5.142650159635886453e-01 0.000000000000000000e+00 
6.856906829026778727e-01 6.933431118726730569e-01 0.000000000000000000e+00 5.462848407281000185e-01 5.162683823529412575e-01 0.000000000000000000e+00 5.143595451732178025e-01 0.000000000000000000e+00 5.196002229123334315e-01 0.000000000000000000e+00 
6.856335778895498168e-01 6.926241278648376243e-01 0.000000000000000000e+00 5.501315415244596441e-01 5.218106617647058076e-01 0.000000000000000000e+00 5.195875904023966596e-01 0.000000000000000000e+00 5.235753533760190148e-01 0.000000000000000000e+00 
6.852086438660736079e-01 6.924591958522796631e-01 0.000000000000000000e+00 5.532174345847553631e-01 5.325827205882353033e-01 0.000000000000000000e+00 5.522549150526353534e-01 0.000000000000000000e+00 5.236822766629194437e-01 0.000000000000000000e+00 
6.853339897894614730e-01 6.922209531068801436e-01 0.000000000000000000e+00 5.549914675767918526e-01 5.242279411764705355e-01 0.000000000000000000e+00 5.275260468066715891e-01 0.000000000000000000e+00 5.210609518722073563e-01 0.000000000000000000e+00 
6.847508174364070888e-01 6.921921044588088545e-01 0.000000000000000000e+00 5.509314562002275428e-01 5.209834558823529527e-01 0.000000000000000000e+00 5.219338931425774319e-01 0.000000000000000000e+00 5.195013839662450117e-01 0.000000000000000000e+00 
6.846153404525522346e-01 6.925476402044296043e-01 0.000000000000000000e+00 5.497582480091013357e-01 5.229871323529411420e-01 0.000000000000000000e+00 5.229708004710247327e-01 0.000000000000000000e+00 5.235783087211124398e-01 0.000000000000000000e+00 
6.843983916495847142e-01 6.921485841274261919e-01 0.000000000000000000e+00 5.566375142207053983e-01 5.193106617647058609e-01 0.000000000000000000e+00 5.176548238833283966e-01 0.000000000000000000e+00 5.213981868386343699e-01 0.000000000000000000e+00 
6.840681082762956056e-01 6.954639464616775291e-01 0.000000000000000000e+00 5.550447952218430236e-01 5.188878676470588536e-01 0.000000000000000000e+00 5.137332503282907581e-01 0.000000000000000000e+00 5.302047358292550916e-01 0.000000000000000000e+00 
6.842007115228998515e-01 6.919000774621963945e-01 0.000000000000000000e+00 5.515607224118316276e-01 5.254227941176469185e-01 0.000000000000000000e+00 5.250450771016319518e-01 0.000000000000000000e+00 5.260921217181702136e-01 0.000000000000000000e+00 
6.833170120423157634e-01 6.916661590337753740e-01 0.000000000000000000e+00 5.557878270762229844e-01 5.262775735294116242e-01 0.000000000000000000e+00 5.260464001821030244e-01 0.000000000000000000e+00 5.268282943428446163e-01 0.000000000000000000e+00 
6.842278746614683937e-01 6.929637372493744341e-01 0.000000000000000000e+00 5.574445392491468310e-01 5.220588235294119084e-01 0.000000000000000000e+00 5.176124300225705133e-01 0.000000000000000000e+00 5.276101080093409390e-01 0.000000000000000000e+00 
6.832441435332183843e-01 6.926462233066559282e-01 0.000000000000000000e+00 5.555816268486917231e-01 5.284466911764706953e-01 0.000000000000000000e+00 5.285071593915011690e-01 0.000000000000000000e+00 5.289170044479228894e-01 0.000000000000000000e+00 
6.827976112683071808e-01 6.915912777185440063e-01 0.000000000000000000e+00 5.607295221843002775e-01 5.275459558823529793e-01 0.000000000000000000e+00 5.287286645910254101e-01 0.000000000000000000e+00 5.279414285178044564e-01 0.000000000000000000e+00 
6.830133517040734015e-01 6.911913037300110307e-01 0.000000000000000000e+00 5.601535836177474748e-01 5.291084558823528905e-01 0.000000000000000000e+00 5.316690505775329978e-01 0.000000000000000000e+00 5.278409281300435740e-01 0.000000000000000000e+00 
6.821718122365124648e-01 6.959756493568420854e-01 0.000000000000000000e+00 5.625568828213879380e-01 5.245404411764704733e-01 0.000000000000000000e+00 5.490204340034979813e-01 0.000000000000000000e+00 5.162175321454662846e-01 0.000000000000000000e+00 
6.830924823625910136e-01 6.929188579320907371e-01 0.000000000000000000e+00 5.585004266211603952e-01 5.248529411764705221e-01 0.000000000000000000e+00 5.247149637642911646e-01 0.000000000000000000e+00 5.258041454295756534e-01 0.000000000000000000e+00 
6.823383034699606053e-01 6.936912745237350242e-01 0.000000000000000000e+00 5.593038964732651719e-01 5.315624999999999378e-01 0.000000000000000000e+00 5.411773821179746147e-01 0.000000000000000000e+00 5.258527244790592858e-01 0.000000000000000000e+00 
6.822129948757614804e-01 6.919268637895583662e-01 0.000000000000000000e+00 5.621160409556313908e-01 5.314154411764706598e-01 0.000000000000000000e+00 5.331754396383047157e-01 0.000000000000000000e+00 5.300228964498204798e-01 0.000000000000000000e+00 
6.817847682550906008e-01 6.918967515230178833e-01 0.000000000000000000e+00 5.623400170648463758e-01 5.251654411764705710e-01 0.000000000000000000e+00 5.233168476862181118e-01 0.000000000000000000e+00 5.277745143220760049e-01 0.000000000000000000e+00 
6.820370032111939818e-01 6.933236479759216087e-01 0.000000000000000000e+00 5.596878555176336700e-01 5.234191176470588402e-01 0.000000000000000000e+00 5.226699164651448237e-01 0.000000000000000000e+00 5.248133561312744444e-01 0.000000000000000000e+00 
6.820136174407022134e-01 6.930233329534530862e-01 0.000000000000000000e+00 5.591403583617747808e-01 5.335202205882352278e-01 0.000000000000000000e+00 5.458799730046124399e-01 0.000000000000000000e+00 5.263604466032641982e-01 0.000000000000000000e+00 
6.816252520873684606e-01 6.924392014741898027e-01 0.000000000000000000e+00 5.667662116040955711e-01 5.288602941176470118e-01 0.000000000000000000e+00 5.337383150958855405e-01 0.000000000000000000e+00 5.266293927810730136e-01 0.000000000000000000e+00 
6.811279447005470500e-01 6.932308852672577348e-01 0.000000000000000000e+00 5.645300056882821549e-01 5.380238970588235858e-01 0.000000000000000000e+00 5.578210145179827162e-01 0.000000000000000000e+00 5.281538668516619905e-01 0.000000000000000000e+00 
6.803979779062824251e-01 6.930300891399383545e-01 0.000000000000000000e+00 5.691232935153583972e-01 5.289889705882352411e-01 0.000000000000000000e+00 5.356030496245656192e-01 0.000000000000000000e+00 5.232068713815202221e-01 0.000000000000000000e+00 
6.809917768724135234e-01 6.931830734014511330e-01 0.000000000000000000e+00 5.657636518771331779e-01 5.295404411764705888e-01 0.000000000000000000e+00 5.373459711219329415e-01 0.000000000000000000e+00 5.246919325882728469e-01 0.000000000000000000e+00 
6.810295133257074918e-01 6.953131705522537231e-01 0.000000000000000000e+00 5.669866325369737892e-01 5.296139705882352278e-01 0.000000000000000000e+00 5.593699409383783294e-01 0.000000000000000000e+00 5.195463069568294623e-01 0.000000000000000000e+00 
6.805503702000953448e-01 6.941848963499068770e-01 0.000000000000000000e+00 5.685829067121729308e-01 5.217738970588234881e-01 0.000000000000000000e+00 5.189443320189612852e-01 0.000000000000000000e+00 5.274265367251632641e-01 0.000000000000000000e+00 
6.807540807707724850e-01 6.929744124412536843e-01 0.000000000000000000e+00 5.639931740614334554e-01 5.350827205882353610e-01 0.000000000000000000e+00 5.450670138533771913e-01 0.000000000000000000e+00 5.284848288040921993e-01 0.000000000000000000e+00 
6.807242985878381170e-01 6.954833537340163740e-01 0.000000000000000000e+00 5.651770477815699634e-01 5.288051470588235325e-01 0.000000000000000000e+00 5.481181950110756151e-01 0.000000000000000000e+00 5.207108783712151023e-01 0.000000000000000000e+00 
6.804153629333900000e-01 6.928527712821960227e-01 0.000000000000000000e+00 5.680602957906711881e-01 5.293474264705881893e-01 0.000000000000000000e+00 5.318284964658803737e-01 0.000000000000000000e+00 5.274148384705308334e-01 0.000000000000000000e+00 
6.797113101230140009e-01 6.936409205198288408e-01 0.000000000000000000e+00 5.671003981797496651e-01 5.301286764705882559e-01 0.000000000000000000e+00 5.314849005416668604e-01 0.000000000000000000e+00 5.290227729709584548e-01 0.000000000000000000e+00 
6.797286331043308483e-01 6.946236580610275491e-01 0.000000000000000000e+00 5.665031285551763718e-01 5.248529411764706332e-01 0.000000000000000000e+00 5.238042240021094642e-01 0.000000000000000000e+00 5.261552681640476736e-01 0.000000000000000000e+00 
6.798811308759877825e-01 6.935157269239425881e-01 0.000000000000000000e+00 5.694965870307168165e-01 5.258639705882351967e-01 0.000000000000000000e+00 5.269826917799201871e-01 0.000000000000000000e+00 5.250218214351141111e-01 0.000000000000000000e+00 
6.788884670864600013e-01 6.942301601171493308e-01 0.000000000000000000e+00 5.696956769055744330e-01 5.307904411764706731e-01 0.000000000000000000e+00 5.462967604059447702e-01 0.000000000000000000e+00 5.237135161792398907e-01 0.000000000000000000e+00 
6.793519359196412699e-01 6.957049459218979104e-01 0.000000000000000000e+00 5.692690557451649536e-01 5.253860294117647101e-01 0.000000000000000000e+00 5.207314662260261739e-01 0.000000000000000000e+00 5.314046563148984159e-01 0.000000000000000000e+00 
6.795484318871547469e-01 6.930420845746994019e-01 0.000000000000000000e+00 5.706875711035267473e-01 5.319485294117647367e-01 0.000000000000000000e+00 5.421651902077082585e-01 0.000000000000000000e+00 5.255678598932772561e-01 0.000000000000000000e+00 
6.791223242828057227e-01 6.939408630132675171e-01 0.000000000000000000e+00 5.709968714448236948e-01 5.232352941176470207e-01 0.000000000000000000e+00 5.274513209792348611e-01 0.000000000000000000e+00 5.195985354409822232e-01 0.000000000000000000e+00 
6.785784733987099138e-01 6.948039472103119119e-01 0.000000000000000000e+00 5.705453640500568468e-01 5.248069852941176228e-01 0.000000000000000000e+00 5.220176198580752658e-01 0.000000000000000000e+00 5.284570329763325081e-01 0.000000000000000000e+00 
6.780860292830157565e-01 6.952960252761840598e-01 0.000000000000000000e+00 5.730659840728099530e-01 5.270863970588235414e-01 0.000000000000000000e+00 5.261549809153415191e-01 0.000000000000000000e+00 5.278624721538018871e-01 0.000000000000000000e+00 
6.782858376820339874e-01 6.945055454969406572e-01 0.000000000000000000e+00 5.675021331058019980e-01 5.300459558823529260e-01 0.000000000000000000e+00 5.323793813320447654e-01 0.000000000000000000e+00 5.273001611388471455e-01 0.000000000000000000e+00 
6.776314244538850229e-01 6.957102954387665017e-01 0.000000000000000000e+00 5.754692832764505273e-01 5.256617647058823284e-01 0.000000000000000000e+00 5.257461157086817938e-01 0.000000000000000000e+00 5.242866130496635080e-01 0.000000000000000000e+00 
6.778594461927641701e-01 6.955032199621200562e-01 0.000000000000000000e+00 5.736988054607508047e-01 5.200000000000000178e-01 0.000000000000000000e+00 5.193630353870726246e-01 0.000000000000000000e+00 5.221990751242002737e-01 0.000000000000000000e+00 
6.772932673680497340e-01 6.955862492322921753e-01 0.000000000000000000e+00 5.760096700796359936e-01 5.389797794117646701e-01 0.000000000000000000e+00 5.603497522774810724e-01 0.000000000000000000e+00 5.288144457072251337e-01 0.000000000000000000e+00 
6.774467900141107890e-01 6.946866363286972046e-01 0.000000000000000000e+00 5.736490329920364006e-01 5.300643382352940858e-01 0.000000000000000000e+00 5.322178198619880174e-01 0.000000000000000000e+00 5.278368685093378643e-01 0.000000000000000000e+00 
6.772309842776926825e-01 6.945056915283203125e-01 0.000000000000000000e+00 5.740365472127417767e-01 5.262867647058822040e-01 0.000000000000000000e+00 5.259691209560095615e-01 0.000000000000000000e+00 5.282358912430679121e-01 0.000000000000000000e+00 
6.766224142430992128e-01 6.957620322704315408e-01 0.000000000000000000e+00 5.766353811149033115e-01 5.196783088235293890e-01 0.000000000000000000e+00 5.169362462964248728e-01 0.000000000000000000e+00 5.236593860400311495e-01 0.000000000000000000e+00 
6.767488543084050345e-01 6.966298341751098189e-01 0.000000000000000000e+00 5.708973265073947756e-01 5.274816176470588092e-01 0.000000000000000000e+00 5.311459990458777813e-01 0.000000000000000000e+00 5.241139663544581717e-01 0.000000000000000000e+00 
6.766611507524808999e-01 6.956037223339081033e-01 0.000000000000000000e+00 5.725540386803185111e-01 5.300551470588235059e-01 0.000000000000000000e+00 5.327319254357221201e-01 0.000000000000000000e+00 5.264641487679893039e-01 0.000000000000000000e+00 
6.764569034348575371e-01 6.972602009773254395e-01 0.000000000000000000e+00 5.787684869169511526e-01 5.379044117647058254e-01 0.000000000000000000e+00 5.591758548245743254e-01 0.000000000000000000e+00 5.281293209641917397e-01 0.000000000000000000e+00 
6.759812590815508226e-01 6.977248370647430864e-01 0.000000000000000000e+00 5.772788680318543530e-01 5.230147058823528816e-01 0.000000000000000000e+00 5.188575616625545894e-01 0.000000000000000000e+00 5.310757672543012786e-01 0.000000000000000000e+00 
6.754775301588272773e-01 6.958027690649032371e-01 0.000000000000000000e+00 5.784627417519909720e-01 5.296966911764704466e-01 0.000000000000000000e+00 5.304200298008128200e-01 0.000000000000000000e+00 5.286688359520870240e-01 0.000000000000000000e+00 
6.756133976243055006e-01 6.967484116554260032e-01 0.000000000000000000e+00 5.770620022753129019e-01 5.314430147058823994e-01 0.000000000000000000e+00 5.351097951312069334e-01 0.000000000000000000e+00 5.284878515969476664e-01 0.000000000000000000e+00 
6.753712153068581747e-01 6.964900702238082664e-01 0.000000000000000000e+00 5.766993742889646724e-01 5.303584558823528639e-01 0.000000000000000000e+00 5.328084016503824571e-01 0.000000000000000000e+00 5.287790711175077707e-01 0.000000000000000000e+00 
6.755404606614096030e-01 6.960682570934295654e-01 0.000000000000000000e+00 5.798421501706485515e-01 5.371599264705881893e-01 0.000000000000000000e+00 5.492832507213142312e-01 0.000000000000000000e+00 5.304114129704435854e-01 0.000000000000000000e+00 
6.745610024538463145e-01 6.964760869741439819e-01 0.000000000000000000e+00 5.817655005688282532e-01 5.313694852941176494e-01 0.000000000000000000e+00 5.328385679252936047e-01 0.000000000000000000e+00 5.300707718371927557e-01 0.000000000000000000e+00 
6.753326815142973727e-01 6.964150875806808250e-01 0.000000000000000000e+00 5.794617463026167092e-01 5.330147058823528905e-01 0.000000000000000000e+00 5.390367486451537182e-01 0.000000000000000000e+00 5.281215584608219826e-01 0.000000000000000000e+00 
6.746328049959176010e-01 6.980177700519561990e-01 0.000000000000000000e+00 5.798883674630261886e-01 5.268749999999998712e-01 0.000000000000000000e+00 5.230648031788311947e-01 0.000000000000000000e+00 5.322279846179690521e-01 0.000000000000000000e+00 
6.748956913834138760e-01 6.960460066795348677e-01 0.000000000000000000e+00 5.801052332195676398e-01 5.292279411764705399e-01 0.000000000000000000e+00 5.289139610323917440e-01 0.000000000000000000e+00 5.288736510526790280e-01 0.000000000000000000e+00 
6.737446924321887076e-01 7.002059489488601240e-01 0.000000000000000000e+00 5.834506541524460133e-01 5.250459558823529216e-01 0.000000000000000000e+00 5.212035879497537438e-01 0.000000000000000000e+00 5.315870673160336679e-01 0.000000000000000000e+00 
6.742221017339530276e-01 6.965684056282043235e-01 0.000000000000000000e+00 5.785729522184299700e-01 5.307444852941175517e-01 0.000000000000000000e+00 5.379930272611193054e-01 0.000000000000000000e+00 5.251776179543747869e-01 0.000000000000000000e+00 
6.738013225407323281e-01 7.004898667335510698e-01 0.000000000000000000e+00 5.795506257110353276e-01 5.276930147058822573e-01 0.000000000000000000e+00 5.605924897583269839e-01 0.000000000000000000e+00 5.175284691020121119e-01 0.000000000000000000e+00 
6.738244374457479369e-01 6.966033935546874778e-01 0.000000000000000000e+00 5.812393344709897436e-01 5.324264705882352233e-01 0.000000000000000000e+00 5.290466435198890593e-01 0.000000000000000000e+00 5.367439116614790562e-01 0.000000000000000000e+00 
6.750340323399358633e-01 6.979526132345199585e-01 0.000000000000000000e+00 5.765962741751990972e-01 5.254595588235294601e-01 0.000000000000000000e+00 5.226886893535825918e-01 0.000000000000000000e+00 5.313434102924591285e-01 0.000000000000000000e+00 
6.737274956784558011e-01 6.976219773292541282e-01 0.000000000000000000e+00 5.802118885096700929e-01 5.284374999999998934e-01 0.000000000000000000e+00 5.284684520121549767e-01 0.000000000000000000e+00 5.283205235371306596e-01 0.000000000000000000e+00 
6.740700259753868995e-01 6.967453241348267046e-01 0.000000000000000000e+00 5.805425199089875310e-01 5.293933823529411997e-01 0.000000000000000000e+00 5.301730934778732252e-01 0.000000000000000000e+00 5.288881839306307509e-01 0.000000000000000000e+00 
6.731617813834558373e-01 6.962595850229262862e-01 0.000000000000000000e+00 5.825227531285551708e-01 5.326562499999999423e-01 0.000000000000000000e+00 5.340085403967870237e-01 0.000000000000000000e+00 5.315437272939113056e-01 0.000000000000000000e+00 
6.730128250024424164e-01 6.970721840858459251e-01 0.000000000000000000e+00 5.842150170648464647e-01 5.285661764705882337e-01 0.000000000000000000e+00 5.292084659319931106e-01 0.000000000000000000e+00 5.271766749238298022e-01 0.000000000000000000e+00 
6.729690271839753324e-01 6.977949172258377519e-01 0.000000000000000000e+00 5.864974402730375180e-01 5.331341911764705399e-01 0.000000000000000000e+00 5.433688157114013872e-01 0.000000000000000000e+00 5.264506425289926517e-01 0.000000000000000000e+00 
6.726204882099360294e-01 6.998465538024902788e-01 0.000000000000000000e+00 5.839839306029579458e-01 5.288235294117648033e-01 0.000000000000000000e+00 5.402223489865499717e-01 0.000000000000000000e+00 5.228698288173957431e-01 0.000000000000000000e+00 
6.717028701264703416e-01 6.991389513015746626e-01 0.000000000000000000e+00 5.853420079635950346e-01 5.341268382352941657e-01 0.000000000000000000e+00 5.425195037344924254e-01 0.000000000000000000e+00 5.282461727116645189e-01 0.000000000000000000e+00 
6.734896338840393737e-01 6.969384521245955977e-01 0.000000000000000000e+00 5.824089874857792948e-01 5.335018382352940680e-01 0.000000000000000000e+00 5.435321417952549972e-01 0.000000000000000000e+00 5.266641795844051455e-01 0.000000000000000000e+00 
6.718652145651012875e-01 6.983187973499298540e-01 0.000000000000000000e+00 5.890038395904436674e-01 5.324172794117647545e-01 0.000000000000000000e+00 5.327274059294746511e-01 0.000000000000000000e+00 5.314309497693415762e-01 0.000000000000000000e+00 
6.721363365650177002e-01 6.980840772390365379e-01 0.000000000000000000e+00 5.849544937428896585e-01 5.309650735294118018e-01 0.000000000000000000e+00 5.288361874716507316e-01 0.000000000000000000e+00 5.325367706694390524e-01 0.000000000000000000e+00 
6.715675455108031100e-01 7.058440685272217019e-01 0.000000000000000000e+00 5.841190273037542013e-01 5.194025735294116597e-01 0.000000000000000000e+00 5.154941367091823157e-01 0.000000000000000000e+00 5.274934962950634798e-01 0.000000000000000000e+00 
6.707036212442677447e-01 7.007142782211304155e-01 0.000000000000000000e+00 5.873471274175198209e-01 5.331985294117647101e-01 0.000000000000000000e+00 5.445468342142121276e-01 0.000000000000000000e+00 5.262066328146063343e-01 0.000000000000000000e+00 
6.711115170867776314e-01 6.984758824110031128e-01 0.000000000000000000e+00 5.824374288964733193e-01 5.356801470588233860e-01 0.000000000000000000e+00 5.426783718850659577e-01 0.000000000000000000e+00 5.293023573816766358e-01 0.000000000000000000e+00 
6.707813143730163574e-01 7.022985309362411721e-01 0.000000000000000000e+00 5.877950796359500130e-01 5.284834558823530148e-01 0.000000000000000000e+00 5.518263059683772287e-01 0.000000000000000000e+00 5.199368016901726453e-01 0.000000000000000000e+00 
6.713372934800365677e-01 6.997618585824966209e-01 0.000000000000000000e+00 5.868458475540386798e-01 5.358639705882353166e-01 0.000000000000000000e+00 5.374330746139092119e-01 0.000000000000000000e+00 5.357427850286685667e-01 0.000000000000000000e+00 
6.700706043544483181e-01 6.994026362895965354e-01 0.000000000000000000e+00 5.895371160409555999e-01 5.363419117647059142e-01 0.000000000000000000e+00 5.506665739078735466e-01 0.000000000000000000e+00 5.290186141157543487e-01 0.000000000000000000e+00 
6.702946403124226959e-01 6.998817056417465654e-01 0.000000000000000000e+00 5.886341012514221260e-01 5.279044117647059275e-01 0.000000000000000000e+00 5.320607558480243693e-01 0.000000000000000000e+00 5.261040313239874200e-01 0.000000000000000000e+00 
6.697884707524101033e-01 7.011368930339813010e-01 0.000000000000000000e+00 5.893273606370876827e-01 5.311029411764706110e-01 0.000000000000000000e+00 5.340488732092540936e-01 0.000000000000000000e+00 5.286833596543016878e-01 0.000000000000000000e+00 
6.700885407753771617e-01 7.000470697879791482e-01 0.000000000000000000e+00 5.855339874857792282e-01 5.289062500000000222e-01 0.000000000000000000e+00 5.314080055965989535e-01 0.000000000000000000e+00 5.273356957337812512e-01 0.000000000000000000e+00 
6.696275354652274636e-01 7.005830734968185869e-01 0.000000000000000000e+00 5.884812286689420358e-01 5.300735294117647767e-01 0.000000000000000000e+00 5.331908339583220080e-01 0.000000000000000000e+00 5.269312045407728018e-01 0.000000000000000000e+00 
6.684141531332361552e-01 6.998437643051147461e-01 0.000000000000000000e+00 5.932771615472127724e-01 5.326194852941177338e-01 0.000000000000000000e+00 5.348833330961533239e-01 0.000000000000000000e+00 5.308221020774684940e-01 0.000000000000000000e+00 
6.695317153027440238e-01 7.026665627956389937e-01 0.000000000000000000e+00 5.884350113765642876e-01 5.293566176470588802e-01 0.000000000000000000e+00 5.251827032028553166e-01 0.000000000000000000e+00 5.326230944592466043e-01 0.000000000000000000e+00 
6.699099775670738222e-01 7.050679862499237283e-01 0.000000000000000000e+00 5.899886234357224479e-01 5.262040441176470962e-01 0.000000000000000000e+00 5.221673823749172216e-01 0.000000000000000000e+00 5.306224904457862435e-01 0.000000000000000000e+00 
6.697155175152085249e-01 7.016559422016144243e-01 0.000000000000000000e+00 5.889576222980660303e-01 5.333180147058823595e-01 0.000000000000000000e+00 5.539422125378850037e-01 0.000000000000000000e+00 5.235540927962258895e-01 0.000000000000000000e+00 
6.692720304780446217e-01 7.031270265579223633e-01 0.000000000000000000e+00 5.899210750853243201e-01 5.304044117647058743e-01 0.000000000000000000e+00 5.547323976510858401e-01 0.000000000000000000e+00 5.206724947764023170e-01 0.000000000000000000e+00 
6.705114787552544087e-01 7.003029346466064231e-01 0.000000000000000000e+00 5.891673777019340585e-01 5.342830882352941346e-01 0.000000000000000000e+00 5.417098519306180471e-01 0.000000000000000000e+00 5.290803103004104724e-01 0.000000000000000000e+00 
6.687101938415306313e-01 7.002839207649230735e-01 0.000000000000000000e+00 5.946779010238907315e-01 5.334558823529411686e-01 0.000000000000000000e+00 5.423209270533427828e-01 0.000000000000000000e+00 5.276996201785698615e-01 0.000000000000000000e+00 
6.676854442410908863e-01 7.035686105489731279e-01 0.000000000000000000e+00 5.933233788395904096e-01 5.271323529411763298e-01 0.000000000000000000e+00 5.255217839149892711e-01 0.000000000000000000e+00 5.278599718684130471e-01 0.000000000000000000e+00 
6.670177066285455370e-01 7.024620056152344194e-01 0.000000000000000000e+00 5.911547212741752322e-01 5.298621323529412175e-01 0.000000000000000000e+00 5.283674824462535335e-01 0.000000000000000000e+00 5.308287924483052755e-01 0.000000000000000000e+00 
6.685809401521910500e-01 7.008988887071609941e-01 0.000000000000000000e+00 5.913111490329919784e-01 5.361029411764706154e-01 0.000000000000000000e+00 5.420163086506775141e-01 0.000000000000000000e+00 5.323625730225407526e-01 0.000000000000000000e+00 
6.677987740308350961e-01 7.014412194490432517e-01 0.000000000000000000e+00 5.917342150170649129e-01 5.287500000000000533e-01 0.000000000000000000e+00 5.419230371551050363e-01 0.000000000000000000e+00 5.212072065344047767e-01 0.000000000000000000e+00 
6.679419730710495218e-01 7.000953853130340576e-01 0.000000000000000000e+00 5.940984072810011618e-01 5.383455882352941035e-01 0.000000000000000000e+00 5.446737354952758681e-01 0.000000000000000000e+00 5.338135333821149020e-01 0.000000000000000000e+00 
6.671035649833418901e-01 7.034451127052306907e-01 0.000000000000000000e+00 5.946743458475540756e-01 5.285661764705883447e-01 0.000000000000000000e+00 5.263582917640228231e-01 0.000000000000000000e+00 5.310608149035050962e-01 0.000000000000000000e+00 
6.674456906603465356e-01 7.016038000583648682e-01 0.000000000000000000e+00 5.929607508532424021e-01 5.252297794117647411e-01 0.000000000000000000e+00 5.270198144182283162e-01 0.000000000000000000e+00 5.227699041953923764e-01 0.000000000000000000e+00 
6.671877127051760725e-01 7.026936829090117964e-01 0.000000000000000000e+00 5.973158418657565916e-01 5.284834558823527928e-01 0.000000000000000000e+00 5.422086363288800559e-01 0.000000000000000000e+00 5.215874899615016158e-01 0.000000000000000000e+00 
6.673885093614102537e-01 7.003200411796569602e-01 0.000000000000000000e+00 5.933127133105802198e-01 5.354963235294117885e-01 0.000000000000000000e+00 5.427839576401395361e-01 0.000000000000000000e+00 5.307727644382428389e-01 0.000000000000000000e+00 
6.666894784966426180e-01 7.028022468090057151e-01 0.000000000000000000e+00 5.923777019340159544e-01 5.306158088235294334e-01 0.000000000000000000e+00 5.300683761338215172e-01 0.000000000000000000e+00 5.316403564358136435e-01 0.000000000000000000e+00 
6.660624928645306753e-01 7.039380133152007835e-01 0.000000000000000000e+00 5.965372582480090724e-01 5.297058823529411375e-01 0.000000000000000000e+00 5.344082144615691643e-01 0.000000000000000000e+00 5.267271860408702100e-01 0.000000000000000000e+00 
6.671418842602101495e-01 7.030444175004959551e-01 0.000000000000000000e+00 5.928043230944254338e-01 5.267463235294117530e-01 0.000000000000000000e+00 5.355369284812518949e-01 0.000000000000000000e+00 5.215594926074371696e-01 0.000000000000000000e+00 
6.660916704570066793e-01 7.050674736499786821e-01 0.000000000000000000e+00 5.961070819112628261e-01 5.271047794117647012e-01 0.000000000000000000e+00 5.306297597364875163e-01 0.000000000000000000e+00 5.260377061007833754e-01 0.000000000000000000e+00 
6.651801120095692799e-01 7.042947173118591087e-01 0.000000000000000000e+00 5.956200227531286417e-01 5.296507352941175473e-01 0.000000000000000000e+00 5.395795877641152982e-01 0.000000000000000000e+00 5.235205174531359917e-01 0.000000000000000000e+00 
6.658153815684465515e-01 7.019310593605041504e-01 0.000000000000000000e+00 5.963701649601820254e-01 5.325183823529412441e-01 0.000000000000000000e+00 5.386166363452474792e-01 0.000000000000000000e+00 5.271187770054057697e-01 0.000000000000000000e+00 
6.656184655204161471e-01 7.039289027452468872e-01 0.000000000000000000e+00 5.958937713310580309e-01 5.325183823529411331e-01 0.000000000000000000e+00 5.321068771816956922e-01 0.000000000000000000e+00 5.323481317094317378e-01 0.000000000000000000e+00 
6.650551898284170482e-01 7.030340820550918801e-01 0.000000000000000000e+00 5.930745164960182780e-01 5.289613970588235015e-01 0.000000000000000000e+00 5.430890927182533412e-01 0.000000000000000000e+00 5.216947679323509224e-01 0.000000000000000000e+00 
6.654320596224618800e-01 7.038806796073913130e-01 0.000000000000000000e+00 5.974473833902161912e-01 5.272150735294117707e-01 0.000000000000000000e+00 5.311612632725459804e-01 0.000000000000000000e+00 5.247710939217995474e-01 0.000000000000000000e+00 
6.648606539993155984e-01 7.041665911674499512e-01 0.000000000000000000e+00 5.991538680318544419e-01 5.307077205882353432e-01 0.000000000000000000e+00 5.402550911225765251e-01 0.000000000000000000e+00 5.247384265286908489e-01 0.000000000000000000e+00 
6.655008777620036176e-01 7.046171367168426736e-01 0.000000000000000000e+00 5.975504835039817664e-01 5.258823529411764675e-01 0.000000000000000000e+00 5.379795607490944764e-01 0.000000000000000000e+00 5.191249439008853717e-01 0.000000000000000000e+00 
6.655477353533787443e-01 7.035270899534225020e-01 0.000000000000000000e+00 5.923385949943117401e-01 5.317003676470587470e-01 0.000000000000000000e+00 5.384777708662367157e-01 0.000000000000000000e+00 5.256716788549616881e-01 0.000000000000000000e+00 
6.651657434250307643e-01 7.079552143812180010e-01 0.000000000000000000e+00 5.991432025028441410e-01 5.276838235294116775e-01 0.000000000000000000e+00 5.269709207962598452e-01 0.000000000000000000e+00 5.286313036211010008e-01 0.000000000000000000e+00 
6.649208814414288016e-01 7.067038714885711670e-01 0.000000000000000000e+00 5.978704493742889037e-01 5.250367647058823417e-01 0.000000000000000000e+00 5.318029883538440972e-01 0.000000000000000000e+00 5.206794946536803526e-01 0.000000000000000000e+00 
6.650995638590216918e-01 7.042304545640944990e-01 0.000000000000000000e+00 5.943152730375427240e-01 5.261213235294117663e-01 0.000000000000000000e+00 5.302428949467890007e-01 0.000000000000000000e+00 5.233291685718211017e-01 0.000000000000000000e+00 
6.644503895333195853e-01 7.067443698644637617e-01 0.000000000000000000e+00 5.965763651877132867e-01 5.281250000000001776e-01 0.000000000000000000e+00 5.299851776342346943e-01 0.000000000000000000e+00 5.266848435212942992e-01 0.000000000000000000e+00 
6.640424293055876559e-01 7.069671839475631936e-01 0.000000000000000000e+00 5.993031854379977652e-01 5.275827205882352988e-01 0.000000000000000000e+00 5.272604323364141754e-01 0.000000000000000000e+00 5.270575956072029999e-01 0.000000000000000000e+00 
6.639982172043250586e-01 7.051443994045257790e-01 0.000000000000000000e+00 5.967825654152445480e-01 5.331433823529411198e-01 0.000000000000000000e+00 5.343761205845987128e-01 0.000000000000000000e+00 5.316706134456401500e-01 0.000000000000000000e+00 
6.635824026914993734e-01 7.065654069185256514e-01 0.000000000000000000e+00 5.962706200227531061e-01 5.267279411764704822e-01 0.000000000000000000e+00 5.242415603436891836e-01 0.000000000000000000e+00 5.291458149141650136e-01 0.000000000000000000e+00 
6.638075670691480079e-01 7.129058033227920754e-01 0.000000000000000000e+00 5.987770193401592556e-01 5.286488970588234526e-01 0.000000000000000000e+00 5.280260049626864793e-01 0.000000000000000000e+00 5.305869971415159148e-01 0.000000000000000000e+00 
6.650709497643818580e-01 7.016340643167495728e-01 0.000000000000000000e+00 5.928043230944254338e-01 5.304595588235294645e-01 0.000000000000000000e+00 5.390730437193634872e-01 0.000000000000000000e+00 5.245989510927672184e-01 0.000000000000000000e+00 
6.629188346577992164e-01 7.054155051708221880e-01 0.000000000000000000e+00 6.001742036405005587e-01 5.286121323529411331e-01 0.000000000000000000e+00 5.348037662857068053e-01 0.000000000000000000e+00 5.252485652176266395e-01 0.000000000000000000e+00 
6.632295867281968738e-01 7.089203566312789473e-01 0.000000000000000000e+00 6.027801478953356273e-01 5.204779411764705044e-01 0.000000000000000000e+00 5.283432957221227966e-01 0.000000000000000000e+00 5.162619552733713757e-01 0.000000000000000000e+00 
6.624434880225731348e-01 7.081532120704651101e-01 0.000000000000000000e+00 6.018024744027303807e-01 5.293658088235295711e-01 0.000000000000000000e+00 5.284330410341675499e-01 0.000000000000000000e+00 5.304188916741322535e-01 0.000000000000000000e+00 
6.642091440055963858e-01 7.085834741592407227e-01 0.000000000000000000e+00 5.955275881683731454e-01 5.279136029411763964e-01 0.000000000000000000e+00 5.352681480429282157e-01 0.000000000000000000e+00 5.229064049715645979e-01 0.000000000000000000e+00 
6.638180182248658578e-01 7.072343379259109497e-01 0.000000000000000000e+00 5.967363481228669109e-01 5.252205882352941613e-01 0.000000000000000000e+00 5.517500834236213070e-01 0.000000000000000000e+00 5.163703082245648668e-01 0.000000000000000000e+00 
6.616403236730921122e-01 7.057926684617996660e-01 0.000000000000000000e+00 6.010096700796359048e-01 5.289797794117646612e-01 0.000000000000000000e+00 5.324998027554690427e-01 0.000000000000000000e+00 5.270622374494189355e-01 0.000000000000000000e+00 
6.625101576486138732e-01 7.075902581214904563e-01 0.000000000000000000e+00 6.012123151308303992e-01 5.297610294117646168e-01 0.000000000000000000e+00 5.322824015865739167e-01 0.000000000000000000e+00 5.276882449972020162e-01 0.000000000000000000e+00 
6.615775045477896299e-01 7.118744254112243652e-01 0.000000000000000000e+00 6.033951934015927554e-01 5.277205882352939970e-01 0.000000000000000000e+00 5.284476159737907519e-01 0.000000000000000000e+00 5.259941520515754032e-01 0.000000000000000000e+00 
6.617037158573854105e-01 7.080258011817932573e-01 0.000000000000000000e+00 6.032529863481228549e-01 5.266911764705881627e-01 0.000000000000000000e+00 5.354164265807868084e-01 0.000000000000000000e+00 5.204050857723900858e-01 0.000000000000000000e+00 
6.619230176198197535e-01 7.126595377922058105e-01 0.000000000000000000e+00 6.046963879408419063e-01 5.277481617647058476e-01 0.000000000000000000e+00 5.266355375260065586e-01 0.000000000000000000e+00 5.294809985918341733e-01 0.000000000000000000e+00 
6.608184849646311365e-01 7.100489884614944458e-01 0.000000000000000000e+00 6.040386803185437969e-01 5.244761029411764142e-01 0.000000000000000000e+00 5.314605728909488347e-01 0.000000000000000000e+00 5.203517310793187578e-01 0.000000000000000000e+00 
6.616696893355138442e-01 7.071528136730194092e-01 0.000000000000000000e+00 6.030361205915812928e-01 5.275183823529412397e-01 0.000000000000000000e+00 5.342369001469625678e-01 0.000000000000000000e+00 5.234219946225487918e-01 0.000000000000000000e+00 
6.618491162008799389e-01 7.068690359592437744e-01 0.000000000000000000e+00 6.026130546075085803e-01 5.340716911764705754e-01 0.000000000000000000e+00 5.442446057892483813e-01 0.000000000000000000e+00 5.275335952296094089e-01 0.000000000000000000e+00 
6.615336187463571882e-01 7.081930398941039817e-01 0.000000000000000000e+00 6.012265358361774670e-01 5.286764705882353033e-01 0.000000000000000000e+00 5.324362210530247941e-01 0.000000000000000000e+00 5.256444881366547639e-01 0.000000000000000000e+00 
6.610733099764931620e-01 7.138411879539490190e-01 0.000000000000000000e+00 6.008176905574516002e-01 5.280330882352941568e-01 0.000000000000000000e+00 5.276617410135517883e-01 0.000000000000000000e+00 5.299495775799722974e-01 0.000000000000000000e+00 
6.618737089145712016e-01 7.094044178724289162e-01 0.000000000000000000e+00 5.971771899886234580e-01 5.298069852941177382e-01 0.000000000000000000e+00 5.318985546283938604e-01 0.000000000000000000e+00 5.277631555310675626e-01 0.000000000000000000e+00 
6.621860145708806655e-01 7.073852539062499556e-01 0.000000000000000000e+00 5.986668088737201465e-01 5.302205882352940547e-01 0.000000000000000000e+00 5.331421550731682002e-01 0.000000000000000000e+00 5.274766146766840524e-01 0.000000000000000000e+00 
6.609744574022781149e-01 7.092063546180724654e-01 0.000000000000000000e+00 6.008034698521046435e-01 5.288051470588235325e-01 0.000000000000000000e+00 5.366761224411804587e-01 0.000000000000000000e+00 5.244694445780802017e-01 0.000000000000000000e+00 
6.603233072741446774e-01 7.057547390460967573e-01 0.000000000000000000e+00 6.059122582480090946e-01 5.298713235294117974e-01 0.000000000000000000e+00 5.320508635862277735e-01 0.000000000000000000e+00 5.281103413309000683e-01 0.000000000000000000e+00 
6.606840526894904864e-01 7.114470064640044944e-01 0.000000000000000000e+00 6.019589021615471269e-01 5.284466911764705843e-01 0.000000000000000000e+00 5.258712876495781341e-01 0.000000000000000000e+00 5.308860103047257084e-01 0.000000000000000000e+00 
6.608632150973883235e-01 7.099695861339568870e-01 0.000000000000000000e+00 6.043230944254834869e-01 5.266268382352941035e-01 0.000000000000000000e+00 5.293987055990202473e-01 0.000000000000000000e+00 5.238721159404142735e-01 0.000000000000000000e+00 
6.591428393186562484e-01 7.086215287446975264e-01 0.000000000000000000e+00 6.035231797497155881e-01 5.335294117647059187e-01 0.000000000000000000e+00 5.372098867133441313e-01 0.000000000000000000e+00 5.296554017367316458e-01 0.000000000000000000e+00 
6.609173169925350866e-01 7.077073961496352927e-01 0.000000000000000000e+00 6.018913538111489991e-01 5.273621323529410487e-01 0.000000000000000000e+00 5.376529983518436584e-01 0.000000000000000000e+00 5.218541104635312511e-01 0.000000000000000000e+00 
6.595578642225102817e-01 7.116064161062241045e-01 0.000000000000000000e+00 6.026166097838452362e-01 5.286397058823528727e-01 0.000000000000000000e+00 5.303787361930788480e-01 0.000000000000000000e+00 5.272903533235682172e-01 0.000000000000000000e+00 
6.590149581635771359e-01 7.155939191579818726e-01 0.000000000000000000e+00 6.077787258248009694e-01 5.265992647058823639e-01 0.000000000000000000e+00 5.280975045955551561e-01 0.000000000000000000e+00 5.261652491052374314e-01 0.000000000000000000e+00 
6.582958578249700210e-01 7.121264934539794922e-01 0.000000000000000000e+00 6.071885665529009879e-01 5.292463235294118107e-01 0.000000000000000000e+00 5.354543308602771612e-01 0.000000000000000000e+00 5.256071800709901654e-01 0.000000000000000000e+00 
6.621055260249779639e-01 7.075551837682724221e-01 0.000000000000000000e+00 5.972838452787258001e-01 5.260110294117648078e-01 0.000000000000000000e+00 5.323039756082044160e-01 0.000000000000000000e+00 5.220150818537878656e-01 0.000000000000000000e+00 
6.591528059069207135e-01 7.091508448123932107e-01 0.000000000000000000e+00 6.075298634812286158e-01 5.271783088235293402e-01 0.000000000000000000e+00 5.341210146078153587e-01 0.000000000000000000e+00 5.232520242217381101e-01 0.000000000000000000e+00 
6.588981953090368160e-01 7.095276176929473655e-01 0.000000000000000000e+00 6.049701365187712954e-01 5.215349264705884114e-01 0.000000000000000000e+00 5.373104351430921799e-01 0.000000000000000000e+00 5.146637873298666177e-01 0.000000000000000000e+00 
6.585928451892866242e-01 7.102768540382384810e-01 0.000000000000000000e+00 6.072134527872582455e-01 5.294301470588236302e-01 0.000000000000000000e+00 5.299044107424571992e-01 0.000000000000000000e+00 5.288769362163663335e-01 0.000000000000000000e+00 
6.577792182920735309e-01 7.098069667816162553e-01 0.000000000000000000e+00 6.069325938566553225e-01 5.263051470588235858e-01 0.000000000000000000e+00 5.322446228867419027e-01 0.000000000000000000e+00 5.222105973151556224e-01 0.000000000000000000e+00 
6.591255533613848971e-01 7.136538624763488770e-01 0.000000000000000000e+00 6.075831911262798979e-01 5.256525735294117485e-01 0.000000000000000000e+00 5.241581801625847525e-01 0.000000000000000000e+00 5.270727509651210729e-01 0.000000000000000000e+00 
6.583947841421329272e-01 7.107297629117965698e-01 0.000000000000000000e+00 6.085893060295790580e-01 5.265625000000000444e-01 0.000000000000000000e+00 5.338005666458802700e-01 0.000000000000000000e+00 5.212763244585375544e-01 0.000000000000000000e+00 
6.593629816489822160e-01 7.166896671056747214e-01 0.000000000000000000e+00 6.064846416382252414e-01 5.279687499999999867e-01 0.000000000000000000e+00 5.250461151051405428e-01 0.000000000000000000e+00 5.312528413652372050e-01 0.000000000000000000e+00 
6.579812470149668524e-01 7.130641013383864912e-01 0.000000000000000000e+00 6.074836461888509787e-01 5.300827205882352455e-01 0.000000000000000000e+00 5.323379416621775162e-01 0.000000000000000000e+00 5.286952889101559361e-01 0.000000000000000000e+00 
6.580217780716997034e-01 7.123798251152038130e-01 0.000000000000000000e+00 6.075227531285551930e-01 5.249356617647058521e-01 0.000000000000000000e+00 5.250751660353469852e-01 0.000000000000000000e+00 5.249998445524814983e-01 0.000000000000000000e+00 
6.585895802584117442e-01 7.112899422645568848e-01 0.000000000000000000e+00 6.029152445961319939e-01 5.281341911764705355e-01 0.000000000000000000e+00 5.402709579684064067e-01 0.000000000000000000e+00 5.212305561586140223e-01 0.000000000000000000e+00 
6.584576647029395380e-01 7.153170794248581155e-01 0.000000000000000000e+00 6.079920364050057646e-01 5.194301470588233993e-01 0.000000000000000000e+00 5.177417965508825937e-01 0.000000000000000000e+00 5.210487873654944257e-01 0.000000000000000000e+00 
6.576373625940836742e-01 7.104224473237991111e-01 0.000000000000000000e+00 6.093856655290103008e-01 5.266268382352941035e-01 0.000000000000000000e+00 5.366889666771854639e-01 0.000000000000000000e+00 5.203972131930291178e-01 0.000000000000000000e+00 
6.576872611412009073e-01 7.131273597478866577e-01 0.000000000000000000e+00 6.084257679180887779e-01 5.268658088235295134e-01 0.000000000000000000e+00 5.325341119176402183e-01 0.000000000000000000e+00 5.234650320041572824e-01 0.000000000000000000e+00 
6.567693741756901460e-01 7.103364706039428933e-01 0.000000000000000000e+00 6.111988054607508936e-01 5.291911764705882204e-01 0.000000000000000000e+00 5.356384289404979571e-01 0.000000000000000000e+00 5.251255154142180359e-01 0.000000000000000000e+00 
6.581199078633109822e-01 7.107959389686584473e-01 0.000000000000000000e+00 6.053469852104664817e-01 5.242830882352941257e-01 0.000000000000000000e+00 5.293619292638320761e-01 0.000000000000000000e+00 5.220637911769006045e-01 0.000000000000000000e+00 
6.581478358942494111e-01 7.155756533145904985e-01 0.000000000000000000e+00 6.071494596131967736e-01 5.227297794117646834e-01 0.000000000000000000e+00 5.241381183869951998e-01 0.000000000000000000e+00 5.213333523032622763e-01 0.000000000000000000e+00 
