4.903489351272583008e-01 1.294626872549997643e-05 5.490929377849340653e-10 5.062100738584263127e-10 
4.904660582542419434e-01 1.285369216930121183e-05 -3.789592528669061267e-10 4.942092290960431455e-10 
4.815985560417175293e-01 2.935043594334274530e-04 -5.043580131314229220e-07 2.620274983655690448e-07 
4.825601875782012939e-01 2.934280200861394405e-04 -6.040762627890217118e-07 2.584523599580279551e-07 
5.072459578514099121e-01 3.461581945884972811e-04 -1.617023826838703826e-06 3.633884659848263254e-07 
5.088309645652770996e-01 3.394741215743124485e-04 -1.748676140778115951e-06 3.488054289846331812e-07 
5.123419165611267090e-01 9.385398006998002529e-04 -9.072986358660273254e-06 2.549897772041731514e-06 
5.152713656425476074e-01 9.121782495640218258e-04 -9.659011084295343608e-06 2.434644329696311615e-06 
5.012611746788024902e-01 8.381434599868953228e-04 -1.007488754112273455e-05 2.177621581722632982e-06 
5.040839314460754395e-01 8.131059003062546253e-04 -1.031372994475532323e-05 2.087991333610261790e-06 
5.089963674545288086e-01 7.127537392079830170e-04 -9.583532118995208293e-06 1.598059043317334726e-06 
5.117923617362976074e-01 6.774557405151426792e-04 -9.388232683704700321e-06 1.471182144996419083e-06 
4.842891693115234375e-01 8.629910880699753761e-04 -9.898122698359657079e-06 2.098304776154691353e-06 
4.874334335327148438e-01 8.243824704550206661e-04 -1.036864887282717973e-05 1.972278823814122006e-06 
5.019970536231994629e-01 9.469168726354837418e-04 -1.117429383157286793e-05 2.491892701073084027e-06 
5.052093863487243652e-01 9.046578779816627502e-04 -1.171676740341354162e-05 2.344409722354612313e-06 
4.883053302764892578e-01 7.223659777082502842e-04 -4.112985607207519934e-06 1.429880512660020031e-06 
4.912223815917968750e-01 6.981263868510723114e-04 -4.642193744075484574e-06 1.347893089587159920e-06 
4.982559382915496826e-01 8.120948914438486099e-04 -7.434209692291915417e-06 1.768243350852571893e-06 
5.013830065727233887e-01 7.796039571985602379e-04 -8.128496119752526283e-06 1.664522073951957282e-06 
5.012058615684509277e-01 8.083084248937666416e-04 -7.889712833275552839e-06 1.787251562745950650e-06 
5.043584108352661133e-01 7.749359356239438057e-04 -8.418466677539981902e-06 1.673581209615804255e-06 
5.124787092208862305e-01 7.642676937393844128e-04 -1.106330182665260509e-05 1.712090920591435861e-06 
5.155646204948425293e-01 7.220103871077299118e-04 -1.116958446800708771e-05 1.584447886671114247e-06 
4.923071265220642090e-01 9.633087320253252983e-04 -7.198960702226031572e-06 2.447954557283082977e-06 
4.957736730575561523e-01 9.317041258327662945e-04 -8.140947102219797671e-06 2.319103487025131471e-06 
4.860304594039916992e-01 1.030980842188000679e-03 -5.759156010753940791e-06 2.789460950225475244e-06 
4.896008968353271484e-01 1.002315664663910866e-03 -7.014092261670157313e-06 2.661521648406051099e-06 
5.005091428756713867e-01 9.776494698598980904e-04 -8.187663297576364130e-06 2.613691094666137360e-06 
5.040977001190185547e-01 9.427953627891838551e-04 -8.941819942265283316e-06 2.461139274601009674e-06 
4.928464889526367188e-01 7.842524792067706585e-04 -6.182442575664026663e-06 1.628138875275908504e-06 
4.961142241954803467e-01 7.539173238910734653e-04 -6.848075827292632312e-06 1.527495101072418038e-06 
4.911220967769622803e-01 9.451460209675133228e-04 -8.257873560069128871e-06 2.464798626533593051e-06 
4.947199821472167969e-01 9.093155385926365852e-04 -8.848074685374740511e-06 2.318385440958081745e-06 
4.921539723873138428e-01 7.580596138723194599e-04 -6.214556378836277872e-06 1.671110339884762652e-06 
4.954461455345153809e-01 7.273561204783618450e-04 -6.318664873106172308e-06 1.561498265800764784e-06 
5.101990699768066406e-01 9.328044252470135689e-04 -1.009960215014871210e-05 2.427843583063804545e-06 
5.138635635375976562e-01 8.913642377592623234e-04 -1.057061217579757795e-05 2.263521082568331622e-06 
4.958427250385284424e-01 8.933039498515427113e-04 -7.829573405615519732e-06 2.220210035375203006e-06 
4.994743764400482178e-01 8.587731863372027874e-04 -8.311907549796160311e-06 2.075930751743726432e-06 
5.021733641624450684e-01 8.939615217968821526e-04 -7.259639005496865138e-06 2.166685590054839849e-06 
5.058141946792602539e-01 8.609776850789785385e-04 -7.905467100499663502e-06 2.029086772381560877e-06 
4.991555213928222656e-01 9.916807757690548897e-04 -7.541057584603549913e-06 2.644474989210721105e-06 
5.030034184455871582e-01 9.578568860888481140e-04 -8.409846486756578088e-06 2.485874802005128004e-06 
5.101057291030883789e-01 1.089086406864225864e-03 -1.135736965807154775e-05 3.110003945039352402e-06 
5.142288208007812500e-01 1.042744494043290615e-03 -1.253302434633951634e-05 2.919514599852846004e-06 
4.974679946899414062e-01 9.994754800572991371e-04 -9.350801519758533686e-06 2.788020537991542369e-06 
5.014109015464782715e-01 9.589661494828760624e-04 -9.872224836726672947e-06 2.600427933430182748e-06 
5.117573738098144531e-01 1.162333996035158634e-03 -1.594509376445785165e-05 3.638571797637268901e-06 
5.160829424858093262e-01 1.102919224649667740e-03 -1.692470868874806911e-05 3.370009835634846240e-06 
5.071191191673278809e-01 1.087712589651346207e-03 -9.128239980782382190e-06 3.170569470967166126e-06 
5.113533139228820801e-01 1.047240803018212318e-03 -1.014929330267477781e-05 2.960859546874416992e-06 
4.991495311260223389e-01 1.254226663149893284e-03 -7.127950993890408427e-06 4.073747732036281377e-06 
5.037246346473693848e-01 1.218674471601843834e-03 -8.758906915318220854e-06 3.861686309392098337e-06 
5.154144167900085449e-01 1.287457183934748173e-03 -1.455408164474647492e-05 4.414248451212188229e-06 
5.200570225715637207e-01 1.232074107974767685e-03 -1.588335726410150528e-05 4.114357125217793509e-06 
5.045523643493652344e-01 1.136414823122322559e-03 -1.334480748482747003e-05 3.591584118112223223e-06 
5.089470744132995605e-01 1.085056224837899208e-03 -1.393107049807440490e-05 3.346052608321770094e-06 
5.006355643272399902e-01 1.058725873008370399e-03 -1.051358049153350294e-05 3.026884769496973604e-06 
5.049358606338500977e-01 1.014481298625469208e-03 -1.123898891819408163e-05 2.833723783624009229e-06 
5.056163668632507324e-01 9.005385218188166618e-04 -1.016532496578292921e-05 2.338937747481395490e-06 
5.095731019973754883e-01 8.580511203035712242e-04 -1.027833877742523327e-05 2.168580294892308302e-06 
4.878451526165008545e-01 1.016473746858537197e-03 -6.184002359077567235e-06 2.824613602570025250e-06 
4.921081960201263428e-01 9.876057738438248634e-04 -6.804848453612066805e-06 2.713693675104877912e-06 
5.162243843078613281e-01 1.058690715581178665e-03 -1.154505116574000567e-05 3.177111693730694242e-06 
5.205190777778625488e-01 1.013603177852928638e-03 -1.185197470476850867e-05 2.955969648610334843e-06 
4.988061785697937012e-01 1.023265533149242401e-03 -1.183376571134431288e-05 2.933144514827290550e-06 
5.030938386917114258e-01 9.779803222045302391e-04 -1.215023075928911567e-05 2.755346940830349922e-06 
5.080419778823852539e-01 1.248890883289277554e-03 -1.137769959314027801e-05 4.291593995731091127e-06 
5.127928853034973145e-01 1.205918262712657452e-03 -1.211833023262443021e-05 4.064995664521120489e-06 
4.932204186916351318e-01 1.164766377769410610e-03 -8.867204087437130511e-06 3.715687171279569156e-06 
4.978229105472564697e-01 1.128907781094312668e-03 -9.536353900330141187e-06 3.556501496859709732e-06 
4.908073246479034424e-01 1.140314852818846703e-03 -8.484536920150276273e-06 3.541759497238672338e-06 
4.953681230545043945e-01 1.106429146602749825e-03 -9.289293302572332323e-06 3.407426220292109065e-06 
4.923157393932342529e-01 1.236211159266531467e-03 -6.127881079009966925e-06 4.117205207876395434e-06 
4.971178174018859863e-01 1.208248315379023552e-03 -7.071072559483582154e-06 3.976006610173499212e-06 
4.941734373569488525e-01 1.330176601186394691e-03 -9.466637493460439146e-06 4.782141331816092134e-06 
4.991502463817596436e-01 1.293336041271686554e-03 -1.056637756846612319e-05 4.595413429342443123e-06 
5.015106797218322754e-01 1.138282357715070248e-03 -8.545083801436703652e-06 3.584478918128297664e-06 
5.061180591583251953e-01 1.104240771383047104e-03 -9.108972335525322706e-06 3.432809762671240605e-06 
5.031636953353881836e-01 1.226070453412830830e-03 -1.098191478376975283e-05 4.187198555882787332e-06 
5.079628825187683105e-01 1.183647080324590206e-03 -1.153536777565022931e-05 3.961446964240167290e-06 
4.922072589397430420e-01 1.230660476721823215e-03 -9.899459655571263283e-06 4.092336439498467371e-06 
4.970128834247589111e-01 1.190930255688726902e-03 -1.071171118383063003e-05 3.918669790436979383e-06 
4.870471656322479248e-01 1.218319637700915337e-03 -2.433568624837789685e-06 4.063346750626806170e-06 
4.919190406799316406e-01 1.201452570967376232e-03 -3.226481112506007776e-06 3.971410023950738832e-06 
5.033473968505859375e-01 1.345195574685931206e-03 -7.649358849448617548e-06 4.890865966444835067e-06 
5.084742307662963867e-01 1.313785091042518616e-03 -8.781329597695730627e-06 4.705609171651303768e-06 
4.924729466438293457e-01 1.274767913855612278e-03 -5.105494437884772196e-06 4.354933935246663168e-06 
4.974315166473388672e-01 1.251067384146153927e-03 -6.203414159244857728e-06 4.265683855919633061e-06 
5.185238718986511230e-01 1.112466212362051010e-03 -1.109946242650039494e-05 3.496863200780353509e-06 
5.231257677078247070e-01 1.070249010808765888e-03 -1.147138482338050380e-05 3.282175157437450252e-06 
5.051427483558654785e-01 1.175742945633828640e-03 -6.086768280511023477e-06 3.749589950530207716e-06 
5.099256634712219238e-01 1.148184528574347496e-03 -6.850747013231739402e-06 3.617316451709484681e-06 
5.032448768615722656e-01 1.280430122278630733e-03 -4.591459855873836204e-06 4.435467872099252418e-06 
5.082620978355407715e-01 1.257640891708433628e-03 -5.487736871145898476e-06 4.309290943638188764e-06 
4.890089929103851318e-01 1.154085854068398476e-03 -4.003260073659475893e-06 3.621432824729708955e-06 
4.937947988510131836e-01 1.134844962507486343e-03 -4.719669504993362352e-06 3.541341357049532235e-06 
4.973507225513458252e-01 1.372165279462933540e-03 -5.542837698158109561e-06 5.089314527140231803e-06 
5.025570988655090332e-01 1.347897457890212536e-03 -6.641151685471413657e-06 4.954248652211390436e-06 
5.019246935844421387e-01 1.139790751039981842e-03 -9.712212886370252818e-06 3.628600097727030516e-06 
5.066728591918945312e-01 1.102117821574211121e-03 -1.013395649351878092e-05 3.450703616181272082e-06 
4.882029294967651367e-01 1.335346722044050694e-03 -6.017616215103771538e-06 4.806494871445465833e-06 
4.933465719223022461e-01 1.309081446379423141e-03 -7.172382083808770403e-06 4.674686351791024208e-06 
5.191565752029418945e-01 1.342946314252912998e-03 -1.110172979679191485e-05 4.959209036314859986e-06 
5.243282914161682129e-01 1.301850192248821259e-03 -1.182033702207263559e-05 4.716881903732428327e-06 
5.005396604537963867e-01 1.146797440014779568e-03 -5.520108970813453197e-06 3.573015419533476233e-06 
5.053023099899291992e-01 1.121840788982808590e-03 -6.241943538043415174e-06 3.462115273578092456e-06 
4.909861385822296143e-01 1.177792670205235481e-03 -6.260226655285805464e-06 3.780911811190890148e-06 
4.958181381225585938e-01 1.149832387454807758e-03 -6.963305168028455228e-06 3.653007524917484261e-06 
4.978305697441101074e-01 1.383508089929819107e-03 -3.735376594704575837e-06 5.142860572959762067e-06 
5.030651688575744629e-01 1.362540293484926224e-03 -5.039414190832758322e-06 5.025233804190065712e-06 
4.997003972530364990e-01 1.435579615645110607e-03 -6.854540970380185172e-06 5.538592176890233532e-06 
5.050362944602966309e-01 1.404623384587466717e-03 -8.065021575021091849e-06 5.357139798434218392e-06 
4.960294365882873535e-01 1.159533858299255371e-03 -5.593615242105443031e-06 3.642147476057289168e-06 
5.008410215377807617e-01 1.133435871452093124e-03 -6.465933438448701054e-06 3.529405148583464324e-06 
5.022090673446655273e-01 1.284494879655539989e-03 -6.991571353864856064e-06 4.556562998914159834e-06 
5.072664022445678711e-01 1.254356931895017624e-03 -7.891645509516820312e-06 4.392721166368573904e-06 
4.991531074047088623e-01 1.216992852278053761e-03 -1.234007140737958252e-05 4.081874976691324264e-06 
5.041129589080810547e-01 1.168416230939328671e-03 -1.270923985430272296e-05 3.840467797999735922e-06 
5.056375265121459961e-01 1.249627792276442051e-03 -6.748163741576718166e-06 4.310694293963024393e-06 
5.106104612350463867e-01 1.218645134940743446e-03 -7.322489182115532458e-06 4.155129317950922996e-06 
4.979752004146575928e-01 1.372209750115871429e-03 -8.251078725152183324e-06 5.114552095619728789e-06 
5.032365322113037109e-01 1.337258261628448963e-03 -9.110234714171383530e-06 4.926608198729809374e-06 
5.047687292098999023e-01 1.397202140651643276e-03 -3.661446044134208933e-06 5.302653789840405807e-06 
5.100991725921630859e-01 1.376037253066897392e-03 -4.840446763410000131e-06 5.170624262973433360e-06 
5.012742280960083008e-01 1.301681739278137684e-03 -9.361117918160744011e-06 4.621674634108785540e-06 
5.064003467559814453e-01 1.266138860955834389e-03 -1.024569883156800643e-05 4.446929324330994859e-06 
4.999787807464599609e-01 1.303339027799665928e-03 -5.660670012730406597e-06 4.681921382143627852e-06 
5.051258802413940430e-01 1.277603441849350929e-03 -6.529510756081435829e-06 4.553060534817632288e-06 
4.905496537685394287e-01 1.285086385905742645e-03 6.110731760600174312e-07 4.575222646963084117e-06 
4.956357777118682861e-01 1.274832291528582573e-03 -2.687198161765991244e-07 4.489717412070604041e-06 
5.023863315582275391e-01 1.423880923539400101e-03 -3.997481144324410707e-06 5.520460035768337548e-06 
5.077792406082153320e-01 1.401093089953064919e-03 -5.289184173307148740e-06 5.354907443688716739e-06 
4.883938133716583252e-01 1.333906198851764202e-03 -5.289904038363602012e-06 4.781578809343045577e-06 
4.936497509479522705e-01 1.309330575168132782e-03 -6.636147190874908119e-06 4.666992026614025235e-06 
4.809839427471160889e-01 1.364812953397631645e-03 -2.644173946464434266e-06 5.008397693018196151e-06 
4.863047897815704346e-01 1.349292462691664696e-03 -4.111186171940062195e-06 4.949691174260806292e-06 
5.060328245162963867e-01 1.366810756735503674e-03 -7.984248441061936319e-06 5.085622888145735487e-06 
5.113040804862976074e-01 1.333492109552025795e-03 -9.097388101508840919e-06 4.879128937318455428e-06 
4.897512197494506836e-01 1.317141461186110973e-03 -4.548029210127424449e-06 4.743862518807873130e-06 
4.949002265930175781e-01 1.294046873226761818e-03 -5.374505690269870684e-06 4.620490017259726301e-06 
4.880825877189636230e-01 1.406840165145695210e-03 -7.112555067578796297e-06 5.338467872206820175e-06 
4.934460222721099854e-01 1.377045526169240475e-03 -8.507360689691267908e-06 5.187800525163765997e-06 
5.140494704246520996e-01 1.335537410341203213e-03 -1.356562734144972637e-05 5.049194896855624393e-06 
5.192254185676574707e-01 1.287246355786919594e-03 -1.404767863277811557e-05 4.777197318617254496e-06 
4.884726107120513916e-01 1.587226055562496185e-03 -1.682248694123700261e-06 6.875649887660983950e-06 
4.941858053207397461e-01 1.571784960106015205e-03 -3.318659537399071269e-06 6.781313913961639628e-06 
5.053516626358032227e-01 1.209258567541837692e-03 -8.163637176039628685e-06 4.052902113471645862e-06 
5.103415846824645996e-01 1.177063793875277042e-03 -8.803700438875239342e-06 3.905511675839079544e-06 
5.026350617408752441e-01 1.433618133887648582e-03 -6.032308647263562307e-06 5.659233011101605371e-06 
5.080693364143371582e-01 1.405077404342591763e-03 -7.047871804388705641e-06 5.458708074002061039e-06 
4.978881776332855225e-01 1.366194454021751881e-03 -5.606454578810371459e-06 5.168275038158753887e-06 
5.031939148902893066e-01 1.341662136837840080e-03 -6.480534011643612757e-06 5.026128746976610273e-06 
5.005916953086853027e-01 1.306045101955533028e-03 -3.672242655738955364e-06 4.749255822389386594e-06 
5.057711005210876465e-01 1.286216662265360355e-03 -4.432142304722219706e-06 4.627634552889503539e-06 
5.118632912635803223e-01 1.491990755312144756e-03 -9.779018000699579716e-06 6.113140898378333077e-06 
5.174101591110229492e-01 1.455113640986382961e-03 -1.110595076170284301e-05 5.857517408003332093e-06 
4.990976154804229736e-01 1.321746967732906342e-03 -7.242925676109734923e-06 4.845041075896006078e-06 
5.042978525161743164e-01 1.292919972911477089e-03 -8.276349944935645908e-06 4.705180344899417832e-06 
5.006605386734008789e-01 1.377059030346572399e-03 -8.067813723755534738e-06 5.285129645926645026e-06 
5.059944987297058105e-01 1.340720918960869312e-03 -8.830055776343215257e-06 5.053693257650593296e-06 
4.981487095355987549e-01 1.359314192086458206e-03 -1.043469637806992978e-05 5.098249403090449050e-06 
5.034499168395996094e-01 1.318966038525104523e-03 -1.125900234910659492e-05 4.877948867942905053e-06 
5.030672550201416016e-01 1.350155449472367764e-03 -7.631741937075275928e-06 5.066618996352190152e-06 
5.082972645759582520e-01 1.316395006142556667e-03 -8.389388312934897840e-06 4.873585567111149430e-06 
5.068761110305786133e-01 1.283504418097436428e-03 -6.450432465499034151e-06 4.603163688443601131e-06 
5.119928121566772461e-01 1.255707000382244587e-03 -7.126923719624755904e-06 4.447499577509006485e-06 
5.028922557830810547e-01 1.418521045707166195e-03 -5.516754299605963752e-06 5.569039785768836737e-06 
5.083224773406982422e-01 1.393561600707471371e-03 -6.557062079082243145e-06 5.418752152763772756e-06 
5.012446641921997070e-01 1.377006527036428452e-03 -8.176574738172348589e-06 5.220043476583668962e-06 
5.065339207649230957e-01 1.342946547083556652e-03 -8.980467100627720356e-06 5.027265160606475547e-06 
5.027236938476562500e-01 1.478108693845570087e-03 -5.475541456689825282e-06 6.041605047357734293e-06 
5.082862377166748047e-01 1.449873438104987144e-03 -6.650502655247692019e-06 5.836699983774451539e-06 
5.038540959358215332e-01 1.468324568122625351e-03 -8.680077371536754072e-06 5.958293513685930520e-06 
5.093598365783691406e-01 1.433743280358612537e-03 -9.495352060184814036e-06 5.735998001910047606e-06 
5.135518908500671387e-01 1.224980223923921585e-03 -6.700672201986890286e-06 4.166878625255776569e-06 
5.185716152191162109e-01 1.193721429444849491e-03 -7.453189482475863770e-06 3.971044861827977002e-06 
5.030887722969055176e-01 1.433872734196484089e-03 -1.081572190742008388e-05 5.702751423086738214e-06 
5.085101723670959473e-01 1.395864179357886314e-03 -1.195796357933431864e-05 5.486062491399934515e-06 
4.986543059349060059e-01 1.424596179276704788e-03 -6.945250788703560829e-06 5.604134912573499605e-06 
5.040787458419799805e-01 1.394841354340314865e-03 -8.143880222633015364e-06 5.441807388706365600e-06 
4.962885677814483643e-01 1.308625214733183384e-03 -7.461188488377956674e-06 4.771961812366498634e-06 
5.015153884887695312e-01 1.276844413951039314e-03 -8.239889211836270988e-06 4.595021437125978991e-06 
5.000839829444885254e-01 1.405230141244828701e-03 -6.368323738570325077e-06 5.442880137707106769e-06 
5.054969787597656250e-01 1.377072534523904324e-03 -7.590209861518815160e-06 5.286668965709395707e-06 
4.919294118881225586e-01 1.312245265580713749e-03 -6.143330665508983657e-06 4.732568413601256907e-06 
4.971404373645782471e-01 1.283864257857203484e-03 -7.186859420471591875e-06 4.584944690577685833e-06 
5.098078250885009766e-01 1.563530880957841873e-03 -1.513069491920759901e-05 6.813847448938759044e-06 
5.155219435691833496e-01 1.509404741227626801e-03 -1.616746521904133260e-05 6.444221526180626824e-06 
5.102892518043518066e-01 1.459532184526324272e-03 -9.722581125970464200e-06 5.909516858082497492e-06 
5.158078074455261230e-01 1.419725129380822182e-03 -1.079282992577645928e-05 5.637725735141430050e-06 
4.900955557823181152e-01 1.666072173975408077e-03 -3.339212980790762231e-06 7.562401606264756992e-06 
4.959665834903717041e-01 1.644827192649245262e-03 -5.143072939972626045e-06 7.405670203297631815e-06 
5.085669159889221191e-01 1.492422306910157204e-03 -1.143731151387328282e-05 6.195782134454930201e-06 
5.141351819038391113e-01 1.450982410460710526e-03 -1.240778510691598058e-05 5.929254257353022695e-06 
5.036593079566955566e-01 1.491584349423646927e-03 -8.300311492348555475e-06 6.120094440120738000e-06 
5.092653632164001465e-01 1.457915059290826321e-03 -9.781298103916924447e-06 5.887883162358775735e-06 
5.049046277999877930e-01 1.459780964069068432e-03 -9.539294296700973064e-06 5.889785825274884701e-06 
5.104622840881347656e-01 1.422120956704020500e-03 -1.077275828720303252e-05 5.644801149173872545e-06 
