4.910804033279418945e-01 6.221056992217199877e-06 8.044480082070037952e-10 1.172663077753099969e-10 
4.910852611064910889e-01 6.100401151343248785e-06 4.239817386064714810e-10 1.120448317459832310e-10 
5.043309330940246582e-01 4.843649549002293497e-06 3.724578145902768256e-10 7.089591413933504782e-11 
5.043376088142395020e-01 4.762621301779290661e-06 1.656705050923079625e-10 6.868761809331047630e-11 
4.999675750732421875e-01 6.446022780437488109e-06 3.288511130072890865e-10 1.253731285455472744e-10 
4.999752044677734375e-01 6.381040293490514159e-06 3.348338550868135144e-10 1.240655356227193806e-10 
4.826364517211914062e-01 2.558786763984244317e-05 -2.802388043843251353e-10 2.009303612382495885e-09 
4.826619029045104980e-01 2.553870399424340576e-05 6.702438160033352688e-09 2.016760314305088286e-09 
4.941977560520172119e-01 7.721623114775866270e-05 -2.439980439916666910e-09 1.883157985105299304e-08 
4.942503571510314941e-01 7.824977365089580417e-05 5.471029140835526050e-08 1.973123175957880449e-08 
4.934081733226776123e-01 8.988298213807865977e-05 -8.598770051548854099e-08 2.619940886461336049e-08 
4.934914410114288330e-01 9.105476055992767215e-05 -3.055303920973528875e-08 2.733036552626799676e-08 
4.987940192222595215e-01 1.132823017542250454e-04 -2.452068486036296235e-07 4.389492502809844154e-08 
4.989049732685089111e-01 1.147864459198899567e-04 -1.948960175468528178e-07 4.642205553295752907e-08 
5.075483322143554688e-01 2.891901240218430758e-04 -3.655012790204636985e-07 2.640923355556878960e-07 
5.078218579292297363e-01 2.907244197558611631e-04 -2.814098536418896401e-07 2.692765121992124477e-07 
4.879108071327209473e-01 2.388703287579119205e-04 -9.589336968929274008e-07 2.005472197197377682e-07 
4.881345629692077637e-01 2.417589275864884257e-04 -8.621287861387827434e-07 2.083631471805347246e-07 
4.971370100975036621e-01 2.601440355647355318e-04 -1.600046289240708575e-06 2.521440194414026337e-07 
4.973497688770294189e-01 2.642710169311612844e-04 -1.531771204099641182e-06 2.659555207173980307e-07 
4.910840690135955811e-01 3.894525871146470308e-04 -2.689609573280904442e-06 5.447948296932736412e-07 
4.913851022720336914e-01 3.928424266632646322e-04 -2.603687789815012366e-06 5.612674840449471958e-07 
5.121411085128784180e-01 3.183332155458629131e-04 -3.031698724953457713e-06 4.094613359484355897e-07 
5.123607516288757324e-01 3.216371114831417799e-04 -3.055351271541439928e-06 4.228000705097656464e-07 
5.032181143760681152e-01 5.157933919690549374e-04 -4.850777258980087936e-06 9.442983355256728828e-07 
5.035547018051147461e-01 5.251654656603932381e-04 -5.307468200044240803e-06 1.021604248307994567e-06 
5.054190754890441895e-01 6.017591804265975952e-04 -7.599215678055770695e-06 1.330925897491397336e-06 
5.059946775436401367e-01 6.003862363286316395e-04 -8.078519385890103877e-06 1.343768644801457413e-06 
5.122485160827636719e-01 5.669383099302649498e-04 -7.808243026374839246e-06 1.251078401764971204e-06 
5.127829909324645996e-01 5.678503075614571571e-04 -8.322070243593771011e-06 1.278738295695802663e-06 
4.987565577030181885e-01 6.495975540019571781e-04 -8.465732207696419209e-06 1.556728307150478940e-06 
4.993105530738830566e-01 6.488222861662507057e-04 -9.037718882609624416e-06 1.585999712006014306e-06 
5.035336613655090332e-01 7.374715059995651245e-04 -1.055344728229101747e-05 2.021779437200166285e-06 
5.041119456291198730e-01 7.390788523480296135e-04 -1.169521692645503208e-05 2.098053982990677468e-06 
4.918528199195861816e-01 6.043469184078276157e-04 -8.910269571060780436e-06 1.477502792113227770e-06 
4.923384487628936768e-01 6.055218400433659554e-04 -9.854276868281885982e-06 1.528124130345531739e-06 
4.881345033645629883e-01 7.592707988806068897e-04 -1.046843226504279301e-05 2.106527745127095841e-06 
4.886611700057983398e-01 7.629528990946710110e-04 -1.202623116114409640e-05 2.229429810540750623e-06 
4.856796860694885254e-01 8.062362321652472019e-04 -1.186608187708770856e-05 2.428769448670209385e-06 
4.862069487571716309e-01 8.040633401833474636e-04 -1.357704968540929258e-05 2.524403043935308233e-06 
5.007598400115966797e-01 1.026038196869194508e-03 -1.825190884119365364e-05 3.840179488179273903e-06 
5.015013217926025391e-01 1.018334878608584404e-03 -2.039259561570361257e-05 3.935503173124743626e-06 
4.917897582054138184e-01 1.054526655934751034e-03 -1.851947490649763495e-05 4.037591679662000388e-06 
4.925861358642578125e-01 1.042456831783056259e-03 -2.054782453342340887e-05 4.094680662092287093e-06 
5.112542510032653809e-01 1.008322578854858875e-03 -1.640829214011318982e-05 3.649036443675868213e-06 
5.120977163314819336e-01 9.928900981321930885e-04 -1.824416358431335539e-05 3.675242396639077924e-06 
5.070577263832092285e-01 1.073702122084796429e-03 -2.252177364425733685e-05 4.448270829016109928e-06 
5.079692006111145020e-01 1.053565298207104206e-03 -2.436580871290061623e-05 4.420429831952787936e-06 
4.999158382415771484e-01 1.304556382820010185e-03 -2.605609552119858563e-05 6.114800271461717784e-06 
5.008322596549987793e-01 1.282477402128279209e-03 -2.878724626498296857e-05 6.158348242024658248e-06 
4.862646758556365967e-01 1.215351279824972153e-03 -2.500171285646501929e-05 5.525182587007293478e-06 
4.871894121170043945e-01 1.186788897030055523e-03 -2.685742583707906306e-05 5.429285465652355924e-06 
5.061243772506713867e-01 1.386629301123321056e-03 -3.297416333225555718e-05 7.175933660619193688e-06 
5.071205496788024902e-01 1.355305197648704052e-03 -3.523534542182460427e-05 7.122950592020060867e-06 
4.989107549190521240e-01 1.421723980456590652e-03 -2.875396421586629003e-05 7.164139333326602355e-06 
4.999532699584960938e-01 1.384519273415207863e-03 -3.038347858819179237e-05 6.983168532315175980e-06 
5.078142285346984863e-01 1.422812696546316147e-03 -3.181396095897071064e-05 7.504635050281649455e-06 
5.086652040481567383e-01 1.393605489283800125e-03 -3.413438025745563209e-05 7.458836080331820995e-06 
4.939572215080261230e-01 1.393741928040981293e-03 -2.932048300863243639e-05 7.159980668802745640e-06 
4.946380853652954102e-01 1.374441199004650116e-03 -3.255167393945157528e-05 7.274997187778353691e-06 
4.893831014633178711e-01 1.474958495236933231e-03 -2.869863783416803926e-05 7.882548743509687483e-06 
4.898743033409118652e-01 1.454262528568506241e-03 -3.212968294974416494e-05 8.003873517736792564e-06 
4.853124618530273438e-01 1.556410570628941059e-03 -3.370449485373683274e-05 8.987394721771124750e-06 
4.858975410461425781e-01 1.523793791420757771e-03 -3.594466397771611810e-05 8.885170245775952935e-06 
4.863602519035339355e-01 2.013084245845675468e-03 -4.037835606141015887e-05 1.338126367045333609e-05 
4.870974421501159668e-01 1.982168527320027351e-03 -4.462865763343870640e-05 1.345825239695841447e-05 
4.937318861484527588e-01 1.856015645898878574e-03 -4.446227467269636691e-05 1.241540940100094303e-05 
4.944504499435424805e-01 1.817637006752192974e-03 -4.706408435595221817e-05 1.227360371558461338e-05 
5.305343866348266602e-01 1.721511711366474628e-03 -5.593480818788520992e-05 1.259253531316062436e-05 
5.312809348106384277e-01 1.676774700172245502e-03 -5.662129478878341615e-05 1.215825159306405112e-05 
4.844283461570739746e-01 1.834503607824444771e-03 -4.032071956316940486e-05 1.194695505546405911e-05 
4.850953817367553711e-01 1.788809313438832760e-03 -4.216523666400462389e-05 1.163289107353193685e-05 
4.961905479431152344e-01 1.788445166312158108e-03 -5.165422044228762388e-05 1.296779555559623986e-05 
4.968003034591674805e-01 1.749208546243607998e-03 -5.295810478855855763e-05 1.251630419574212283e-05 
4.919301271438598633e-01 2.121345140039920807e-03 -4.732505112770013511e-05 1.571386746945790946e-05 
4.925921261310577393e-01 2.072399482131004333e-03 -4.921562867821194232e-05 1.538948890811298043e-05 
4.973948299884796143e-01 2.072471193969249725e-03 -5.016347495256923139e-05 1.548418003949336708e-05 
4.981638789176940918e-01 2.024526242166757584e-03 -5.217567013460211456e-05 1.513282768428325653e-05 
4.978753328323364258e-01 2.273840829730033875e-03 -6.640150240855291486e-05 1.918830457725562155e-05 
4.986401498317718506e-01 2.220984315499663353e-03 -6.801853305660188198e-05 1.863768738985527307e-05 
5.095586180686950684e-01 2.400946803390979767e-03 -7.421287591569125652e-05 2.152555498469155282e-05 
5.103080868721008301e-01 2.355204895138740540e-03 -7.659515540581196547e-05 2.125691935361828655e-05 
4.791557192802429199e-01 2.317230682820081711e-03 -6.781105912523344159e-05 2.009646959777455777e-05 
4.797767400741577148e-01 2.273456659168004990e-03 -6.956459401408210397e-05 1.963730210263747722e-05 
4.843904972076416016e-01 2.485570730641484261e-03 -7.958488276926800609e-05 2.334757300559431314e-05 
4.850028753280639648e-01 2.444610698148608208e-03 -8.175030234269797802e-05 2.306010901520494372e-05 
4.914368391036987305e-01 2.748745959252119064e-03 -9.253399912267923355e-05 2.804666291922330856e-05 
4.920372366905212402e-01 2.704125130549073219e-03 -9.605714149074628949e-05 2.788635356409940869e-05 
5.210896730422973633e-01 2.384165069088339806e-03 -8.720195182831957936e-05 2.329675589862745255e-05 
5.216032862663269043e-01 2.339896513149142265e-03 -8.845893171383067966e-05 2.302048415003810078e-05 
4.989165961742401123e-01 2.704543061554431915e-03 -9.209015115629881620e-05 2.756240428425371647e-05 
4.997452795505523682e-01 2.663005609065294266e-03 -9.575353760737925768e-05 2.755114292085636407e-05 
4.779214262962341309e-01 3.097922308370471001e-03 -6.937905709492042661e-05 3.014988942595664412e-05 
4.786022901535034180e-01 3.059891751036047935e-03 -7.269627531059086323e-05 2.994270653289277107e-05 
4.957860410213470459e-01 2.438250463455915451e-03 -7.786349306115880609e-05 2.355759352212771773e-05 
4.962016642093658447e-01 2.391939284279942513e-03 -7.872720016166567802e-05 2.302467146364506334e-05 
5.119214653968811035e-01 2.758497139438986778e-03 -9.513171244179829955e-05 2.870544085453730077e-05 
5.125424265861511230e-01 2.704669255763292313e-03 -9.635865717427805066e-05 2.835751365637406707e-05 
4.985947906970977783e-01 2.393983071669936180e-03 -8.501936099492013454e-05 2.375555413891561329e-05 
4.991762042045593262e-01 2.335263416171073914e-03 -8.480085671180859208e-05 2.313530421815812588e-05 
5.079319477081298828e-01 3.047159174457192421e-03 -9.868187044048681855e-05 3.332507185405120254e-05 
5.085010528564453125e-01 3.007498802617192268e-03 -1.017892864183522761e-04 3.339006798341870308e-05 
5.019950270652770996e-01 2.924852538853883743e-03 -1.139887172030285001e-04 3.386885509826242924e-05 
5.026836395263671875e-01 2.869750373065471649e-03 -1.150208408944308758e-04 3.344253491377457976e-05 
4.936293363571166992e-01 3.168408758938312531e-03 -9.748512093210592866e-05 3.542472768458537757e-05 
4.942190349102020264e-01 3.130379365757107735e-03 -1.014844165183603764e-04 3.552313137333840132e-05 
5.028066635131835938e-01 2.504856558516621590e-03 -7.751934754196554422e-05 2.420296550553757697e-05 
5.029184222221374512e-01 2.455641981214284897e-03 -7.817269943188875914e-05 2.370613219682127237e-05 
5.189708471298217773e-01 2.937337849289178848e-03 -1.002807912300340831e-04 3.260745143052190542e-05 
5.194799900054931641e-01 2.877145074307918549e-03 -1.003679280984215438e-04 3.196567558916285634e-05 
5.040581822395324707e-01 3.209214657545089722e-03 -1.246075698873028159e-04 3.952745100832544267e-05 
5.046679377555847168e-01 3.171907505020499229e-03 -1.279591378988698125e-04 3.988987009506672621e-05 
5.003802776336669922e-01 2.976790536195039749e-03 -1.057551853591576219e-04 3.384921001270413399e-05 
5.009120106697082520e-01 2.938518533483147621e-03 -1.102324094972573221e-04 3.418893538764677942e-05 
5.079706907272338867e-01 3.464468754827976227e-03 -1.131370372604578733e-04 4.244954834575764835e-05 
5.085609555244445801e-01 3.419330110773444176e-03 -1.151213728007860482e-04 4.239647023496218026e-05 
5.072670578956604004e-01 3.248378168791532516e-03 -1.135363709181547165e-04 3.814640876953490078e-05 
5.078674554824829102e-01 3.205255605280399323e-03 -1.150186071754433215e-04 3.812738577835261822e-05 
4.932624995708465576e-01 3.473869757726788521e-03 -1.392725534969940782e-04 4.520498259807936847e-05 
4.940306544303894043e-01 3.419954795390367508e-03 -1.413384306943044066e-04 4.500573049881495535e-05 
5.020574927330017090e-01 3.381455084308981895e-03 -1.361565809929743409e-04 4.521689697867259383e-05 
5.026782751083374023e-01 3.360793460160493851e-03 -1.415306032868102193e-04 4.620941763278096914e-05 
5.255973935127258301e-01 3.109492594376206398e-03 -1.360275782644748688e-04 4.105888365302234888e-05 
5.259681344032287598e-01 3.049279330298304558e-03 -1.359489688184112310e-04 4.082712621311657131e-05 
4.958670139312744141e-01 3.838690696284174919e-03 -1.276707771467044950e-04 5.117716136737726629e-05 
4.965258240699768066e-01 3.794790012761950493e-03 -1.302010641666129231e-04 5.110572965350002050e-05 
4.891222417354583740e-01 3.766729962080717087e-03 -1.347305369563400745e-04 5.063706339569762349e-05 
4.898335337638854980e-01 3.711288096383213997e-03 -1.350744132651016116e-04 5.049029641668312252e-05 
5.169638395309448242e-01 3.440350294113159180e-03 -1.414629223290830851e-04 4.855650331592187285e-05 
5.173493027687072754e-01 3.399423789232969284e-03 -1.453664590371772647e-04 4.927251575281843543e-05 
5.165188908576965332e-01 3.544186940416693687e-03 -1.406480732839554548e-04 4.839859684580005705e-05 
5.168177485466003418e-01 3.511582035571336746e-03 -1.429575058864429593e-04 4.897958206129260361e-05 
4.999459385871887207e-01 3.526260843500494957e-03 -1.260201097466051579e-04 4.688180706580169499e-05 
5.006328225135803223e-01 3.486072644591331482e-03 -1.283649762626737356e-04 4.680461279349401593e-05 
4.919991493225097656e-01 4.183769691735506058e-03 -1.834661961765959859e-04 6.632017175434157252e-05 
4.926100671291351318e-01 4.144889302551746368e-03 -1.886162790469825268e-04 6.743176345480605960e-05 
5.003623366355895996e-01 4.259891808032989502e-03 -1.836308947531506419e-04 6.913344986969605088e-05 
5.009398460388183594e-01 4.208765458315610886e-03 -1.864497171482071280e-04 6.962656334508210421e-05 
5.139229893684387207e-01 3.771086921915411949e-03 -1.510375004727393389e-04 5.374485044740140438e-05 
5.148931741714477539e-01 3.719218308106064796e-03 -1.553865149617195129e-04 5.465518916025757790e-05 
5.220404863357543945e-01 3.687054617330431938e-03 -1.560766249895095825e-04 5.450372191262431443e-05 
5.226277112960815430e-01 3.634951310232281685e-03 -1.601238182047381997e-04 5.588776548393070698e-05 
5.071743726730346680e-01 4.453575704246759415e-03 -1.478303893236443400e-04 6.814698281232267618e-05 
5.078057646751403809e-01 4.384398460388183594e-03 -1.480978098697960377e-04 6.759368261555209756e-05 
4.924593865871429443e-01 4.231120459735393524e-03 -1.277657720493152738e-04 6.019000647938810289e-05 
4.932588636875152588e-01 4.188779275864362717e-03 -1.275431568501517177e-04 5.986657561152242124e-05 
5.235360860824584961e-01 3.898887895047664642e-03 -1.664800802245736122e-04 6.171631684992462397e-05 
5.242486000061035156e-01 3.868975676596164703e-03 -1.685862371232360601e-04 6.232527812244370580e-05 
5.003511309623718262e-01 3.903641132637858391e-03 -1.411891425959765911e-04 5.847663851454854012e-05 
5.007050633430480957e-01 3.856253344565629959e-03 -1.464522501919418573e-04 5.926218000240623951e-05 
4.762848615646362305e-01 4.552613943815231323e-03 -1.411371340509504080e-04 7.048976112855598330e-05 
4.768081307411193848e-01 4.509226419031620026e-03 -1.426449016435071826e-04 7.000881305430084467e-05 
4.823608696460723877e-01 4.490566905587911606e-03 -1.553237816551700234e-04 7.142455433495342731e-05 
4.828128218650817871e-01 4.440247081220149994e-03 -1.564570120535790920e-04 7.126002310542389750e-05 
5.199773311614990234e-01 4.334882833063602448e-03 -1.780240127118304372e-04 7.155840285122394562e-05 
5.205938816070556641e-01 4.297152627259492874e-03 -1.824298524297773838e-04 7.331603410420939326e-05 
4.893344640731811523e-01 5.330453626811504364e-03 -1.767408975865691900e-04 9.517474245512858033e-05 
4.900937676429748535e-01 5.312343593686819077e-03 -1.781881583156064153e-04 9.528212831355631351e-05 
4.927214384078979492e-01 4.491832572966814041e-03 -1.838816388044506311e-04 7.696299871895462275e-05 
4.933521449565887451e-01 4.471118096262216568e-03 -1.909139100462198257e-04 7.944007666083052754e-05 
4.904396533966064453e-01 4.889806732535362244e-03 -1.920099166454747319e-04 8.721255289856344461e-05 
4.908543527126312256e-01 4.862455185502767563e-03 -1.948317512869834900e-04 8.886586147127673030e-05 
5.015380382537841797e-01 4.430847242474555969e-03 -1.877099421108141541e-04 7.697900582570582628e-05 
5.019965767860412598e-01 4.415473900735378265e-03 -1.929704594658687711e-04 7.979512884048745036e-05 
4.931824207305908203e-01 5.089484155178070068e-03 -1.977338397409766912e-04 9.319443051936104894e-05 
4.940237998962402344e-01 5.060873925685882568e-03 -1.992730685742571950e-04 9.407994366483762860e-05 
4.973375201225280762e-01 5.315609741955995560e-03 -2.161955635529011488e-04 1.033988373819738626e-04 
4.980431795120239258e-01 5.289198830723762512e-03 -2.235641877632588148e-04 1.051863218890503049e-04 
5.027021765708923340e-01 5.074420943856239319e-03 -2.099790290230885148e-04 9.559826867189258337e-05 
5.033234357833862305e-01 5.042151547968387604e-03 -2.184904151363298297e-04 9.822427091421559453e-05 
5.029277801513671875e-01 5.144793540239334106e-03 -2.195365232182666659e-04 9.933149704011157155e-05 
5.036024451255798340e-01 5.097137298434972763e-03 -2.222032926511019468e-04 1.004607984214089811e-04 
4.827529489994049072e-01 5.038572940975427628e-03 -1.963941758731380105e-04 9.530081297270953655e-05 
4.834162294864654541e-01 4.983503837138414383e-03 -1.989900192711502314e-04 9.597699681762605906e-05 
4.859819412231445312e-01 5.431061610579490662e-03 -2.124730817740783095e-04 1.071798396878875792e-04 
4.867039918899536133e-01 5.383647978305816650e-03 -2.156249393010511994e-04 1.079010908142663538e-04 
5.077252984046936035e-01 5.398168228566646576e-03 -2.153507957700639963e-04 1.089116194634698331e-04 
5.084334015846252441e-01 5.334950517863035202e-03 -2.189033402828499675e-04 1.091129743144847453e-04 
4.925184249877929688e-01 4.743832629173994064e-03 -1.784146734280511737e-04 8.601408626418560743e-05 
4.931682646274566650e-01 4.697345662862062454e-03 -1.801703765522688627e-04 8.685718785272911191e-05 
4.897827506065368652e-01 5.519682541489601135e-03 -2.200423041358590126e-04 1.115045452024787664e-04 
4.904993474483489990e-01 5.462484434247016907e-03 -2.210389357060194016e-04 1.116476123570464551e-04 
5.016528964042663574e-01 5.746524315327405930e-03 -2.484593132976442575e-04 1.191913324873894453e-04 
5.024453401565551758e-01 5.698210559785366058e-03 -2.551566285546869040e-04 1.208097746712155640e-04 
5.194123387336730957e-01 5.802012514322996140e-03 -2.522011927794665098e-04 1.237608230439946055e-04 
5.201643109321594238e-01 5.748492199927568436e-03 -2.603467146400362253e-04 1.246014580829069018e-04 
4.989096820354461670e-01 5.319726653397083282e-03 -1.988836011150851846e-04 1.041507712216116488e-04 
4.994812905788421631e-01 5.275488365441560745e-03 -2.035305951721966267e-04 1.054401727742515504e-04 
4.968005120754241943e-01 5.676500964909791946e-03 -1.986932329600676894e-04 1.124371410696767271e-04 
4.973860085010528564e-01 5.615300964564085007e-03 -1.962061796803027391e-04 1.116851199185475707e-04 
5.224549174308776855e-01 5.997419822961091995e-03 -2.610654628369957209e-04 1.345942146144807339e-04 
5.232139825820922852e-01 5.966459866613149643e-03 -2.651922113727778196e-04 1.356074208160862327e-04 
4.936765730381011963e-01 5.666286218911409378e-03 -2.095926465699449182e-04 1.154798374045640230e-04 
4.944480657577514648e-01 5.625599529594182968e-03 -2.060805418295785785e-04 1.144967973232269287e-04 
4.974305629730224609e-01 6.020413246005773544e-03 -2.391538291703909636e-04 1.314984401687979698e-04 
4.979977607727050781e-01 5.965378601104021072e-03 -2.403464022791013122e-04 1.310390653088688850e-04 
4.933125078678131104e-01 5.970283877104520798e-03 -2.337965561309829354e-04 1.279473362956196070e-04 
4.940178990364074707e-01 5.940874572843313217e-03 -2.373566821916028857e-04 1.279010757571086287e-04 
5.112426877021789551e-01 5.787238944321870804e-03 -2.347927220398560166e-04 1.258282572962343693e-04 
5.118466615676879883e-01 5.753863137215375900e-03 -2.341015933779999614e-04 1.248669868800789118e-04 
4.858385920524597168e-01 6.258123554289340973e-03 -2.695094735827296972e-04 1.437096216250211000e-04 
4.864147901535034180e-01 6.211824249476194382e-03 -2.669187088031321764e-04 1.429478143109008670e-04 
4.835931062698364258e-01 6.088687106966972351e-03 -2.377017081016674638e-04 1.350056700175628066e-04 
4.841501116752624512e-01 6.026436109095811844e-03 -2.361945371376350522e-04 1.328623184235766530e-04 
4.964785575866699219e-01 5.779315717518329620e-03 -2.031932381214573979e-04 1.217728568008169532e-04 
4.972516000270843506e-01 5.717572290450334549e-03 -2.028128365054726601e-04 1.205984444823116064e-04 
5.113340020179748535e-01 5.905948579311370850e-03 -2.733670698944479227e-04 1.387132215313613415e-04 
5.120134949684143066e-01 5.843624006956815720e-03 -2.694298163987696171e-04 1.364733325317502022e-04 
5.078580975532531738e-01 5.400337744504213333e-03 -2.171276864828541875e-04 1.150269599747844040e-04 
5.084497332572937012e-01 5.331934429705142975e-03 -1.996297069126740098e-04 1.108385113184340298e-04 
4.998201131820678711e-01 7.380787283182144165e-03 -2.845664566848427057e-04 1.829513203119859099e-04 
5.009016990661621094e-01 7.359843235462903976e-03 -2.811624435707926750e-04 1.806505169952288270e-04 
5.078948736190795898e-01 5.855847615748643875e-03 -2.752531436271965504e-04 1.364359632134437561e-04 
5.084136128425598145e-01 5.814847536385059357e-03 -2.732003340497612953e-04 1.359679299639537930e-04 
5.080526471138000488e-01 6.059984210878610611e-03 -2.807785640470683575e-04 1.490681897848844528e-04 
5.085341930389404297e-01 6.012638565152883530e-03 -2.762243093457072973e-04 1.471538707846775651e-04 
4.878403246402740479e-01 6.538055371493101120e-03 -2.608078648336231709e-04 1.553278561914339662e-04 
4.886708557605743408e-01 6.486641708761453629e-03 -2.566572511568665504e-04 1.539829099783673882e-04 
5.036558508872985840e-01 6.026142742484807968e-03 -2.600537554826587439e-04 1.415220031049102545e-04 
5.041686296463012695e-01 5.957008805125951767e-03 -2.553664380684494972e-04 1.400927139911800623e-04 
4.792282581329345703e-01 6.457397248595952988e-03 -2.790986909531056881e-04 1.545279228594154119e-04 
4.798918664455413818e-01 6.413079332560300827e-03 -2.740426571108400822e-04 1.543299295008182526e-04 
5.160605907440185547e-01 6.975050549954175949e-03 -3.358292742632329464e-04 1.831627159845083952e-04 
5.165653824806213379e-01 6.913308519870042801e-03 -3.297662478871643543e-04 1.817009615479037166e-04 
5.022882819175720215e-01 6.555802654474973679e-03 -2.851067692972719669e-04 1.610532926861196756e-04 
5.030093789100646973e-01 6.494787521660327911e-03 -2.709321852307766676e-04 1.569428713992238045e-04 
5.011884570121765137e-01 6.522234063595533371e-03 -2.366462431382387877e-04 1.548237923998385668e-04 
5.016377568244934082e-01 6.436927244067192078e-03 -2.291556447744369507e-04 1.515990297775715590e-04 
4.920117259025573730e-01 6.003668531775474548e-03 -2.218934678239747882e-04 1.424996589776128531e-04 
4.926461875438690186e-01 5.936772562563419342e-03 -2.069643087452277541e-04 1.370619720546528697e-04 
4.905275702476501465e-01 6.710717920213937759e-03 -3.324643475934863091e-04 1.767400535754859447e-04 
4.911503791809082031e-01 6.645477376878261566e-03 -3.249032015446573496e-04 1.734362595016136765e-04 
4.963380694389343262e-01 6.506260950118303299e-03 -2.973637601826339960e-04 1.658803957980126143e-04 
4.965726137161254883e-01 6.438040174543857574e-03 -2.924746659118682146e-04 1.640796835999935865e-04 
4.947256147861480713e-01 6.513676140457391739e-03 -2.780625072773545980e-04 1.626954472158104181e-04 
4.952153861522674561e-01 6.445963401347398758e-03 -2.662973129190504551e-04 1.596215879544615746e-04 
5.120918154716491699e-01 6.874294485896825790e-03 -3.613139560911804438e-04 1.908273552544414997e-04 
5.128088593482971191e-01 6.793647073209285736e-03 -3.492595860734581947e-04 1.874453155323863029e-04 
4.943025410175323486e-01 7.688634097576141357e-03 -3.637728805188089609e-04 2.152922679670155048e-04 
4.951066374778747559e-01 7.610073778778314590e-03 -3.583510115277022123e-04 2.119185228366404772e-04 
5.070554614067077637e-01 6.230766884982585907e-03 -2.453259075991809368e-04 1.533399627078324556e-04 
5.075398683547973633e-01 6.176575087010860443e-03 -2.302621433045715094e-04 1.488559209974482656e-04 
5.225688815116882324e-01 6.265595555305480957e-03 -3.090351819992065430e-04 1.637263194425031543e-04 
5.228078365325927734e-01 6.219700910151004791e-03 -2.946923777926713228e-04 1.593213382875546813e-04 
5.134695768356323242e-01 7.554008625447750092e-03 -3.345696895848959684e-04 2.104843442793935537e-04 
5.143368244171142578e-01 7.481453940272331238e-03 -3.095653664786368608e-04 2.025519061135128140e-04 
5.139481425285339355e-01 6.800676696002483368e-03 -3.158352919854223728e-04 1.813472918001934886e-04 
5.143523216247558594e-01 6.711076013743877411e-03 -3.078661975450813770e-04 1.776374992914497852e-04 
4.895560741424560547e-01 6.735777948051691055e-03 -2.324359084013849497e-04 1.670552010182291269e-04 
4.900963008403778076e-01 6.658840458840131760e-03 -2.250695833936333656e-04 1.634705840842798352e-04 
5.055944919586181641e-01 6.954546086490154266e-03 -3.499822341836988926e-04 1.953448809217661619e-04 
5.059112906455993652e-01 6.843767594546079636e-03 -3.402592847123742104e-04 1.904932287288829684e-04 
5.035145878791809082e-01 7.040449883788824081e-03 -2.989124041050672531e-04 1.874822337413206697e-04 
5.043014287948608398e-01 6.954526528716087341e-03 -2.899717364925891161e-04 1.849247491918504238e-04 
5.159108042716979980e-01 7.244113367050886154e-03 -3.308887826278805733e-04 2.026480651693418622e-04 
5.165044069290161133e-01 7.155603729188442230e-03 -3.182078362442553043e-04 1.991547615034505725e-04 
4.930403828620910645e-01 8.061791770160198212e-03 -3.799556288868188858e-04 2.380321675445884466e-04 
4.937373101711273193e-01 7.945203222334384918e-03 -3.610756830312311649e-04 2.305703092133626342e-04 
4.817085266113281250e-01 7.733334787189960480e-03 -3.196028992533683777e-04 2.142141747754067183e-04 
4.824352264404296875e-01 7.627655752003192902e-03 -3.057350404560565948e-04 2.095203235512599349e-04 
4.948116838932037354e-01 7.758980151265859604e-03 -3.100373141933232546e-04 2.156840491807088256e-04 
4.956292808055877686e-01 7.642076816409826279e-03 -3.013949608430266380e-04 2.112541260430589318e-04 
4.892501831054687500e-01 7.243055850267410278e-03 -3.230469010304659605e-04 2.043694694293662906e-04 
4.898401796817779541e-01 7.111011538654565811e-03 -3.008442290592938662e-04 1.959304208867251873e-04 
4.854430556297302246e-01 7.449374068528413773e-03 -2.867957518901675940e-04 2.053555654129013419e-04 
4.860643148422241211e-01 7.359178736805915833e-03 -2.719568146858364344e-04 1.995987113332375884e-04 
5.012992620468139648e-01 7.657557260245084763e-03 -4.106942215003073215e-04 2.346963738091289997e-04 
5.020189285278320312e-01 7.560035679489374161e-03 -3.994841245003044605e-04 2.297558239661157131e-04 
5.200436115264892578e-01 7.229980081319808960e-03 -3.542189951986074448e-04 2.096723474096506834e-04 
5.206774473190307617e-01 7.153067272156476974e-03 -3.360099799465388060e-04 2.033159544225782156e-04 
5.111454725265502930e-01 7.296708878129720688e-03 -3.378353139851242304e-04 2.065852313535287976e-04 
5.118063092231750488e-01 7.190940435975790024e-03 -3.089409146923571825e-04 1.980122615350410342e-04 
4.951664507389068604e-01 8.196833543479442596e-03 -3.481846069917082787e-04 2.451312611810863018e-04 
4.960159063339233398e-01 8.082478307187557220e-03 -3.313600318506360054e-04 2.386791020398959517e-04 
5.238660573959350586e-01 7.201979402452707291e-03 -3.354698128532618284e-04 2.072827046504244208e-04 
5.244611501693725586e-01 7.097956258803606033e-03 -3.179167979396879673e-04 2.002698311116546392e-04 
4.766260683536529541e-01 8.099352940917015076e-03 -3.799957339651882648e-04 2.426192659186199307e-04 
4.774225354194641113e-01 8.034806698560714722e-03 -3.658377099782228470e-04 2.380851074121892452e-04 
4.942315220832824707e-01 8.049047552049160004e-03 -3.644333628471940756e-04 2.429171436233446002e-04 
4.948250353336334229e-01 7.958407513797283173e-03 -3.508836671244353056e-04 2.380347286816686392e-04 
5.164570212364196777e-01 7.265961728990077972e-03 -3.357074456289410591e-04 2.115340030286461115e-04 
5.170420408248901367e-01 7.167137693613767624e-03 -3.116058069281280041e-04 2.034582867054268718e-04 
4.901774823665618896e-01 8.403809741139411926e-03 -4.107482382096350193e-04 2.574796671979129314e-04 
4.909327626228332520e-01 8.292703889310359955e-03 -3.867065533995628357e-04 2.492323110345751047e-04 
5.045012235641479492e-01 7.251816801726818085e-03 -3.194228629581630230e-04 2.123593149008229375e-04 
5.052204728126525879e-01 7.222505751997232437e-03 -3.076506545767188072e-04 2.090212074108421803e-04 
5.006456971168518066e-01 7.301633711904287338e-03 -3.411390935070812702e-04 2.090489142574369907e-04 
5.013227462768554688e-01 7.276379968971014023e-03 -3.380770504008978605e-04 2.083390863845124841e-04 
4.936716258525848389e-01 8.058117702603340149e-03 -3.563218633644282818e-04 2.435346104903146625e-04 
4.942092597484588623e-01 7.977120578289031982e-03 -3.421190776862204075e-04 2.380451624048873782e-04 
5.180723071098327637e-01 7.779783103615045547e-03 -3.837921249214559793e-04 2.411383320577442646e-04 
5.185977220535278320e-01 7.676453795284032822e-03 -3.654124739114195108e-04 2.332544245291501284e-04 
4.960250854492187500e-01 8.287722244858741760e-03 -3.359764523338526487e-04 2.496038796380162239e-04 
4.969614446163177490e-01 8.206879720091819763e-03 -3.212794836144894361e-04 2.443450212012976408e-04 
4.796413779258728027e-01 8.248668164014816284e-03 -2.653120900504291058e-04 2.412904286757111549e-04 
4.801536202430725098e-01 8.176220580935478210e-03 -2.512108185328543186e-04 2.374681935179978609e-04 
5.215017795562744141e-01 7.986468262970447540e-03 -4.018497129436582327e-04 2.542393631301820278e-04 
5.221592783927917480e-01 7.896781899034976959e-03 -3.790825430769473314e-04 2.470703911967575550e-04 
4.918405115604400635e-01 8.678767830133438110e-03 -3.583300858736038208e-04 2.759828348644077778e-04 
4.926771521568298340e-01 8.572055026888847351e-03 -3.427484480198472738e-04 2.713729045353829861e-04 
4.989258944988250732e-01 7.906291633844375610e-03 -3.047647187486290932e-04 2.373294119024649262e-04 
4.996168315410614014e-01 7.796345744282007217e-03 -2.807782148011028767e-04 2.301604545209556818e-04 
4.973228871822357178e-01 8.653429336845874786e-03 -3.998820611741393805e-04 2.803963434416800737e-04 
4.984501004219055176e-01 8.556948974728584290e-03 -4.008430987596511841e-04 2.746169921010732651e-04 
5.177384018898010254e-01 8.386933244764804840e-03 -3.852914378512650728e-04 2.701622433960437775e-04 
5.183325409889221191e-01 8.282877504825592041e-03 -3.686671261675655842e-04 2.618022263050079346e-04 
5.122304558753967285e-01 8.052031509578227997e-03 -3.296603390481323004e-04 2.469444880262017250e-04 
5.128070712089538574e-01 7.957359775900840759e-03 -3.060565795749425888e-04 2.386115957051515579e-04 
4.987646937370300293e-01 8.811348117887973785e-03 -3.765776928048580885e-04 2.806697157211601734e-04 
4.996956884860992432e-01 8.762485347688198090e-03 -3.761317639146000147e-04 2.777049376163631678e-04 
4.679517745971679688e-01 9.259862825274467468e-03 -3.489161608740687370e-04 2.957713440991938114e-04 
4.689947664737701416e-01 9.207618422806262970e-03 -3.362720890436321497e-04 2.938976394943892956e-04 
5.040281414985656738e-01 9.149183519184589386e-03 -3.890711232088506222e-04 3.027624334208667278e-04 
5.046595335006713867e-01 9.042727760970592499e-03 -3.716488135978579521e-04 2.935261290986090899e-04 
4.988837838172912598e-01 8.909801021218299866e-03 -4.068253911100327969e-04 2.940261911135166883e-04 
4.994568824768066406e-01 8.759458549320697784e-03 -3.828244516626000404e-04 2.832176105584949255e-04 
5.145838260650634766e-01 8.272593840956687927e-03 -3.922416944988071918e-04 2.727456740103662014e-04 
5.152907967567443848e-01 8.176445029675960541e-03 -3.785532899200916290e-04 2.644368214532732964e-04 
4.932565689086914062e-01 8.257453329861164093e-03 -3.319109091535210609e-04 2.581535954959690571e-04 
4.938773512840270996e-01 8.185987360775470734e-03 -3.163005458191037178e-04 2.528014592826366425e-04 
5.133910775184631348e-01 7.847572676837444305e-03 -3.259911318309605122e-04 2.392561291344463825e-04 
5.139468908309936523e-01 7.780750747770071030e-03 -3.100600442849099636e-04 2.332432923140004277e-04 
4.838554859161376953e-01 8.973108604550361633e-03 -4.073959134984761477e-04 2.959595876745879650e-04 
4.846619367599487305e-01 8.872597478330135345e-03 -3.814095398411154747e-04 2.870969183277338743e-04 
4.964320063591003418e-01 8.922465145587921143e-03 -3.413382510188966990e-04 2.815689367707818747e-04 
4.973488748073577881e-01 8.838215842843055725e-03 -3.231768496334552765e-04 2.774801105260848999e-04 
4.894349277019500732e-01 9.125754237174987793e-03 -4.415806906763464212e-04 3.116170701105147600e-04 
4.903226494789123535e-01 9.008316323161125183e-03 -4.338079597800970078e-04 3.047874197363853455e-04 
5.201398730278015137e-01 8.012248203158378601e-03 -3.844297316391021013e-04 2.582956512924283743e-04 
5.205416679382324219e-01 7.888444699347019196e-03 -3.606303362175822258e-04 2.470412000548094511e-04 
4.908295571804046631e-01 9.115106426179409027e-03 -3.951666876673698425e-04 3.086979268118739128e-04 
4.915568232536315918e-01 9.025671519339084625e-03 -3.784935979638248682e-04 3.009756910614669323e-04 
5.075874328613281250e-01 8.387189358472824097e-03 -3.879367432091385126e-04 2.742474898695945740e-04 
5.078467130661010742e-01 8.286600001156330109e-03 -3.699081426020711660e-04 2.643463958520442247e-04 
5.176439285278320312e-01 8.795227855443954468e-03 -3.893698449246585369e-04 2.958454715553671122e-04 
5.183848738670349121e-01 8.708283305168151855e-03 -3.835477400571107864e-04 2.893700439017266035e-04 
4.830213785171508789e-01 1.052423845976591110e-02 -4.630195908248424530e-04 3.835165116470307112e-04 
4.842397570610046387e-01 1.037211902439594269e-02 -4.500012146309018135e-04 3.720518143381923437e-04 
4.950947761535644531e-01 9.448063559830188751e-03 -3.930575039703398943e-04 3.233036550227552652e-04 
4.961353540420532227e-01 9.373886510729789734e-03 -3.937787259928882122e-04 3.218922356609255075e-04 
5.144742131233215332e-01 9.434828534722328186e-03 -4.207821912132203579e-04 3.288009902462363243e-04 
5.150649547576904297e-01 9.346961043775081635e-03 -4.033649165648967028e-04 3.212098963558673859e-04 
4.932043254375457764e-01 9.543836116790771484e-03 -3.884300531353801489e-04 3.274547343607991934e-04 
4.937269091606140137e-01 9.439124725759029388e-03 -3.729614254552870989e-04 3.205467655789107084e-04 
5.139119029045104980e-01 1.035586651414632797e-02 -5.771636497229337692e-04 4.015702579636126757e-04 
5.145223140716552734e-01 1.027647964656352997e-02 -5.750821437686681747e-04 3.943858901038765907e-04 
4.978184998035430908e-01 9.311886504292488098e-03 -4.316869308240711689e-04 3.251613234169781208e-04 
4.984914660453796387e-01 9.203743189573287964e-03 -4.264416638761758804e-04 3.187497786711901426e-04 
4.993534684181213379e-01 9.133524261415004730e-03 -3.881207376252859831e-04 3.104477073065936565e-04 
4.997807145118713379e-01 9.018223732709884644e-03 -3.685831907205283642e-04 3.016500268131494522e-04 
4.934264719486236572e-01 9.112496860325336456e-03 -4.410538822412490845e-04 3.201560757588595152e-04 
4.938863813877105713e-01 9.026682935655117035e-03 -4.253428778611123562e-04 3.122659109067171812e-04 
5.024697780609130859e-01 8.496511727571487427e-03 -3.569049586076289415e-04 2.827466523740440607e-04 
5.027155280113220215e-01 8.386558853089809418e-03 -3.399696433916687965e-04 2.717615279834717512e-04 
5.095828771591186523e-01 8.109904825687408447e-03 -3.619059862103313208e-04 2.632308751344680786e-04 
5.099194645881652832e-01 8.003286086022853851e-03 -3.341378760524094105e-04 2.511026686988770962e-04 
5.236325263977050781e-01 9.234135039150714874e-03 -5.420032539404928684e-04 3.535473369993269444e-04 
5.240626335144042969e-01 9.115630760788917542e-03 -5.126483156345784664e-04 3.379902918823063374e-04 
4.989534318447113037e-01 9.400374256074428558e-03 -4.354456905275583267e-04 3.331302723381668329e-04 
4.995311796665191650e-01 9.245567955076694489e-03 -4.031978896819055080e-04 3.191066207364201546e-04 
5.202917456626892090e-01 9.891198016703128815e-03 -5.332801374606788158e-04 3.749262250494211912e-04 
5.208182334899902344e-01 9.797121398150920868e-03 -5.197699065320193768e-04 3.674711042549461126e-04 
5.093540549278259277e-01 1.044930983334779739e-02 -5.230018286965787411e-04 4.033262666780501604e-04 
5.099701881408691406e-01 1.034719590097665787e-02 -5.150194047018885612e-04 3.977238957304507494e-04 
4.890115261077880859e-01 9.673541411757469177e-03 -4.755782429128885269e-04 3.496923891361802816e-04 
4.893622994422912598e-01 9.589171968400478363e-03 -4.700290446635335684e-04 3.431066870689392090e-04 
4.912825524806976318e-01 1.060153264552354813e-02 -6.354351062327623367e-04 4.279397544451057911e-04 
4.918558001518249512e-01 1.054860651493072510e-02 -6.408890476450324059e-04 4.269120399840176105e-04 
4.946384131908416748e-01 8.711620233952999115e-03 -3.599648480303585529e-04 2.943521831184625626e-04 
4.949121177196502686e-01 8.635686710476875305e-03 -3.387676260899752378e-04 2.859212108887732029e-04 
4.874215424060821533e-01 9.199544787406921387e-03 -4.202612908557057381e-04 3.224372048862278461e-04 
4.879820346832275391e-01 9.138186462223529816e-03 -4.122106765862554312e-04 3.198845079168677330e-04 
5.007153749465942383e-01 9.071568958461284637e-03 -4.394775314722210169e-04 3.252026799600571394e-04 
5.011851787567138672e-01 9.066455997526645660e-03 -4.521660739555954933e-04 3.284761914983391762e-04 
4.989491999149322510e-01 9.965987876057624817e-03 -4.725132312159985304e-04 3.723513509612530470e-04 
4.993153214454650879e-01 9.864269755780696869e-03 -4.458708572201430798e-04 3.628840495366603136e-04 
4.749978184700012207e-01 9.698882699012756348e-03 -4.031228600069880486e-04 3.465698100626468658e-04 
4.754301011562347412e-01 9.650074876844882965e-03 -3.944466589018702507e-04 3.444791946094483137e-04 
5.245088338851928711e-01 1.004027202725410461e-02 -5.049819592386484146e-04 3.871230001095682383e-04 
5.249429941177368164e-01 9.909200482070446014e-03 -4.957742057740688324e-04 3.762368869502097368e-04 
5.039898753166198730e-01 9.430718608200550079e-03 -4.415522271301597357e-04 3.389886987861245871e-04 
5.044052600860595703e-01 9.339470416307449341e-03 -4.289890057407319546e-04 3.318687377031892538e-04 
4.838483333587646484e-01 9.013550356030464172e-03 -3.655708860605955124e-04 3.110531251877546310e-04 
4.841093719005584717e-01 8.891617879271507263e-03 -3.321965050417929888e-04 3.011687658727169037e-04 
4.891733527183532715e-01 1.026733499020338058e-02 -4.747069906443357468e-04 3.870796936098486185e-04 
4.897574186325073242e-01 1.012779772281646729e-02 -4.482174117583781481e-04 3.762404667213559151e-04 
4.834460020065307617e-01 1.068129483610391617e-02 -4.155748756602406502e-04 3.976886509917676449e-04 
4.840563833713531494e-01 1.057498343288898468e-02 -4.025612142868340015e-04 3.905855992343276739e-04 
5.055225491523742676e-01 1.104080025106668472e-02 -5.034569185227155685e-04 4.460199561435729265e-04 
5.061765909194946289e-01 1.093477569520473480e-02 -4.860040498897433281e-04 4.379671008791774511e-04 
4.997248649597167969e-01 9.795694611966609955e-03 -3.918991715181618929e-04 3.533723065629601479e-04 
5.001581311225891113e-01 9.652798064053058624e-03 -3.665549156721681356e-04 3.423399466555565596e-04 
4.964410662651062012e-01 1.029590424150228500e-02 -4.875144222751259804e-04 3.940083843190222979e-04 
4.969514608383178711e-01 1.018652506172657013e-02 -4.681982973124831915e-04 3.857602132484316826e-04 
5.044264793395996094e-01 1.026040874421596527e-02 -4.645086592063307762e-04 3.896660637110471725e-04 
5.046138167381286621e-01 1.008257642388343811e-02 -4.396188014652580023e-04 3.723255940712988377e-04 
4.986974000930786133e-01 1.029098127037286758e-02 -4.052899894304573536e-04 3.789160691667348146e-04 
4.992496967315673828e-01 1.017793081700801849e-02 -3.840974241029471159e-04 3.729127056431025267e-04 
4.870701134204864502e-01 1.027270592749118805e-02 -5.090787308290600777e-04 3.999824111815541983e-04 
4.873782992362976074e-01 1.012427732348442078e-02 -4.804190248250961304e-04 3.845630562864243984e-04 
5.178456306457519531e-01 1.025694515556097031e-02 -5.924675497226417065e-04 4.174783534836024046e-04 
5.183064341545104980e-01 1.016386505216360092e-02 -5.757154431194067001e-04 4.097646160516887903e-04 
4.985273182392120361e-01 1.135575212538242340e-02 -5.526509485207498074e-04 4.590995959006249905e-04 
4.989381730556488037e-01 1.115648448467254639e-02 -5.324658704921603203e-04 4.482056829147040844e-04 
5.050499439239501953e-01 9.897443465888500214e-03 -4.792026593349874020e-04 3.803792933467775583e-04 
5.053732395172119141e-01 9.765424765646457672e-03 -4.631197371054440737e-04 3.690633457154035568e-04 
4.855678677558898926e-01 1.082899328321218491e-02 -5.261476617306470871e-04 4.288489872124046087e-04 
4.858397841453552246e-01 1.067501958459615707e-02 -4.979947698302567005e-04 4.135400522500276566e-04 
4.999556839466094971e-01 1.057987287640571594e-02 -5.380877410061657429e-04 4.230026970617473125e-04 
5.001099109649658203e-01 1.051907800137996674e-02 -5.310346605256199837e-04 4.192201304249465466e-04 
4.749754667282104492e-01 1.008881628513336182e-02 -3.774796205107122660e-04 3.639292262960225344e-04 
4.753335118293762207e-01 9.982792660593986511e-03 -3.672402817755937576e-04 3.602757933549582958e-04 
4.946526885032653809e-01 9.738640859723091125e-03 -3.967516240663826466e-04 3.584657679311931133e-04 
4.948297441005706787e-01 9.665627032518386841e-03 -3.787543391808867455e-04 3.518798912409693003e-04 
4.981676340103149414e-01 1.132514234632253647e-02 -4.732412344310432673e-04 4.574587219394743443e-04 
4.989560544490814209e-01 1.114369183778762817e-02 -4.468625993467867374e-04 4.467075923457741737e-04 
4.773001968860626221e-01 1.069334149360656738e-02 -4.433401045389473438e-04 4.144253616686910391e-04 
4.775859415531158447e-01 1.057968102395534515e-02 -4.308728093747049570e-04 4.084868414793163538e-04 
4.943565726280212402e-01 1.086121797561645508e-02 -4.185478319413959980e-04 4.165603313595056534e-04 
4.950206875801086426e-01 1.075201574712991714e-02 -3.926776698790490627e-04 4.079515056218951941e-04 
5.058698654174804688e-01 1.232311595231294632e-02 -6.227847770787775517e-04 5.554967792704701424e-04 
5.065682530403137207e-01 1.218634098768234253e-02 -6.175284506753087044e-04 5.465340800583362579e-04 
5.006465911865234375e-01 1.026644278317689896e-02 -4.931421135552227497e-04 4.044510424137115479e-04 
5.007396936416625977e-01 1.012640632688999176e-02 -4.534502222668379545e-04 3.908952057827264071e-04 
5.096416473388671875e-01 1.114931050688028336e-02 -5.134185776114463806e-04 4.515740438364446163e-04 
5.100064277648925781e-01 1.109303534030914307e-02 -4.978370270691812038e-04 4.495537723414599895e-04 
5.029481649398803711e-01 1.126915495842695236e-02 -5.849401932209730148e-04 4.707531188614666462e-04 
5.034337639808654785e-01 1.112306024879217148e-02 -5.631257081404328346e-04 4.655712400563061237e-04 
4.999596178531646729e-01 1.060819346457719803e-02 -4.874951846431940794e-04 4.130275337956845760e-04 
5.000705718994140625e-01 1.052954699844121933e-02 -4.618445236701518297e-04 4.044926317874342203e-04 
4.727016389369964600e-01 1.056474540382623672e-02 -5.543508450500667095e-04 4.199478426016867161e-04 
4.727493822574615479e-01 1.043375302106142044e-02 -5.223369225859642029e-04 4.111046437174081802e-04 
5.021350979804992676e-01 1.046464499086141586e-02 -6.345009896904230118e-04 4.422588972374796867e-04 
5.017948150634765625e-01 1.041903533041477203e-02 -6.173004512675106525e-04 4.357399884611368179e-04 
5.058038234710693359e-01 1.169577054679393768e-02 -5.547457258217036724e-04 4.971242160536348820e-04 
5.060788393020629883e-01 1.157028321176767349e-02 -5.377281340770423412e-04 4.883797373622655869e-04 
4.970125555992126465e-01 1.017335895448923111e-02 -3.884226607624441385e-04 3.845640749204903841e-04 
4.970545768737792969e-01 1.001346763223409653e-02 -3.566137456800788641e-04 3.690504818223416805e-04 
5.094178915023803711e-01 1.057976018637418747e-02 -5.244646454229950905e-04 4.386939108371734619e-04 
5.099921822547912598e-01 1.047060638666152954e-02 -4.930837894789874554e-04 4.222948045935481787e-04 
5.002564787864685059e-01 1.122995372861623764e-02 -5.474227364175021648e-04 4.703542799688875675e-04 
5.004216432571411133e-01 1.109304372221231461e-02 -5.071461782790720463e-04 4.555025079753249884e-04 
4.987220168113708496e-01 1.167633756995201111e-02 -6.764344288967549801e-04 5.126955220475792885e-04 
4.989422857761383057e-01 1.151614636182785034e-02 -6.349257891997694969e-04 4.940592916682362556e-04 
5.114274621009826660e-01 1.185389421880245209e-02 -6.953142583370208740e-04 5.415538325905799866e-04 
5.117811560630798340e-01 1.178041007369756699e-02 -6.737223011441528797e-04 5.337869515642523766e-04 
5.032016038894653320e-01 1.005341857671737671e-02 -4.943480016663670540e-04 3.937717992812395096e-04 
5.033653974533081055e-01 1.005102135241031647e-02 -4.642761196009814739e-04 3.890825028065592051e-04 
4.922752380371093750e-01 1.018435414880514145e-02 -4.370750684756785631e-04 3.916273126378655434e-04 
4.921004772186279297e-01 1.012024283409118652e-02 -4.032140132039785385e-04 3.813251678366214037e-04 
4.940209388732910156e-01 1.088791619986295700e-02 -4.979040822945535183e-04 4.475071909837424755e-04 
4.940223097801208496e-01 1.082760374993085861e-02 -4.782885662280023098e-04 4.399503231979906559e-04 
5.231019854545593262e-01 1.062172465026378632e-02 -4.867760289926081896e-04 4.311454540584236383e-04 
5.229544043540954590e-01 1.052011270076036453e-02 -4.460307827685028315e-04 4.200996772851794958e-04 
4.804506897926330566e-01 1.252374798059463501e-02 -5.425928393378853798e-04 5.449462332762777805e-04 
4.806181788444519043e-01 1.240842230618000031e-02 -5.098485271446406841e-04 5.341827054508030415e-04 
5.047574639320373535e-01 1.182164996862411499e-02 -6.186509854160249233e-04 5.195039557293057442e-04 
5.048707127571105957e-01 1.166158355772495270e-02 -5.880363169126212597e-04 5.006631254218518734e-04 
4.975093007087707520e-01 1.246444135904312134e-02 -6.731135072186589241e-04 5.627608625218272209e-04 
4.976944327354431152e-01 1.231426373124122620e-02 -6.361487321555614471e-04 5.522313877008855343e-04 
