1.029942393302917480e+00 1.020400762557983398e+00 0.000000000000000000e+00 5.000000000000000000e-01 5.000000000000000000e-01 0.000000000000000000e+00 0.000000000000000000e+00 0.000000000000000000e+00 5.000000000000000000e-01 0.000000000000000000e+00 
7.813311815261840820e-01 7.759223580360412598e-01 0.000000000000000000e+00 5.000000000000000000e-01 5.000000000000000000e-01 0.000000000000000000e+00 0.000000000000000000e+00 0.000000000000000000e+00 5.000000000000000000e-01 0.000000000000000000e+00 
6.877393126487731934e-01 6.972327232360839844e-01 0.000000000000000000e+00 4.500000000000000111e-01 5.096153846153845812e-01 0.000000000000000000e+00 5.135135135135134865e-01 0.000000000000000000e+00 5.074626865671642006e-01 0.000000000000000000e+00 
6.714718937873840332e-01 6.888313293457031250e-01 0.000000000000000000e+00 6.250000000000000000e-01 5.464743589743589203e-01 0.000000000000000000e+00 5.472312703583062099e-01 0.000000000000000000e+00 5.457413249211356954e-01 0.000000000000000000e+00 
6.432777643203735352e-01 6.808652877807617188e-01 0.000000000000000000e+00 7.750000000000000222e-01 5.544871794871795156e-01 0.000000000000000000e+00 5.858585858585858563e-01 0.000000000000000000e+00 5.399061032863849974e-01 0.000000000000000000e+00 
6.234033107757568359e-01 6.703898310661315918e-01 0.000000000000000000e+00 8.249999999999999556e-01 6.025641025641025328e-01 0.000000000000000000e+00 6.259842519685039353e-01 0.000000000000000000e+00 5.864864864864864913e-01 0.000000000000000000e+00 
5.894636511802673340e-01 6.540148854255676270e-01 0.000000000000000000e+00 8.750000000000000000e-01 6.778846153846154188e-01 0.000000000000000000e+00 7.047970479704797064e-01 0.000000000000000000e+00 6.572237960339943896e-01 0.000000000000000000e+00 
5.500968098640441895e-01 6.257634162902832031e-01 0.000000000000000000e+00 9.499999999999999556e-01 7.483974358974359031e-01 0.000000000000000000e+00 7.881040892193308389e-01 0.000000000000000000e+00 7.183098591549296197e-01 0.000000000000000000e+00 
4.730621278285980225e-01 5.726148486137390137e-01 0.000000000000000000e+00 9.499999999999999556e-01 7.980769230769231282e-01 0.000000000000000000e+00 8.576923076923076428e-01 0.000000000000000000e+00 7.554945054945054750e-01 0.000000000000000000e+00 
3.631783723831176758e-01 4.941107630729675293e-01 0.000000000000000000e+00 9.499999999999999556e-01 8.189102564102563875e-01 0.000000000000000000e+00 8.754716981132075748e-01 0.000000000000000000e+00 7.771587743732590869e-01 0.000000000000000000e+00 
2.461278885602951050e-01 4.192607104778289795e-01 0.000000000000000000e+00 9.749999999999999778e-01 8.173076923076922906e-01 0.000000000000000000e+00 8.535714285714285365e-01 0.000000000000000000e+00 7.877906976744185608e-01 0.000000000000000000e+00 
1.385809779167175293e-01 3.695588111877441406e-01 0.000000000000000000e+00 9.749999999999999778e-01 8.509615384615384359e-01 0.000000000000000000e+00 8.686868686868687295e-01 0.000000000000000000e+00 8.348623853211009083e-01 0.000000000000000000e+00 
7.184129208326339722e-02 3.488261997699737549e-01 0.000000000000000000e+00 1.000000000000000000e+00 8.493589743589743390e-01 0.000000000000000000e+00 8.633333333333332860e-01 0.000000000000000000e+00 8.364197530864198038e-01 0.000000000000000000e+00 
5.420298501849174500e-02 3.477475643157958984e-01 0.000000000000000000e+00 1.000000000000000000e+00 8.525641025641025328e-01 0.000000000000000000e+00 8.666666666666666963e-01 0.000000000000000000e+00 8.395061728395061262e-01 0.000000000000000000e+00 
3.817635774612426758e-02 3.542092442512512207e-01 0.000000000000000000e+00 1.000000000000000000e+00 8.461538461538461453e-01 0.000000000000000000e+00 8.673469387755101678e-01 0.000000000000000000e+00 8.272727272727272707e-01 0.000000000000000000e+00 
2.980689145624637604e-02 3.594243526458740234e-01 0.000000000000000000e+00 1.000000000000000000e+00 8.429487179487179516e-01 0.000000000000000000e+00 8.614864864864865135e-01 0.000000000000000000e+00 8.262195121951219079e-01 0.000000000000000000e+00 
2.668513916432857513e-02 3.709692358970642090e-01 0.000000000000000000e+00 1.000000000000000000e+00 8.413461538461538547e-01 0.000000000000000000e+00 8.659793814432990011e-01 0.000000000000000000e+00 8.198198198198197728e-01 0.000000000000000000e+00 
2.237032167613506317e-02 3.798909783363342285e-01 0.000000000000000000e+00 1.000000000000000000e+00 8.381410256410256610e-01 0.000000000000000000e+00 8.650519031141868931e-01 0.000000000000000000e+00 8.149253731343283347e-01 0.000000000000000000e+00 
1.959677040576934814e-02 3.894585371017456055e-01 0.000000000000000000e+00 1.000000000000000000e+00 8.381410256410256610e-01 0.000000000000000000e+00 8.701754385964912686e-01 0.000000000000000000e+00 8.112094395280236014e-01 0.000000000000000000e+00 
1.791932992637157440e-02 3.980038464069366455e-01 0.000000000000000000e+00 1.000000000000000000e+00 8.381410256410256610e-01 0.000000000000000000e+00 8.675958188153309880e-01 0.000000000000000000e+00 8.130563798219584415e-01 0.000000000000000000e+00 
1.685574091970920563e-02 4.036666750907897949e-01 0.000000000000000000e+00 1.000000000000000000e+00 8.349358974358974672e-01 0.000000000000000000e+00 8.615916955017300927e-01 0.000000000000000000e+00 8.119402985074626322e-01 0.000000000000000000e+00 
1.510594505816698074e-02 4.099430739879608154e-01 0.000000000000000000e+00 1.000000000000000000e+00 8.333333333333333703e-01 0.000000000000000000e+00 8.611111111111111605e-01 0.000000000000000000e+00 8.095238095238095344e-01 0.000000000000000000e+00 
1.469192933291196823e-02 4.202930927276611328e-01 0.000000000000000000e+00 1.000000000000000000e+00 8.317307692307692735e-01 0.000000000000000000e+00 8.606271777003484669e-01 0.000000000000000000e+00 8.071216617210682509e-01 0.000000000000000000e+00 
1.262359973043203354e-02 4.138942658901214600e-01 0.000000000000000000e+00 1.000000000000000000e+00 8.381410256410256610e-01 0.000000000000000000e+00 8.600682593856655567e-01 0.000000000000000000e+00 8.187311178247733690e-01 0.000000000000000000e+00 
1.193256676197052002e-02 4.183911681175231934e-01 0.000000000000000000e+00 1.000000000000000000e+00 8.349358974358974672e-01 0.000000000000000000e+00 8.566552901023890554e-01 0.000000000000000000e+00 8.157099697885196177e-01 0.000000000000000000e+00 
1.135832443833351135e-02 4.314344823360443115e-01 0.000000000000000000e+00 1.000000000000000000e+00 8.317307692307692735e-01 0.000000000000000000e+00 8.606271777003484669e-01 0.000000000000000000e+00 8.071216617210682509e-01 0.000000000000000000e+00 
1.069207210093736649e-02 4.599998295307159424e-01 0.000000000000000000e+00 1.000000000000000000e+00 8.317307692307692735e-01 0.000000000000000000e+00 8.736462093862815692e-01 0.000000000000000000e+00 7.982708933717579391e-01 0.000000000000000000e+00 
1.012042071670293808e-02 4.664117395877838135e-01 0.000000000000000000e+00 1.000000000000000000e+00 8.333333333333333703e-01 0.000000000000000000e+00 8.795620437956204185e-01 0.000000000000000000e+00 7.971428571428571530e-01 0.000000000000000000e+00 
9.537543170154094696e-03 4.540733098983764648e-01 0.000000000000000000e+00 1.000000000000000000e+00 8.333333333333333703e-01 0.000000000000000000e+00 8.687943262411347289e-01 0.000000000000000000e+00 8.040935672514619714e-01 0.000000000000000000e+00 
8.918662555515766144e-03 4.522642493247985840e-01 0.000000000000000000e+00 1.000000000000000000e+00 8.301282051282051766e-01 0.000000000000000000e+00 8.626760563380281299e-01 0.000000000000000000e+00 8.029411764705882693e-01 0.000000000000000000e+00 
8.400033228099346161e-03 4.577419757843017578e-01 0.000000000000000000e+00 1.000000000000000000e+00 8.317307692307692735e-01 0.000000000000000000e+00 8.657243816254417412e-01 0.000000000000000000e+00 8.035190615835776651e-01 0.000000000000000000e+00 
8.451955392956733704e-03 4.350868761539459229e-01 0.000000000000000000e+00 1.000000000000000000e+00 8.445512820512820484e-01 0.000000000000000000e+00 8.668941979522184482e-01 0.000000000000000000e+00 8.247734138972809825e-01 0.000000000000000000e+00 
8.594338782131671906e-03 4.443279206752777100e-01 0.000000000000000000e+00 1.000000000000000000e+00 8.573717948717948234e-01 0.000000000000000000e+00 8.054794520547945424e-01 0.000000000000000000e+00 9.305019305019305298e-01 0.000000000000000000e+00 
7.519222795963287354e-03 4.116368889808654785e-01 0.000000000000000000e+00 1.000000000000000000e+00 8.573717948717948234e-01 0.000000000000000000e+00 8.328358208955224384e-01 0.000000000000000000e+00 8.858131487889273625e-01 0.000000000000000000e+00 
7.156267762184143066e-03 4.273172020912170410e-01 0.000000000000000000e+00 1.000000000000000000e+00 8.509615384615384359e-01 0.000000000000000000e+00 8.662207357859531554e-01 0.000000000000000000e+00 8.369230769230768807e-01 0.000000000000000000e+00 
6.724706385284662247e-03 4.429754614830017090e-01 0.000000000000000000e+00 1.000000000000000000e+00 8.461538461538461453e-01 0.000000000000000000e+00 8.724137931034482429e-01 0.000000000000000000e+00 8.233532934131736480e-01 0.000000000000000000e+00 
6.489940918982028961e-03 4.485624730587005615e-01 0.000000000000000000e+00 1.000000000000000000e+00 8.461538461538461453e-01 0.000000000000000000e+00 8.776223776223776030e-01 0.000000000000000000e+00 8.195266272189348777e-01 0.000000000000000000e+00 
6.191053893417119980e-03 4.507150053977966309e-01 0.000000000000000000e+00 1.000000000000000000e+00 8.477564102564102422e-01 0.000000000000000000e+00 8.780487804878048808e-01 0.000000000000000000e+00 8.219584569732937274e-01 0.000000000000000000e+00 
6.161586847156286240e-03 4.486662745475769043e-01 0.000000000000000000e+00 1.000000000000000000e+00 8.477564102564102422e-01 0.000000000000000000e+00 8.754325259515570723e-01 0.000000000000000000e+00 8.238805970149253310e-01 0.000000000000000000e+00 
5.767500959336757660e-03 4.549490213394165039e-01 0.000000000000000000e+00 1.000000000000000000e+00 8.461538461538461453e-01 0.000000000000000000e+00 8.776223776223776030e-01 0.000000000000000000e+00 8.195266272189348777e-01 0.000000000000000000e+00 
5.519172642379999161e-03 4.620900750160217285e-01 0.000000000000000000e+00 1.000000000000000000e+00 8.493589743589743390e-01 0.000000000000000000e+00 8.838028169014084945e-01 0.000000000000000000e+00 8.205882352941176183e-01 0.000000000000000000e+00 
5.388214718550443649e-03 4.670960903167724609e-01 0.000000000000000000e+00 1.000000000000000000e+00 8.525641025641025328e-01 0.000000000000000000e+00 8.928571428571429047e-01 0.000000000000000000e+00 8.197674418604651292e-01 0.000000000000000000e+00 
5.163727793842554092e-03 4.734821021556854248e-01 0.000000000000000000e+00 1.000000000000000000e+00 8.541666666666666297e-01 0.000000000000000000e+00 8.960573476702509144e-01 0.000000000000000000e+00 8.202898550724637694e-01 0.000000000000000000e+00 
5.180203355848789215e-03 4.749029576778411865e-01 0.000000000000000000e+00 1.000000000000000000e+00 8.541666666666666297e-01 0.000000000000000000e+00 8.960573476702509144e-01 0.000000000000000000e+00 8.202898550724637694e-01 0.000000000000000000e+00 
4.995796363800764084e-03 4.743501842021942139e-01 0.000000000000000000e+00 1.000000000000000000e+00 8.541666666666666297e-01 0.000000000000000000e+00 8.960573476702509144e-01 0.000000000000000000e+00 8.202898550724637694e-01 0.000000000000000000e+00 
4.715339280664920807e-03 4.721803963184356689e-01 0.000000000000000000e+00 1.000000000000000000e+00 8.557692307692307265e-01 0.000000000000000000e+00 8.964285714285714635e-01 0.000000000000000000e+00 8.226744186046511809e-01 0.000000000000000000e+00 
4.615046083927154541e-03 4.751112461090087891e-01 0.000000000000000000e+00 1.000000000000000000e+00 8.541666666666666297e-01 0.000000000000000000e+00 8.960573476702509144e-01 0.000000000000000000e+00 8.202898550724637694e-01 0.000000000000000000e+00 
4.533353261649608612e-03 4.787943065166473389e-01 0.000000000000000000e+00 1.000000000000000000e+00 8.541666666666666297e-01 0.000000000000000000e+00 8.960573476702509144e-01 0.000000000000000000e+00 8.202898550724637694e-01 0.000000000000000000e+00 
4.276948980987071991e-03 4.790224432945251465e-01 0.000000000000000000e+00 1.000000000000000000e+00 8.541666666666666297e-01 0.000000000000000000e+00 8.960573476702509144e-01 0.000000000000000000e+00 8.202898550724637694e-01 0.000000000000000000e+00 
4.246817436069250107e-03 4.817306995391845703e-01 0.000000000000000000e+00 1.000000000000000000e+00 8.541666666666666297e-01 0.000000000000000000e+00 8.960573476702509144e-01 0.000000000000000000e+00 8.202898550724637694e-01 0.000000000000000000e+00 
4.103700164705514908e-03 4.862876236438751221e-01 0.000000000000000000e+00 1.000000000000000000e+00 8.541666666666666297e-01 0.000000000000000000e+00 8.960573476702509144e-01 0.000000000000000000e+00 8.202898550724637694e-01 0.000000000000000000e+00 
3.928098827600479126e-03 4.892477393150329590e-01 0.000000000000000000e+00 1.000000000000000000e+00 8.557692307692307265e-01 0.000000000000000000e+00 8.992805755395683054e-01 0.000000000000000000e+00 8.208092485549133288e-01 0.000000000000000000e+00 
3.838163334876298904e-03 4.835373759269714355e-01 0.000000000000000000e+00 1.000000000000000000e+00 8.525641025641025328e-01 0.000000000000000000e+00 8.900709219858156107e-01 0.000000000000000000e+00 8.216374269005848330e-01 0.000000000000000000e+00 
3.813601331785321236e-03 4.859042465686798096e-01 0.000000000000000000e+00 1.000000000000000000e+00 8.557692307692307265e-01 0.000000000000000000e+00 8.964285714285714635e-01 0.000000000000000000e+00 8.226744186046511809e-01 0.000000000000000000e+00 
3.644884098321199417e-03 4.905584752559661865e-01 0.000000000000000000e+00 1.000000000000000000e+00 8.541666666666666297e-01 0.000000000000000000e+00 8.960573476702509144e-01 0.000000000000000000e+00 8.202898550724637694e-01 0.000000000000000000e+00 
3.548902692273259163e-03 4.938654303550720215e-01 0.000000000000000000e+00 1.000000000000000000e+00 8.557692307692307265e-01 0.000000000000000000e+00 8.992805755395683054e-01 0.000000000000000000e+00 8.208092485549133288e-01 0.000000000000000000e+00 
3.482769941911101341e-03 4.961225986480712891e-01 0.000000000000000000e+00 1.000000000000000000e+00 8.557692307692307265e-01 0.000000000000000000e+00 8.992805755395683054e-01 0.000000000000000000e+00 8.208092485549133288e-01 0.000000000000000000e+00 
3.500881139189004898e-03 4.967938959598541260e-01 0.000000000000000000e+00 1.000000000000000000e+00 8.573717948717948234e-01 0.000000000000000000e+00 8.996415770609319518e-01 0.000000000000000000e+00 8.231884057971013968e-01 0.000000000000000000e+00 
3.387399716302752495e-03 4.960780143737792969e-01 0.000000000000000000e+00 1.000000000000000000e+00 8.573717948717948234e-01 0.000000000000000000e+00 8.967971530249110312e-01 0.000000000000000000e+00 8.250728862973760735e-01 0.000000000000000000e+00 
3.295772476121783257e-03 4.563316404819488525e-01 0.000000000000000000e+00 1.000000000000000000e+00 8.605769230769231282e-01 0.000000000000000000e+00 8.762541806020066604e-01 0.000000000000000000e+00 8.461538461538461453e-01 0.000000000000000000e+00 
3.359704976901412010e-03 4.416992068290710449e-01 0.000000000000000000e+00 1.000000000000000000e+00 8.605769230769231282e-01 0.000000000000000000e+00 8.378378378378378288e-01 0.000000000000000000e+00 8.865979381443298557e-01 0.000000000000000000e+00 
3.187349066138267517e-03 4.459041655063629150e-01 0.000000000000000000e+00 1.000000000000000000e+00 8.669871794871795156e-01 0.000000000000000000e+00 8.589341692789969063e-01 0.000000000000000000e+00 8.754098360655737654e-01 0.000000000000000000e+00 
3.080421360209584236e-03 4.553111791610717773e-01 0.000000000000000000e+00 1.000000000000000000e+00 8.621794871794872250e-01 0.000000000000000000e+00 8.645161290322580516e-01 0.000000000000000000e+00 8.598726114649681840e-01 0.000000000000000000e+00 
2.963616047054529190e-03 4.620394706726074219e-01 0.000000000000000000e+00 1.000000000000000000e+00 8.605769230769231282e-01 0.000000000000000000e+00 8.712871287128712838e-01 0.000000000000000000e+00 8.504672897196261516e-01 0.000000000000000000e+00 
2.962712198495864868e-03 4.678565859794616699e-01 0.000000000000000000e+00 1.000000000000000000e+00 8.573717948717948234e-01 0.000000000000000000e+00 8.754208754208754328e-01 0.000000000000000000e+00 8.409785932721712820e-01 0.000000000000000000e+00 
2.872884040698409081e-03 4.733186066150665283e-01 0.000000000000000000e+00 1.000000000000000000e+00 8.589743589743589203e-01 0.000000000000000000e+00 8.809523809523809312e-01 0.000000000000000000e+00 8.393939393939393590e-01 0.000000000000000000e+00 
3.021291689947247505e-03 6.110425591468811035e-01 0.000000000000000000e+00 1.000000000000000000e+00 8.349358974358974672e-01 0.000000000000000000e+00 9.130434782608695121e-01 0.000000000000000000e+00 7.816711590296495649e-01 0.000000000000000000e+00 
2.775228349491953850e-03 6.357551217079162598e-01 0.000000000000000000e+00 1.000000000000000000e+00 8.301282051282051766e-01 0.000000000000000000e+00 9.186991869918699205e-01 0.000000000000000000e+00 7.724867724867724439e-01 0.000000000000000000e+00 
2.789559308439493179e-03 6.061950922012329102e-01 0.000000000000000000e+00 1.000000000000000000e+00 8.413461538461538547e-01 0.000000000000000000e+00 9.176470588235293713e-01 0.000000000000000000e+00 7.886178861788617489e-01 0.000000000000000000e+00 
2.669233130291104317e-03 5.538592934608459473e-01 0.000000000000000000e+00 1.000000000000000000e+00 8.509615384615384359e-01 0.000000000000000000e+00 9.010989010989011172e-01 0.000000000000000000e+00 8.119658119658119677e-01 0.000000000000000000e+00 
2.661256818100810051e-03 5.456941127777099609e-01 0.000000000000000000e+00 1.000000000000000000e+00 8.525641025641025328e-01 0.000000000000000000e+00 8.985507246376811530e-01 0.000000000000000000e+00 8.160919540229885083e-01 0.000000000000000000e+00 
2.555529586970806122e-03 5.461543798446655273e-01 0.000000000000000000e+00 1.000000000000000000e+00 8.525641025641025328e-01 0.000000000000000000e+00 8.985507246376811530e-01 0.000000000000000000e+00 8.160919540229885083e-01 0.000000000000000000e+00 
2.471592044457793236e-03 5.482749342918395996e-01 0.000000000000000000e+00 1.000000000000000000e+00 8.557692307692307265e-01 0.000000000000000000e+00 9.021739130434782705e-01 0.000000000000000000e+00 8.189655172413793371e-01 0.000000000000000000e+00 
2.452281070873141289e-03 5.525531172752380371e-01 0.000000000000000000e+00 1.000000000000000000e+00 8.541666666666666297e-01 0.000000000000000000e+00 9.018181818181818521e-01 0.000000000000000000e+00 8.166189111747851337e-01 0.000000000000000000e+00 
2.359381411224603653e-03 5.578274130821228027e-01 0.000000000000000000e+00 1.000000000000000000e+00 8.541666666666666297e-01 0.000000000000000000e+00 9.018181818181818521e-01 0.000000000000000000e+00 8.166189111747851337e-01 0.000000000000000000e+00 
2.397201256826519966e-03 5.604710578918457031e-01 0.000000000000000000e+00 1.000000000000000000e+00 8.525641025641025328e-01 0.000000000000000000e+00 9.014598540145984940e-01 0.000000000000000000e+00 8.142857142857142794e-01 0.000000000000000000e+00 
2.311402698978781700e-03 5.629343986511230469e-01 0.000000000000000000e+00 1.000000000000000000e+00 8.525641025641025328e-01 0.000000000000000000e+00 9.014598540145984940e-01 0.000000000000000000e+00 8.142857142857142794e-01 0.000000000000000000e+00 
2.233721083030104637e-03 5.679799318313598633e-01 0.000000000000000000e+00 1.000000000000000000e+00 8.493589743589743390e-01 0.000000000000000000e+00 9.007352941176470784e-01 0.000000000000000000e+00 8.096590909090909394e-01 0.000000000000000000e+00 
2.213264117017388344e-03 5.677173137664794922e-01 0.000000000000000000e+00 1.000000000000000000e+00 8.509615384615384359e-01 0.000000000000000000e+00 9.010989010989011172e-01 0.000000000000000000e+00 8.119658119658119677e-01 0.000000000000000000e+00 
2.154413610696792603e-03 5.694192051887512207e-01 0.000000000000000000e+00 1.000000000000000000e+00 8.509615384615384359e-01 0.000000000000000000e+00 9.010989010989011172e-01 0.000000000000000000e+00 8.119658119658119677e-01 0.000000000000000000e+00 
2.117324853315949440e-03 5.705382823944091797e-01 0.000000000000000000e+00 1.000000000000000000e+00 8.525641025641025328e-01 0.000000000000000000e+00 9.044117647058823595e-01 0.000000000000000000e+00 8.125000000000000000e-01 0.000000000000000000e+00 
2.197722904384136200e-03 5.722654461860656738e-01 0.000000000000000000e+00 1.000000000000000000e+00 8.525641025641025328e-01 0.000000000000000000e+00 9.044117647058823595e-01 0.000000000000000000e+00 8.125000000000000000e-01 0.000000000000000000e+00 
2.061068313196301460e-03 5.741703510284423828e-01 0.000000000000000000e+00 1.000000000000000000e+00 8.525641025641025328e-01 0.000000000000000000e+00 9.044117647058823595e-01 0.000000000000000000e+00 8.125000000000000000e-01 0.000000000000000000e+00 
2.023294568061828613e-03 5.744877457618713379e-01 0.000000000000000000e+00 1.000000000000000000e+00 8.525641025641025328e-01 0.000000000000000000e+00 9.044117647058823595e-01 0.000000000000000000e+00 8.125000000000000000e-01 0.000000000000000000e+00 
1.984105911105871201e-03 5.745626688003540039e-01 0.000000000000000000e+00 1.000000000000000000e+00 8.525641025641025328e-01 0.000000000000000000e+00 9.044117647058823595e-01 0.000000000000000000e+00 8.125000000000000000e-01 0.000000000000000000e+00 
1.976545201614499092e-03 5.769528150558471680e-01 0.000000000000000000e+00 1.000000000000000000e+00 8.541666666666666297e-01 0.000000000000000000e+00 9.047619047619047672e-01 0.000000000000000000e+00 8.148148148148147696e-01 0.000000000000000000e+00 
1.929449266754090786e-03 5.769284963607788086e-01 0.000000000000000000e+00 1.000000000000000000e+00 8.541666666666666297e-01 0.000000000000000000e+00 9.047619047619047672e-01 0.000000000000000000e+00 8.148148148148147696e-01 0.000000000000000000e+00 
1.882387674413621426e-03 5.778375864028930664e-01 0.000000000000000000e+00 1.000000000000000000e+00 8.557692307692307265e-01 0.000000000000000000e+00 9.051094890510948954e-01 0.000000000000000000e+00 8.171428571428571708e-01 0.000000000000000000e+00 
1.845235237851738930e-03 5.805442333221435547e-01 0.000000000000000000e+00 1.000000000000000000e+00 8.525641025641025328e-01 0.000000000000000000e+00 9.044117647058823595e-01 0.000000000000000000e+00 8.125000000000000000e-01 0.000000000000000000e+00 
1.905811834149062634e-03 5.821902751922607422e-01 0.000000000000000000e+00 1.000000000000000000e+00 8.525641025641025328e-01 0.000000000000000000e+00 9.044117647058823595e-01 0.000000000000000000e+00 8.125000000000000000e-01 0.000000000000000000e+00 
1.789349131286144257e-03 5.851617455482482910e-01 0.000000000000000000e+00 1.000000000000000000e+00 8.525641025641025328e-01 0.000000000000000000e+00 9.044117647058823595e-01 0.000000000000000000e+00 8.125000000000000000e-01 0.000000000000000000e+00 
1.791642862372100353e-03 5.916376113891601562e-01 0.000000000000000000e+00 1.000000000000000000e+00 8.525641025641025328e-01 0.000000000000000000e+00 9.074074074074074403e-01 0.000000000000000000e+00 8.107344632768361814e-01 0.000000000000000000e+00 
1.768809626810252666e-03 5.924929976463317871e-01 0.000000000000000000e+00 1.000000000000000000e+00 8.525641025641025328e-01 0.000000000000000000e+00 9.074074074074074403e-01 0.000000000000000000e+00 8.107344632768361814e-01 0.000000000000000000e+00 
1.720354775898158550e-03 5.918000340461730957e-01 0.000000000000000000e+00 1.000000000000000000e+00 8.525641025641025328e-01 0.000000000000000000e+00 9.074074074074074403e-01 0.000000000000000000e+00 8.107344632768361814e-01 0.000000000000000000e+00 
1.673106919042766094e-03 5.930989384651184082e-01 0.000000000000000000e+00 1.000000000000000000e+00 8.525641025641025328e-01 0.000000000000000000e+00 9.074074074074074403e-01 0.000000000000000000e+00 8.107344632768361814e-01 0.000000000000000000e+00 
1.656778971664607525e-03 6.805236339569091797e-01 0.000000000000000000e+00 1.000000000000000000e+00 8.301282051282051766e-01 0.000000000000000000e+00 9.153225806451612545e-01 0.000000000000000000e+00 7.739361702127659504e-01 0.000000000000000000e+00 
1.617721631191670895e-03 6.884105801582336426e-01 0.000000000000000000e+00 1.000000000000000000e+00 8.301282051282051766e-01 0.000000000000000000e+00 9.186991869918699205e-01 0.000000000000000000e+00 7.724867724867724439e-01 0.000000000000000000e+00 
1.616427092812955379e-03 6.477535367012023926e-01 0.000000000000000000e+00 1.000000000000000000e+00 8.349358974358974672e-01 0.000000000000000000e+00 9.130434782608695121e-01 0.000000000000000000e+00 7.816711590296495649e-01 0.000000000000000000e+00 
1.674453145824372768e-03 6.285443305969238281e-01 0.000000000000000000e+00 1.000000000000000000e+00 8.445512820512820484e-01 0.000000000000000000e+00 9.150579150579150056e-01 0.000000000000000000e+00 7.945205479452054353e-01 0.000000000000000000e+00 
1.591423409990966320e-03 6.184751391410827637e-01 0.000000000000000000e+00 1.000000000000000000e+00 8.509615384615384359e-01 0.000000000000000000e+00 9.163498098859315100e-01 0.000000000000000000e+00 8.033240997229916802e-01 0.000000000000000000e+00 
1.547594321891665459e-03 6.148493885993957520e-01 0.000000000000000000e+00 1.000000000000000000e+00 8.509615384615384359e-01 0.000000000000000000e+00 9.163498098859315100e-01 0.000000000000000000e+00 8.033240997229916802e-01 0.000000000000000000e+00 
1.484333421103656292e-03 6.133903861045837402e-01 0.000000000000000000e+00 1.000000000000000000e+00 8.493589743589743390e-01 0.000000000000000000e+00 9.128787878787878451e-01 0.000000000000000000e+00 8.027777777777778123e-01 0.000000000000000000e+00 
1.487237866967916489e-03 6.111895442008972168e-01 0.000000000000000000e+00 1.000000000000000000e+00 8.509615384615384359e-01 0.000000000000000000e+00 9.132075471698113400e-01 0.000000000000000000e+00 8.050139275766016178e-01 0.000000000000000000e+00 
1.484789885580539703e-03 6.098191142082214355e-01 0.000000000000000000e+00 1.000000000000000000e+00 8.525641025641025328e-01 0.000000000000000000e+00 9.135338345864661980e-01 0.000000000000000000e+00 8.072625698324021881e-01 0.000000000000000000e+00 
1.455072197131812572e-03 6.063543558120727539e-01 0.000000000000000000e+00 1.000000000000000000e+00 8.525641025641025328e-01 0.000000000000000000e+00 9.135338345864661980e-01 0.000000000000000000e+00 8.072625698324021881e-01 0.000000000000000000e+00 
1.429781666956841946e-03 6.056765913963317871e-01 0.000000000000000000e+00 1.000000000000000000e+00 8.541666666666666297e-01 0.000000000000000000e+00 9.138576779026217345e-01 0.000000000000000000e+00 8.095238095238095344e-01 0.000000000000000000e+00 
1.401150366291403770e-03 6.059325933456420898e-01 0.000000000000000000e+00 1.000000000000000000e+00 8.541666666666666297e-01 0.000000000000000000e+00 9.138576779026217345e-01 0.000000000000000000e+00 8.095238095238095344e-01 0.000000000000000000e+00 
1.385884708724915981e-03 6.055855154991149902e-01 0.000000000000000000e+00 1.000000000000000000e+00 8.541666666666666297e-01 0.000000000000000000e+00 9.138576779026217345e-01 0.000000000000000000e+00 8.095238095238095344e-01 0.000000000000000000e+00 
1.361716538667678833e-03 6.064784526824951172e-01 0.000000000000000000e+00 1.000000000000000000e+00 8.541666666666666297e-01 0.000000000000000000e+00 9.138576779026217345e-01 0.000000000000000000e+00 8.095238095238095344e-01 0.000000000000000000e+00 
1.374114537611603737e-03 6.064060926437377930e-01 0.000000000000000000e+00 1.000000000000000000e+00 8.573717948717948234e-01 0.000000000000000000e+00 9.144981412639404672e-01 0.000000000000000000e+00 8.140845070422535468e-01 0.000000000000000000e+00 
1.332139479927718639e-03 6.058648824691772461e-01 0.000000000000000000e+00 1.000000000000000000e+00 8.573717948717948234e-01 0.000000000000000000e+00 9.144981412639404672e-01 0.000000000000000000e+00 8.140845070422535468e-01 0.000000000000000000e+00 
1.302608638070523739e-03 6.062021851539611816e-01 0.000000000000000000e+00 1.000000000000000000e+00 8.573717948717948234e-01 0.000000000000000000e+00 9.144981412639404672e-01 0.000000000000000000e+00 8.140845070422535468e-01 0.000000000000000000e+00 
1.272968249395489693e-03 6.066772937774658203e-01 0.000000000000000000e+00 1.000000000000000000e+00 8.589743589743589203e-01 0.000000000000000000e+00 9.148148148148148584e-01 0.000000000000000000e+00 8.163841807909604231e-01 0.000000000000000000e+00 
1.243035309016704559e-03 6.094238162040710449e-01 0.000000000000000000e+00 1.000000000000000000e+00 8.589743589743589203e-01 0.000000000000000000e+00 9.148148148148148584e-01 0.000000000000000000e+00 8.163841807909604231e-01 0.000000000000000000e+00 
1.236274489201605320e-03 6.102609634399414062e-01 0.000000000000000000e+00 1.000000000000000000e+00 8.589743589743589203e-01 0.000000000000000000e+00 9.148148148148148584e-01 0.000000000000000000e+00 8.163841807909604231e-01 0.000000000000000000e+00 
1.219161669723689556e-03 6.117970347404479980e-01 0.000000000000000000e+00 1.000000000000000000e+00 8.589743589743589203e-01 0.000000000000000000e+00 9.148148148148148584e-01 0.000000000000000000e+00 8.163841807909604231e-01 0.000000000000000000e+00 
1.199530786834657192e-03 6.125760078430175781e-01 0.000000000000000000e+00 1.000000000000000000e+00 8.589743589743589203e-01 0.000000000000000000e+00 9.148148148148148584e-01 0.000000000000000000e+00 8.163841807909604231e-01 0.000000000000000000e+00 
1.176222460344433784e-03 6.125681400299072266e-01 0.000000000000000000e+00 1.000000000000000000e+00 8.589743589743589203e-01 0.000000000000000000e+00 9.148148148148148584e-01 0.000000000000000000e+00 8.163841807909604231e-01 0.000000000000000000e+00 
1.171054667793214321e-03 6.136378049850463867e-01 0.000000000000000000e+00 1.000000000000000000e+00 8.589743589743589203e-01 0.000000000000000000e+00 9.148148148148148584e-01 0.000000000000000000e+00 8.163841807909604231e-01 0.000000000000000000e+00 
1.154901925474405289e-03 6.138854026794433594e-01 0.000000000000000000e+00 1.000000000000000000e+00 8.589743589743589203e-01 0.000000000000000000e+00 9.148148148148148584e-01 0.000000000000000000e+00 8.163841807909604231e-01 0.000000000000000000e+00 
1.137858955189585686e-03 6.140339970588684082e-01 0.000000000000000000e+00 1.000000000000000000e+00 8.589743589743589203e-01 0.000000000000000000e+00 9.148148148148148584e-01 0.000000000000000000e+00 8.163841807909604231e-01 0.000000000000000000e+00 
1.127457013353705406e-03 6.157942414283752441e-01 0.000000000000000000e+00 1.000000000000000000e+00 8.589743589743589203e-01 0.000000000000000000e+00 9.148148148148148584e-01 0.000000000000000000e+00 8.163841807909604231e-01 0.000000000000000000e+00 
1.114840502850711346e-03 6.151408553123474121e-01 0.000000000000000000e+00 1.000000000000000000e+00 8.589743589743589203e-01 0.000000000000000000e+00 9.148148148148148584e-01 0.000000000000000000e+00 8.163841807909604231e-01 0.000000000000000000e+00 
1.110714511014521122e-03 6.132395863533020020e-01 0.000000000000000000e+00 1.000000000000000000e+00 8.589743589743589203e-01 0.000000000000000000e+00 9.148148148148148584e-01 0.000000000000000000e+00 8.163841807909604231e-01 0.000000000000000000e+00 
1.069151097908616066e-03 6.123215556144714355e-01 0.000000000000000000e+00 1.000000000000000000e+00 8.605769230769231282e-01 0.000000000000000000e+00 9.151291512915129545e-01 0.000000000000000000e+00 8.186968838526912373e-01 0.000000000000000000e+00 
1.081237918697297573e-03 6.117179393768310547e-01 0.000000000000000000e+00 1.000000000000000000e+00 8.621794871794872250e-01 0.000000000000000000e+00 9.154411764705882026e-01 0.000000000000000000e+00 8.210227272727272929e-01 0.000000000000000000e+00 
1.058800611644983292e-03 6.124532818794250488e-01 0.000000000000000000e+00 1.000000000000000000e+00 8.621794871794872250e-01 0.000000000000000000e+00 9.154411764705882026e-01 0.000000000000000000e+00 8.210227272727272929e-01 0.000000000000000000e+00 
1.033586566336452961e-03 6.125669479370117188e-01 0.000000000000000000e+00 1.000000000000000000e+00 8.637820512820513219e-01 0.000000000000000000e+00 9.157509157509157172e-01 0.000000000000000000e+00 8.233618233618233972e-01 0.000000000000000000e+00 
1.035744557157158852e-03 6.130203008651733398e-01 0.000000000000000000e+00 1.000000000000000000e+00 8.637820512820513219e-01 0.000000000000000000e+00 9.157509157509157172e-01 0.000000000000000000e+00 8.233618233618233972e-01 0.000000000000000000e+00 
1.018593437038362026e-03 6.147007942199707031e-01 0.000000000000000000e+00 1.000000000000000000e+00 8.637820512820513219e-01 0.000000000000000000e+00 9.157509157509157172e-01 0.000000000000000000e+00 8.233618233618233972e-01 0.000000000000000000e+00 
1.009833533316850662e-03 6.211448311805725098e-01 0.000000000000000000e+00 1.000000000000000000e+00 8.605769230769231282e-01 0.000000000000000000e+00 9.151291512915129545e-01 0.000000000000000000e+00 8.186968838526912373e-01 0.000000000000000000e+00 
9.914502734318375587e-04 6.224755644798278809e-01 0.000000000000000000e+00 1.000000000000000000e+00 8.605769230769231282e-01 0.000000000000000000e+00 9.151291512915129545e-01 0.000000000000000000e+00 8.186968838526912373e-01 0.000000000000000000e+00 
9.751826873980462551e-04 6.219463944435119629e-01 0.000000000000000000e+00 1.000000000000000000e+00 8.605769230769231282e-01 0.000000000000000000e+00 9.151291512915129545e-01 0.000000000000000000e+00 8.186968838526912373e-01 0.000000000000000000e+00 
9.635958704166114330e-04 6.205526590347290039e-01 0.000000000000000000e+00 1.000000000000000000e+00 8.605769230769231282e-01 0.000000000000000000e+00 9.151291512915129545e-01 0.000000000000000000e+00 8.186968838526912373e-01 0.000000000000000000e+00 
9.479146683588624001e-04 6.217299699783325195e-01 0.000000000000000000e+00 1.000000000000000000e+00 8.605769230769231282e-01 0.000000000000000000e+00 9.151291512915129545e-01 0.000000000000000000e+00 8.186968838526912373e-01 0.000000000000000000e+00 
9.355262736789882183e-04 6.222887635231018066e-01 0.000000000000000000e+00 1.000000000000000000e+00 8.605769230769231282e-01 0.000000000000000000e+00 9.151291512915129545e-01 0.000000000000000000e+00 8.186968838526912373e-01 0.000000000000000000e+00 
9.152769343927502632e-04 6.224462389945983887e-01 0.000000000000000000e+00 1.000000000000000000e+00 8.605769230769231282e-01 0.000000000000000000e+00 9.151291512915129545e-01 0.000000000000000000e+00 8.186968838526912373e-01 0.000000000000000000e+00 
9.089425439015030861e-04 6.196845769882202148e-01 0.000000000000000000e+00 1.000000000000000000e+00 8.669871794871795156e-01 0.000000000000000000e+00 9.163636363636363802e-01 0.000000000000000000e+00 8.280802292263610420e-01 0.000000000000000000e+00 
8.903370471671223640e-04 6.181789636611938477e-01 0.000000000000000000e+00 1.000000000000000000e+00 8.669871794871795156e-01 0.000000000000000000e+00 9.163636363636363802e-01 0.000000000000000000e+00 8.280802292263610420e-01 0.000000000000000000e+00 
8.929317700676620007e-04 6.166371107101440430e-01 0.000000000000000000e+00 1.000000000000000000e+00 8.669871794871795156e-01 0.000000000000000000e+00 9.163636363636363802e-01 0.000000000000000000e+00 8.280802292263610420e-01 0.000000000000000000e+00 
8.827546844258904457e-04 6.163521409034729004e-01 0.000000000000000000e+00 1.000000000000000000e+00 8.669871794871795156e-01 0.000000000000000000e+00 9.163636363636363802e-01 0.000000000000000000e+00 8.280802292263610420e-01 0.000000000000000000e+00 
8.759647607803344727e-04 6.137332916259765625e-01 0.000000000000000000e+00 1.000000000000000000e+00 8.669871794871795156e-01 0.000000000000000000e+00 9.163636363636363802e-01 0.000000000000000000e+00 8.280802292263610420e-01 0.000000000000000000e+00 
8.548445184715092182e-04 6.124092936515808105e-01 0.000000000000000000e+00 1.000000000000000000e+00 8.685897435897436125e-01 0.000000000000000000e+00 9.166666666666666297e-01 0.000000000000000000e+00 8.304597701149425415e-01 0.000000000000000000e+00 
8.573243394494056702e-04 6.120928525924682617e-01 0.000000000000000000e+00 1.000000000000000000e+00 8.685897435897436125e-01 0.000000000000000000e+00 9.136690647482014205e-01 0.000000000000000000e+00 8.323699421965318201e-01 0.000000000000000000e+00 
8.418606594204902649e-04 6.102877259254455566e-01 0.000000000000000000e+00 1.000000000000000000e+00 8.685897435897436125e-01 0.000000000000000000e+00 9.136690647482014205e-01 0.000000000000000000e+00 8.323699421965318201e-01 0.000000000000000000e+00 
8.425959385931491852e-04 6.078857779502868652e-01 0.000000000000000000e+00 1.000000000000000000e+00 8.717948717948718063e-01 0.000000000000000000e+00 9.142857142857142572e-01 0.000000000000000000e+00 8.372093023255814392e-01 0.000000000000000000e+00 
8.178285206668078899e-04 6.079087257385253906e-01 0.000000000000000000e+00 1.000000000000000000e+00 8.717948717948718063e-01 0.000000000000000000e+00 9.142857142857142572e-01 0.000000000000000000e+00 8.372093023255814392e-01 0.000000000000000000e+00 
8.063031709752976894e-04 6.082915663719177246e-01 0.000000000000000000e+00 1.000000000000000000e+00 8.717948717948718063e-01 0.000000000000000000e+00 9.142857142857142572e-01 0.000000000000000000e+00 8.372093023255814392e-01 0.000000000000000000e+00 
7.997175562195479870e-04 6.079741120338439941e-01 0.000000000000000000e+00 1.000000000000000000e+00 8.717948717948718063e-01 0.000000000000000000e+00 9.142857142857142572e-01 0.000000000000000000e+00 8.372093023255814392e-01 0.000000000000000000e+00 
7.904929225333034992e-04 6.069807410240173340e-01 0.000000000000000000e+00 1.000000000000000000e+00 8.717948717948718063e-01 0.000000000000000000e+00 9.142857142857142572e-01 0.000000000000000000e+00 8.372093023255814392e-01 0.000000000000000000e+00 
7.781752501614391804e-04 6.060214042663574219e-01 0.000000000000000000e+00 1.000000000000000000e+00 8.717948717948718063e-01 0.000000000000000000e+00 9.142857142857142572e-01 0.000000000000000000e+00 8.372093023255814392e-01 0.000000000000000000e+00 
7.770070806145668030e-04 6.048599481582641602e-01 0.000000000000000000e+00 1.000000000000000000e+00 8.717948717948718063e-01 0.000000000000000000e+00 9.142857142857142572e-01 0.000000000000000000e+00 8.372093023255814392e-01 0.000000000000000000e+00 
7.748587522655725479e-04 6.037102937698364258e-01 0.000000000000000000e+00 1.000000000000000000e+00 8.717948717948718063e-01 0.000000000000000000e+00 9.142857142857142572e-01 0.000000000000000000e+00 8.372093023255814392e-01 0.000000000000000000e+00 
7.480589556507766247e-04 6.022247076034545898e-01 0.000000000000000000e+00 1.000000000000000000e+00 8.717948717948718063e-01 0.000000000000000000e+00 9.142857142857142572e-01 0.000000000000000000e+00 8.372093023255814392e-01 0.000000000000000000e+00 
7.573048933409154415e-04 6.000834107398986816e-01 0.000000000000000000e+00 1.000000000000000000e+00 8.717948717948718063e-01 0.000000000000000000e+00 9.142857142857142572e-01 0.000000000000000000e+00 8.372093023255814392e-01 0.000000000000000000e+00 
7.295056129805743694e-04 5.991104841232299805e-01 0.000000000000000000e+00 1.000000000000000000e+00 8.733974358974359031e-01 0.000000000000000000e+00 9.145907473309609070e-01 0.000000000000000000e+00 8.396501457725947803e-01 0.000000000000000000e+00 
7.300264551304280758e-04 5.992556810379028320e-01 0.000000000000000000e+00 1.000000000000000000e+00 8.733974358974359031e-01 0.000000000000000000e+00 9.145907473309609070e-01 0.000000000000000000e+00 8.396501457725947803e-01 0.000000000000000000e+00 
7.125220145098865032e-04 5.983835458755493164e-01 0.000000000000000000e+00 1.000000000000000000e+00 8.733974358974359031e-01 0.000000000000000000e+00 9.145907473309609070e-01 0.000000000000000000e+00 8.396501457725947803e-01 0.000000000000000000e+00 
7.135241176001727581e-04 5.966705679893493652e-01 0.000000000000000000e+00 1.000000000000000000e+00 8.733974358974359031e-01 0.000000000000000000e+00 9.145907473309609070e-01 0.000000000000000000e+00 8.396501457725947803e-01 0.000000000000000000e+00 
7.169213495217263699e-04 5.950523018836975098e-01 0.000000000000000000e+00 1.000000000000000000e+00 8.733974358974359031e-01 0.000000000000000000e+00 9.145907473309609070e-01 0.000000000000000000e+00 8.396501457725947803e-01 0.000000000000000000e+00 
7.000786135904490948e-04 5.939646959304809570e-01 0.000000000000000000e+00 1.000000000000000000e+00 8.733974358974359031e-01 0.000000000000000000e+00 9.145907473309609070e-01 0.000000000000000000e+00 8.396501457725947803e-01 0.000000000000000000e+00 
7.004383951425552368e-04 5.923375487327575684e-01 0.000000000000000000e+00 1.000000000000000000e+00 8.733974358974359031e-01 0.000000000000000000e+00 9.145907473309609070e-01 0.000000000000000000e+00 8.396501457725947803e-01 0.000000000000000000e+00 
6.835588137619197369e-04 5.899139046669006348e-01 0.000000000000000000e+00 1.000000000000000000e+00 8.733974358974359031e-01 0.000000000000000000e+00 9.145907473309609070e-01 0.000000000000000000e+00 8.396501457725947803e-01 0.000000000000000000e+00 
6.851986981928348541e-04 5.888017416000366211e-01 0.000000000000000000e+00 1.000000000000000000e+00 8.733974358974359031e-01 0.000000000000000000e+00 9.145907473309609070e-01 0.000000000000000000e+00 8.396501457725947803e-01 0.000000000000000000e+00 
6.721290410496294498e-04 5.977703332901000977e-01 0.000000000000000000e+00 1.000000000000000000e+00 8.733974358974359031e-01 0.000000000000000000e+00 9.145907473309609070e-01 0.000000000000000000e+00 8.396501457725947803e-01 0.000000000000000000e+00 
6.552982958965003490e-04 5.963215827941894531e-01 0.000000000000000000e+00 1.000000000000000000e+00 8.733974358974359031e-01 0.000000000000000000e+00 9.145907473309609070e-01 0.000000000000000000e+00 8.396501457725947803e-01 0.000000000000000000e+00 
6.567129748873412609e-04 5.927810668945312500e-01 0.000000000000000000e+00 1.000000000000000000e+00 8.717948717948718063e-01 0.000000000000000000e+00 9.113475177304964925e-01 0.000000000000000000e+00 8.391812865497075835e-01 0.000000000000000000e+00 
6.503159529529511929e-04 5.902093648910522461e-01 0.000000000000000000e+00 1.000000000000000000e+00 8.717948717948718063e-01 0.000000000000000000e+00 9.113475177304964925e-01 0.000000000000000000e+00 8.391812865497075835e-01 0.000000000000000000e+00 
6.443966412916779518e-04 5.871946215629577637e-01 0.000000000000000000e+00 1.000000000000000000e+00 8.717948717948718063e-01 0.000000000000000000e+00 9.113475177304964925e-01 0.000000000000000000e+00 8.391812865497075835e-01 0.000000000000000000e+00 
6.324733840301632881e-04 5.843992233276367188e-01 0.000000000000000000e+00 1.000000000000000000e+00 8.717948717948718063e-01 0.000000000000000000e+00 9.113475177304964925e-01 0.000000000000000000e+00 8.391812865497075835e-01 0.000000000000000000e+00 
6.384560256265103817e-04 5.817816853523254395e-01 0.000000000000000000e+00 1.000000000000000000e+00 8.733974358974359031e-01 0.000000000000000000e+00 9.087719298245614530e-01 0.000000000000000000e+00 8.436578171091445588e-01 0.000000000000000000e+00 
6.250182050280272961e-04 5.737655758857727051e-01 0.000000000000000000e+00 1.000000000000000000e+00 8.733974358974359031e-01 0.000000000000000000e+00 9.059233449477351874e-01 0.000000000000000000e+00 8.456973293768546007e-01 0.000000000000000000e+00 
6.028545903973281384e-04 5.701435804367065430e-01 0.000000000000000000e+00 1.000000000000000000e+00 8.733974358974359031e-01 0.000000000000000000e+00 9.059233449477351874e-01 0.000000000000000000e+00 8.456973293768546007e-01 0.000000000000000000e+00 
6.071391399018466473e-04 5.677710771560668945e-01 0.000000000000000000e+00 1.000000000000000000e+00 8.733974358974359031e-01 0.000000000000000000e+00 9.059233449477351874e-01 0.000000000000000000e+00 8.456973293768546007e-01 0.000000000000000000e+00 
5.879637901671230793e-04 5.652065873146057129e-01 0.000000000000000000e+00 1.000000000000000000e+00 8.717948717948718063e-01 0.000000000000000000e+00 9.027777777777777901e-01 0.000000000000000000e+00 8.452380952380952328e-01 0.000000000000000000e+00 
5.913850036449730396e-04 5.625747442245483398e-01 0.000000000000000000e+00 1.000000000000000000e+00 8.733974358974359031e-01 0.000000000000000000e+00 9.003436426116838698e-01 0.000000000000000000e+00 8.498498498498499032e-01 0.000000000000000000e+00 
5.934577202424407005e-04 5.599741339683532715e-01 0.000000000000000000e+00 1.000000000000000000e+00 8.733974358974359031e-01 0.000000000000000000e+00 9.003436426116838698e-01 0.000000000000000000e+00 8.498498498498499032e-01 0.000000000000000000e+00 
5.703850765712559223e-04 5.578832626342773438e-01 0.000000000000000000e+00 1.000000000000000000e+00 8.733974358974359031e-01 0.000000000000000000e+00 9.003436426116838698e-01 0.000000000000000000e+00 8.498498498498499032e-01 0.000000000000000000e+00 
5.671664257533848286e-04 5.555304288864135742e-01 0.000000000000000000e+00 1.000000000000000000e+00 8.717948717948718063e-01 0.000000000000000000e+00 8.972602739726027732e-01 0.000000000000000000e+00 8.493975903614457978e-01 0.000000000000000000e+00 
5.826095584779977798e-04 5.537116527557373047e-01 0.000000000000000000e+00 1.000000000000000000e+00 8.733974358974359031e-01 0.000000000000000000e+00 8.976109215017065157e-01 0.000000000000000000e+00 8.519637462235649661e-01 0.000000000000000000e+00 
5.504928412847220898e-04 5.528703331947326660e-01 0.000000000000000000e+00 1.000000000000000000e+00 8.733974358974359031e-01 0.000000000000000000e+00 8.976109215017065157e-01 0.000000000000000000e+00 8.519637462235649661e-01 0.000000000000000000e+00 
5.466461880132555962e-04 5.507274866104125977e-01 0.000000000000000000e+00 1.000000000000000000e+00 8.733974358974359031e-01 0.000000000000000000e+00 8.976109215017065157e-01 0.000000000000000000e+00 8.519637462235649661e-01 0.000000000000000000e+00 
5.518211401067674160e-04 5.740545988082885742e-01 0.000000000000000000e+00 1.000000000000000000e+00 8.750000000000000000e-01 0.000000000000000000e+00 9.062500000000000000e-01 0.000000000000000000e+00 8.482142857142856984e-01 0.000000000000000000e+00 
5.424416740424931049e-04 5.715504884719848633e-01 0.000000000000000000e+00 1.000000000000000000e+00 8.750000000000000000e-01 0.000000000000000000e+00 9.062500000000000000e-01 0.000000000000000000e+00 8.482142857142856984e-01 0.000000000000000000e+00 
5.381935625337064266e-04 5.670097470283508301e-01 0.000000000000000000e+00 1.000000000000000000e+00 8.766025641025640969e-01 0.000000000000000000e+00 9.065743944636678320e-01 0.000000000000000000e+00 8.507462686567164312e-01 0.000000000000000000e+00 
5.288863903842866421e-04 5.606042742729187012e-01 0.000000000000000000e+00 1.000000000000000000e+00 8.766025641025640969e-01 0.000000000000000000e+00 9.065743944636678320e-01 0.000000000000000000e+00 8.507462686567164312e-01 0.000000000000000000e+00 
5.166160990484058857e-04 5.555695891380310059e-01 0.000000000000000000e+00 1.000000000000000000e+00 8.750000000000000000e-01 0.000000000000000000e+00 9.006849315068493622e-01 0.000000000000000000e+00 8.524096385542169196e-01 0.000000000000000000e+00 
5.096415989100933075e-04 5.514615178108215332e-01 0.000000000000000000e+00 1.000000000000000000e+00 8.750000000000000000e-01 0.000000000000000000e+00 9.006849315068493622e-01 0.000000000000000000e+00 8.524096385542169196e-01 0.000000000000000000e+00 
5.037855589762330055e-04 5.471168756484985352e-01 0.000000000000000000e+00 1.000000000000000000e+00 8.733974358974359031e-01 0.000000000000000000e+00 8.976109215017065157e-01 0.000000000000000000e+00 8.519637462235649661e-01 0.000000000000000000e+00 
5.015090573579072952e-04 5.427539348602294922e-01 0.000000000000000000e+00 1.000000000000000000e+00 8.733974358974359031e-01 0.000000000000000000e+00 8.949152542372881269e-01 0.000000000000000000e+00 8.541033434650455725e-01 0.000000000000000000e+00 
4.853104182984679937e-04 5.399788022041320801e-01 0.000000000000000000e+00 1.000000000000000000e+00 8.717948717948718063e-01 0.000000000000000000e+00 8.918918918918918859e-01 0.000000000000000000e+00 8.536585365853658347e-01 0.000000000000000000e+00 
4.826375225093215704e-04 5.403180122375488281e-01 0.000000000000000000e+00 1.000000000000000000e+00 8.733974358974359031e-01 0.000000000000000000e+00 8.949152542372881269e-01 0.000000000000000000e+00 8.541033434650455725e-01 0.000000000000000000e+00 
4.833802231587469578e-04 7.204536199569702148e-01 0.000000000000000000e+00 1.000000000000000000e+00 8.445512820512820484e-01 0.000000000000000000e+00 9.215686274509803377e-01 0.000000000000000000e+00 7.913279132791327664e-01 0.000000000000000000e+00 
5.135062383487820625e-04 5.324019193649291992e-01 0.000000000000000000e+00 1.000000000000000000e+00 8.750000000000000000e-01 0.000000000000000000e+00 8.567073170731707155e-01 0.000000000000000000e+00 8.952702702702702853e-01 0.000000000000000000e+00 
5.063251592218875885e-04 4.588332474231719971e-01 0.000000000000000000e+00 1.000000000000000000e+00 8.750000000000000000e-01 0.000000000000000000e+00 8.823529411764705621e-01 0.000000000000000000e+00 8.679245283018868218e-01 0.000000000000000000e+00 
4.966589040122926235e-04 5.062044858932495117e-01 0.000000000000000000e+00 1.000000000000000000e+00 8.926282051282051766e-01 0.000000000000000000e+00 9.328621908127208151e-01 0.000000000000000000e+00 8.592375366568915096e-01 0.000000000000000000e+00 
4.970168811269104481e-04 5.159908533096313477e-01 0.000000000000000000e+00 1.000000000000000000e+00 8.910256410256410797e-01 0.000000000000000000e+00 9.357142857142857206e-01 0.000000000000000000e+00 8.546511627906976383e-01 0.000000000000000000e+00 
5.023013218306005001e-04 5.160554647445678711e-01 0.000000000000000000e+00 1.000000000000000000e+00 8.894230769230768718e-01 0.000000000000000000e+00 9.323843416370106718e-01 0.000000000000000000e+00 8.542274052478133761e-01 0.000000000000000000e+00 
4.900697967968881130e-04 5.143813490867614746e-01 0.000000000000000000e+00 1.000000000000000000e+00 8.926282051282051766e-01 0.000000000000000000e+00 9.328621908127208151e-01 0.000000000000000000e+00 8.592375366568915096e-01 0.000000000000000000e+00 
5.793871241621673107e-04 5.122036337852478027e-01 0.000000000000000000e+00 1.000000000000000000e+00 8.926282051282051766e-01 0.000000000000000000e+00 9.328621908127208151e-01 0.000000000000000000e+00 8.592375366568915096e-01 0.000000000000000000e+00 
4.868242831435054541e-04 5.094711780548095703e-01 0.000000000000000000e+00 1.000000000000000000e+00 8.926282051282051766e-01 0.000000000000000000e+00 9.328621908127208151e-01 0.000000000000000000e+00 8.592375366568915096e-01 0.000000000000000000e+00 
