5.898988246917724609e-01 6.037253141403198242e-01 0.000000000000000000e+00 6.500000000000000222e-01 6.987179487179486781e-01 0.000000000000000000e+00 7.080536912751678180e-01 0.000000000000000000e+00 6.901840490797546135e-01 0.000000000000000000e+00 
2.588444650173187256e-01 4.611421823501586914e-01 0.000000000000000000e+00 9.250000000000000444e-01 8.092948717948718063e-01 0.000000000000000000e+00 8.641509433962264453e-01 0.000000000000000000e+00 7.688022284122563166e-01 0.000000000000000000e+00 
1.234818026423454285e-01 4.069458842277526855e-01 0.000000000000000000e+00 9.749999999999999778e-01 8.477564102564102422e-01 0.000000000000000000e+00 9.578059071729957408e-01 0.000000000000000000e+00 7.803617571059431324e-01 0.000000000000000000e+00 
2.682478725910186768e-02 3.530488014221191406e-01 0.000000000000000000e+00 1.000000000000000000e+00 8.814102564102563875e-01 0.000000000000000000e+00 9.507575757575758013e-01 0.000000000000000000e+00 8.305555555555556024e-01 0.000000000000000000e+00 
1.286079268902540207e-02 3.303705751895904541e-01 0.000000000000000000e+00 1.000000000000000000e+00 8.958333333333333703e-01 0.000000000000000000e+00 9.426523297491039566e-01 0.000000000000000000e+00 8.579710144927535920e-01 0.000000000000000000e+00 
9.440163150429725647e-03 3.845836520195007324e-01 0.000000000000000000e+00 1.000000000000000000e+00 8.862179487179486781e-01 0.000000000000000000e+00 9.581749049429657550e-01 0.000000000000000000e+00 8.337950138504155451e-01 0.000000000000000000e+00 
6.744531448930501938e-03 3.354771435260772705e-01 0.000000000000000000e+00 1.000000000000000000e+00 9.054487179487179516e-01 0.000000000000000000e+00 9.377162629757785917e-01 0.000000000000000000e+00 8.776119402985074203e-01 0.000000000000000000e+00 
5.334489047527313232e-03 4.116049706935882568e-01 0.000000000000000000e+00 1.000000000000000000e+00 8.862179487179486781e-01 0.000000000000000000e+00 9.581749049429657550e-01 0.000000000000000000e+00 8.337950138504155451e-01 0.000000000000000000e+00 
8.778539486229419708e-03 3.879317045211791992e-01 0.000000000000000000e+00 1.000000000000000000e+00 9.038461538461538547e-01 0.000000000000000000e+00 9.565217391304348116e-01 0.000000000000000000e+00 8.620689655172413257e-01 0.000000000000000000e+00 
5.254089832305908203e-03 3.948387801647186279e-01 0.000000000000000000e+00 1.000000000000000000e+00 9.022435897435897578e-01 0.000000000000000000e+00 9.563636363636364157e-01 0.000000000000000000e+00 8.595988538681947899e-01 0.000000000000000000e+00 
3.945089410990476608e-03 3.311801254749298096e-01 0.000000000000000000e+00 1.000000000000000000e+00 9.134615384615384359e-01 0.000000000000000000e+00 9.328859060402684422e-01 0.000000000000000000e+00 8.957055214723926850e-01 0.000000000000000000e+00 
3.336686408147215843e-03 3.689073920249938965e-01 0.000000000000000000e+00 1.000000000000000000e+00 9.134615384615384359e-01 0.000000000000000000e+00 9.574468085106383475e-01 0.000000000000000000e+00 8.771929824561403022e-01 0.000000000000000000e+00 
2.774225315079092979e-03 3.470321595668792725e-01 0.000000000000000000e+00 1.000000000000000000e+00 9.166666666666666297e-01 0.000000000000000000e+00 9.482758620689655249e-01 0.000000000000000000e+00 8.892215568862275044e-01 0.000000000000000000e+00 
2.666335785761475563e-03 3.960310816764831543e-01 0.000000000000000000e+00 1.000000000000000000e+00 9.102564102564102422e-01 0.000000000000000000e+00 9.604316546762590168e-01 0.000000000000000000e+00 8.699421965317919447e-01 0.000000000000000000e+00 
2.381535712629556656e-03 4.002819061279296875e-01 0.000000000000000000e+00 1.000000000000000000e+00 9.102564102564102422e-01 0.000000000000000000e+00 9.604316546762590168e-01 0.000000000000000000e+00 8.699421965317919447e-01 0.000000000000000000e+00 
2.193437656387686729e-03 4.003155827522277832e-01 0.000000000000000000e+00 1.000000000000000000e+00 9.134615384615384359e-01 0.000000000000000000e+00 9.607142857142857428e-01 0.000000000000000000e+00 8.750000000000000000e-01 0.000000000000000000e+00 
2.049768110737204552e-03 4.035327136516571045e-01 0.000000000000000000e+00 1.000000000000000000e+00 9.134615384615384359e-01 0.000000000000000000e+00 9.607142857142857428e-01 0.000000000000000000e+00 8.750000000000000000e-01 0.000000000000000000e+00 
1.963039627298712730e-03 4.058496057987213135e-01 0.000000000000000000e+00 1.000000000000000000e+00 9.150641025641025328e-01 0.000000000000000000e+00 9.608540925266904065e-01 0.000000000000000000e+00 8.775510204081632404e-01 0.000000000000000000e+00 
1.779578626155853271e-03 3.645218908786773682e-01 0.000000000000000000e+00 1.000000000000000000e+00 9.150641025641025328e-01 0.000000000000000000e+00 9.419795221843003663e-01 0.000000000000000000e+00 8.912386706948640658e-01 0.000000000000000000e+00 
1.643060939386487007e-03 4.605495333671569824e-01 0.000000000000000000e+00 1.000000000000000000e+00 8.990384615384615641e-01 0.000000000000000000e+00 9.662921348314607028e-01 0.000000000000000000e+00 8.487394957983193100e-01 0.000000000000000000e+00 
1.655258121900260448e-03 4.469916224479675293e-01 0.000000000000000000e+00 1.000000000000000000e+00 9.022435897435897578e-01 0.000000000000000000e+00 9.630996309963099078e-01 0.000000000000000000e+00 8.555240793201133176e-01 0.000000000000000000e+00 
1.486970693804323673e-03 4.375265240669250488e-01 0.000000000000000000e+00 1.000000000000000000e+00 9.054487179487179516e-01 0.000000000000000000e+00 9.633699633699633891e-01 0.000000000000000000e+00 8.603988603988603767e-01 0.000000000000000000e+00 
1.416412997059524059e-03 4.352500736713409424e-01 0.000000000000000000e+00 1.000000000000000000e+00 9.086538461538461453e-01 0.000000000000000000e+00 9.602888086642599186e-01 0.000000000000000000e+00 8.674351585014409283e-01 0.000000000000000000e+00 
1.366956508718430996e-03 4.353494048118591309e-01 0.000000000000000000e+00 1.000000000000000000e+00 9.102564102564102422e-01 0.000000000000000000e+00 9.604316546762590168e-01 0.000000000000000000e+00 8.699421965317919447e-01 0.000000000000000000e+00 
1.340900664217770100e-03 4.441464841365814209e-01 0.000000000000000000e+00 1.000000000000000000e+00 9.086538461538461453e-01 0.000000000000000000e+00 9.636363636363636243e-01 0.000000000000000000e+00 8.653295128939828551e-01 0.000000000000000000e+00 
1.188016380183398724e-03 4.425128102302551270e-01 0.000000000000000000e+00 1.000000000000000000e+00 9.102564102564102422e-01 0.000000000000000000e+00 9.604316546762590168e-01 0.000000000000000000e+00 8.699421965317919447e-01 0.000000000000000000e+00 
1.146805123426020145e-03 4.436487257480621338e-01 0.000000000000000000e+00 1.000000000000000000e+00 9.118589743589743390e-01 0.000000000000000000e+00 9.605734767025089216e-01 0.000000000000000000e+00 8.724637681159420621e-01 0.000000000000000000e+00 
1.159572624601423740e-03 4.381733536720275879e-01 0.000000000000000000e+00 1.000000000000000000e+00 9.150641025641025328e-01 0.000000000000000000e+00 9.608540925266904065e-01 0.000000000000000000e+00 8.775510204081632404e-01 0.000000000000000000e+00 
1.059486297890543938e-03 4.392837285995483398e-01 0.000000000000000000e+00 1.000000000000000000e+00 9.150641025641025328e-01 0.000000000000000000e+00 9.608540925266904065e-01 0.000000000000000000e+00 8.775510204081632404e-01 0.000000000000000000e+00 
1.041614334098994732e-03 4.404784142971038818e-01 0.000000000000000000e+00 1.000000000000000000e+00 9.150641025641025328e-01 0.000000000000000000e+00 9.608540925266904065e-01 0.000000000000000000e+00 8.775510204081632404e-01 0.000000000000000000e+00 
9.968925733119249344e-04 4.434385001659393311e-01 0.000000000000000000e+00 1.000000000000000000e+00 9.150641025641025328e-01 0.000000000000000000e+00 9.608540925266904065e-01 0.000000000000000000e+00 8.775510204081632404e-01 0.000000000000000000e+00 
9.301920654252171516e-04 5.042362213134765625e-01 0.000000000000000000e+00 1.000000000000000000e+00 9.006410256410256610e-01 0.000000000000000000e+00 9.699248120300751896e-01 0.000000000000000000e+00 8.491620111731843501e-01 0.000000000000000000e+00 
9.490551310591399670e-04 5.414967536926269531e-01 0.000000000000000000e+00 1.000000000000000000e+00 8.910256410256410797e-01 0.000000000000000000e+00 9.692307692307692291e-01 0.000000000000000000e+00 8.351648351648351953e-01 0.000000000000000000e+00 
8.016669307835400105e-04 5.118423104286193848e-01 0.000000000000000000e+00 1.000000000000000000e+00 9.006410256410256610e-01 0.000000000000000000e+00 9.699248120300751896e-01 0.000000000000000000e+00 8.491620111731843501e-01 0.000000000000000000e+00 
6.769382744096219540e-04 4.996159076690673828e-01 0.000000000000000000e+00 1.000000000000000000e+00 9.038461538461538547e-01 0.000000000000000000e+00 9.632352941176470784e-01 0.000000000000000000e+00 8.579545454545454142e-01 0.000000000000000000e+00 
6.181075586937367916e-04 4.946340024471282959e-01 0.000000000000000000e+00 1.000000000000000000e+00 9.054487179487179516e-01 0.000000000000000000e+00 9.633699633699633891e-01 0.000000000000000000e+00 8.603988603988603767e-01 0.000000000000000000e+00 
6.114416755735874176e-04 4.894698858261108398e-01 0.000000000000000000e+00 1.000000000000000000e+00 9.118589743589743390e-01 0.000000000000000000e+00 9.638989169675090674e-01 0.000000000000000000e+00 8.703170028818443260e-01 0.000000000000000000e+00 
5.432949401438236237e-04 4.889688789844512939e-01 0.000000000000000000e+00 1.000000000000000000e+00 9.118589743589743390e-01 0.000000000000000000e+00 9.638989169675090674e-01 0.000000000000000000e+00 8.703170028818443260e-01 0.000000000000000000e+00 
5.116338143125176430e-04 4.927750527858734131e-01 0.000000000000000000e+00 1.000000000000000000e+00 9.118589743589743390e-01 0.000000000000000000e+00 9.638989169675090674e-01 0.000000000000000000e+00 8.703170028818443260e-01 0.000000000000000000e+00 
5.580526194535195827e-04 4.029912650585174561e-01 0.000000000000000000e+00 1.000000000000000000e+00 9.262820512820513219e-01 0.000000000000000000e+00 9.235668789808917367e-01 0.000000000000000000e+00 9.290322580645161699e-01 0.000000000000000000e+00 
4.556787316687405109e-04 4.528134763240814209e-01 0.000000000000000000e+00 1.000000000000000000e+00 9.182692307692307265e-01 0.000000000000000000e+00 9.611307420494699105e-01 0.000000000000000000e+00 8.826979472140762395e-01 0.000000000000000000e+00 
4.345112538430839777e-04 4.728021025657653809e-01 0.000000000000000000e+00 1.000000000000000000e+00 9.166666666666666297e-01 0.000000000000000000e+00 9.609929078014184389e-01 0.000000000000000000e+00 8.801169590643275198e-01 0.000000000000000000e+00 
4.342590109445154667e-04 4.791367352008819580e-01 0.000000000000000000e+00 1.000000000000000000e+00 9.166666666666666297e-01 0.000000000000000000e+00 9.609929078014184389e-01 0.000000000000000000e+00 8.801169590643275198e-01 0.000000000000000000e+00 
4.173746856395155191e-04 4.842500090599060059e-01 0.000000000000000000e+00 1.000000000000000000e+00 9.166666666666666297e-01 0.000000000000000000e+00 9.609929078014184389e-01 0.000000000000000000e+00 8.801169590643275198e-01 0.000000000000000000e+00 
4.060024512000381947e-04 4.884823560714721680e-01 0.000000000000000000e+00 1.000000000000000000e+00 9.150641025641025328e-01 0.000000000000000000e+00 9.608540925266904065e-01 0.000000000000000000e+00 8.775510204081632404e-01 0.000000000000000000e+00 
3.817034303210675716e-04 4.925279021263122559e-01 0.000000000000000000e+00 1.000000000000000000e+00 9.150641025641025328e-01 0.000000000000000000e+00 9.608540925266904065e-01 0.000000000000000000e+00 8.775510204081632404e-01 0.000000000000000000e+00 
3.792209026869386435e-04 4.963180422782897949e-01 0.000000000000000000e+00 1.000000000000000000e+00 9.150641025641025328e-01 0.000000000000000000e+00 9.608540925266904065e-01 0.000000000000000000e+00 8.775510204081632404e-01 0.000000000000000000e+00 
3.685634583234786987e-04 4.997419416904449463e-01 0.000000000000000000e+00 1.000000000000000000e+00 9.134615384615384359e-01 0.000000000000000000e+00 9.607142857142857428e-01 0.000000000000000000e+00 8.750000000000000000e-01 0.000000000000000000e+00 
3.788835892919450998e-04 5.039777755737304688e-01 0.000000000000000000e+00 1.000000000000000000e+00 9.134615384615384359e-01 0.000000000000000000e+00 9.607142857142857428e-01 0.000000000000000000e+00 8.750000000000000000e-01 0.000000000000000000e+00 
3.553267742972820997e-04 5.063175559043884277e-01 0.000000000000000000e+00 1.000000000000000000e+00 9.134615384615384359e-01 0.000000000000000000e+00 9.607142857142857428e-01 0.000000000000000000e+00 8.750000000000000000e-01 0.000000000000000000e+00 
3.444123140070587397e-04 4.993709623813629150e-01 0.000000000000000000e+00 1.000000000000000000e+00 9.150641025641025328e-01 0.000000000000000000e+00 9.608540925266904065e-01 0.000000000000000000e+00 8.775510204081632404e-01 0.000000000000000000e+00 
3.347088058944791555e-04 4.977531433105468750e-01 0.000000000000000000e+00 1.000000000000000000e+00 9.150641025641025328e-01 0.000000000000000000e+00 9.608540925266904065e-01 0.000000000000000000e+00 8.775510204081632404e-01 0.000000000000000000e+00 
3.339334798511117697e-04 5.015744566917419434e-01 0.000000000000000000e+00 1.000000000000000000e+00 9.150641025641025328e-01 0.000000000000000000e+00 9.608540925266904065e-01 0.000000000000000000e+00 8.775510204081632404e-01 0.000000000000000000e+00 
3.434079408179968596e-04 5.047415494918823242e-01 0.000000000000000000e+00 1.000000000000000000e+00 9.150641025641025328e-01 0.000000000000000000e+00 9.608540925266904065e-01 0.000000000000000000e+00 8.775510204081632404e-01 0.000000000000000000e+00 
3.105001524090766907e-04 5.037609934806823730e-01 0.000000000000000000e+00 1.000000000000000000e+00 9.150641025641025328e-01 0.000000000000000000e+00 9.608540925266904065e-01 0.000000000000000000e+00 8.775510204081632404e-01 0.000000000000000000e+00 
3.004223108291625977e-04 4.981234669685363770e-01 0.000000000000000000e+00 1.000000000000000000e+00 9.166666666666666297e-01 0.000000000000000000e+00 9.609929078014184389e-01 0.000000000000000000e+00 8.801169590643275198e-01 0.000000000000000000e+00 
2.956884563900530338e-04 5.006732344627380371e-01 0.000000000000000000e+00 1.000000000000000000e+00 9.166666666666666297e-01 0.000000000000000000e+00 9.609929078014184389e-01 0.000000000000000000e+00 8.801169590643275198e-01 0.000000000000000000e+00 
2.935421071015298367e-04 5.048080682754516602e-01 0.000000000000000000e+00 1.000000000000000000e+00 9.166666666666666297e-01 0.000000000000000000e+00 9.609929078014184389e-01 0.000000000000000000e+00 8.801169590643275198e-01 0.000000000000000000e+00 
2.776481269393116236e-04 5.089136362075805664e-01 0.000000000000000000e+00 1.000000000000000000e+00 9.150641025641025328e-01 0.000000000000000000e+00 9.608540925266904065e-01 0.000000000000000000e+00 8.775510204081632404e-01 0.000000000000000000e+00 
2.758983464445918798e-04 5.142164826393127441e-01 0.000000000000000000e+00 1.000000000000000000e+00 9.134615384615384359e-01 0.000000000000000000e+00 9.607142857142857428e-01 0.000000000000000000e+00 8.750000000000000000e-01 0.000000000000000000e+00 
2.758902846835553646e-04 5.200837254524230957e-01 0.000000000000000000e+00 1.000000000000000000e+00 9.134615384615384359e-01 0.000000000000000000e+00 9.607142857142857428e-01 0.000000000000000000e+00 8.750000000000000000e-01 0.000000000000000000e+00 
2.781061921268701553e-04 5.322332978248596191e-01 0.000000000000000000e+00 1.000000000000000000e+00 9.086538461538461453e-01 0.000000000000000000e+00 9.602888086642599186e-01 0.000000000000000000e+00 8.674351585014409283e-01 0.000000000000000000e+00 
2.659804013092070818e-04 5.300852656364440918e-01 0.000000000000000000e+00 1.000000000000000000e+00 9.102564102564102422e-01 0.000000000000000000e+00 9.604316546762590168e-01 0.000000000000000000e+00 8.699421965317919447e-01 0.000000000000000000e+00 
2.577637496870011091e-04 5.248030424118041992e-01 0.000000000000000000e+00 1.000000000000000000e+00 9.134615384615384359e-01 0.000000000000000000e+00 9.607142857142857428e-01 0.000000000000000000e+00 8.750000000000000000e-01 0.000000000000000000e+00 
2.400483936071395874e-04 5.284866094589233398e-01 0.000000000000000000e+00 1.000000000000000000e+00 9.118589743589743390e-01 0.000000000000000000e+00 9.605734767025089216e-01 0.000000000000000000e+00 8.724637681159420621e-01 0.000000000000000000e+00 
2.401499077677726746e-04 5.334305763244628906e-01 0.000000000000000000e+00 1.000000000000000000e+00 9.118589743589743390e-01 0.000000000000000000e+00 9.605734767025089216e-01 0.000000000000000000e+00 8.724637681159420621e-01 0.000000000000000000e+00 
2.431850734865292907e-04 5.383250117301940918e-01 0.000000000000000000e+00 1.000000000000000000e+00 9.102564102564102422e-01 0.000000000000000000e+00 9.637681159420289356e-01 0.000000000000000000e+00 8.678160919540229834e-01 0.000000000000000000e+00 
2.264210052089765668e-04 5.336509943008422852e-01 0.000000000000000000e+00 1.000000000000000000e+00 9.118589743589743390e-01 0.000000000000000000e+00 9.605734767025089216e-01 0.000000000000000000e+00 8.724637681159420621e-01 0.000000000000000000e+00 
2.528999175410717726e-04 5.347216725349426270e-01 0.000000000000000000e+00 1.000000000000000000e+00 9.118589743589743390e-01 0.000000000000000000e+00 9.605734767025089216e-01 0.000000000000000000e+00 8.724637681159420621e-01 0.000000000000000000e+00 
2.258154563605785370e-04 5.357298254966735840e-01 0.000000000000000000e+00 1.000000000000000000e+00 9.118589743589743390e-01 0.000000000000000000e+00 9.605734767025089216e-01 0.000000000000000000e+00 8.724637681159420621e-01 0.000000000000000000e+00 
2.149086940335109830e-04 5.371326804161071777e-01 0.000000000000000000e+00 1.000000000000000000e+00 9.118589743589743390e-01 0.000000000000000000e+00 9.605734767025089216e-01 0.000000000000000000e+00 8.724637681159420621e-01 0.000000000000000000e+00 
2.117819240083917975e-04 5.411801934242248535e-01 0.000000000000000000e+00 1.000000000000000000e+00 9.118589743589743390e-01 0.000000000000000000e+00 9.605734767025089216e-01 0.000000000000000000e+00 8.724637681159420621e-01 0.000000000000000000e+00 
2.138448471669107676e-04 5.436996221542358398e-01 0.000000000000000000e+00 1.000000000000000000e+00 9.118589743589743390e-01 0.000000000000000000e+00 9.638989169675090674e-01 0.000000000000000000e+00 8.703170028818443260e-01 0.000000000000000000e+00 
2.050137700280174613e-04 5.489069819450378418e-01 0.000000000000000000e+00 1.000000000000000000e+00 9.102564102564102422e-01 0.000000000000000000e+00 9.637681159420289356e-01 0.000000000000000000e+00 8.678160919540229834e-01 0.000000000000000000e+00 
2.014158962992951274e-04 5.520456433296203613e-01 0.000000000000000000e+00 1.000000000000000000e+00 9.102564102564102422e-01 0.000000000000000000e+00 9.637681159420289356e-01 0.000000000000000000e+00 8.678160919540229834e-01 0.000000000000000000e+00 
4.375265166163444519e-02 4.277671873569488525e-01 0.000000000000000000e+00 9.749999999999999778e-01 9.246794871794872250e-01 0.000000000000000000e+00 9.206349206349205838e-01 0.000000000000000000e+00 9.288025889967637116e-01 0.000000000000000000e+00 
1.340258568525314331e-01 3.737297654151916504e-01 0.000000000000000000e+00 9.749999999999999778e-01 9.310897435897436125e-01 0.000000000000000000e+00 8.921282798833819472e-01 0.000000000000000000e+00 9.786476868327401712e-01 0.000000000000000000e+00 
2.844224218279123306e-04 3.293341696262359619e-01 0.000000000000000000e+00 1.000000000000000000e+00 9.310897435897436125e-01 0.000000000000000000e+00 9.786476868327401712e-01 0.000000000000000000e+00 8.921282798833819472e-01 0.000000000000000000e+00 
2.716221497394144535e-04 3.461229503154754639e-01 0.000000000000000000e+00 1.000000000000000000e+00 9.262820512820513219e-01 0.000000000000000000e+00 9.784172661870503829e-01 0.000000000000000000e+00 8.843930635838149756e-01 0.000000000000000000e+00 
2.700949262361973524e-04 3.489949405193328857e-01 0.000000000000000000e+00 1.000000000000000000e+00 9.262820512820513219e-01 0.000000000000000000e+00 9.784172661870503829e-01 0.000000000000000000e+00 8.843930635838149756e-01 0.000000000000000000e+00 
2.562005247455090284e-04 3.508078753948211670e-01 0.000000000000000000e+00 1.000000000000000000e+00 9.262820512820513219e-01 0.000000000000000000e+00 9.784172661870503829e-01 0.000000000000000000e+00 8.843930635838149756e-01 0.000000000000000000e+00 
2.475824730936437845e-04 3.521894812583923340e-01 0.000000000000000000e+00 1.000000000000000000e+00 9.262820512820513219e-01 0.000000000000000000e+00 9.784172661870503829e-01 0.000000000000000000e+00 8.843930635838149756e-01 0.000000000000000000e+00 
2.398203650955110788e-04 3.533324301242828369e-01 0.000000000000000000e+00 1.000000000000000000e+00 9.262820512820513219e-01 0.000000000000000000e+00 9.784172661870503829e-01 0.000000000000000000e+00 8.843930635838149756e-01 0.000000000000000000e+00 
2.510360791347920895e-04 3.547794222831726074e-01 0.000000000000000000e+00 1.000000000000000000e+00 9.262820512820513219e-01 0.000000000000000000e+00 9.784172661870503829e-01 0.000000000000000000e+00 8.843930635838149756e-01 0.000000000000000000e+00 
2.267762611154466867e-04 3.561604917049407959e-01 0.000000000000000000e+00 1.000000000000000000e+00 9.262820512820513219e-01 0.000000000000000000e+00 9.784172661870503829e-01 0.000000000000000000e+00 8.843930635838149756e-01 0.000000000000000000e+00 
2.239070163341239095e-04 3.576241135597229004e-01 0.000000000000000000e+00 1.000000000000000000e+00 9.262820512820513219e-01 0.000000000000000000e+00 9.784172661870503829e-01 0.000000000000000000e+00 8.843930635838149756e-01 0.000000000000000000e+00 
2.356569311814382672e-04 3.593147397041320801e-01 0.000000000000000000e+00 1.000000000000000000e+00 9.262820512820513219e-01 0.000000000000000000e+00 9.784172661870503829e-01 0.000000000000000000e+00 8.843930635838149756e-01 0.000000000000000000e+00 
2.207239012932404876e-04 3.608623445034027100e-01 0.000000000000000000e+00 1.000000000000000000e+00 9.262820512820513219e-01 0.000000000000000000e+00 9.784172661870503829e-01 0.000000000000000000e+00 8.843930635838149756e-01 0.000000000000000000e+00 
2.114249946316704154e-04 3.621762394905090332e-01 0.000000000000000000e+00 1.000000000000000000e+00 9.262820512820513219e-01 0.000000000000000000e+00 9.784172661870503829e-01 0.000000000000000000e+00 8.843930635838149756e-01 0.000000000000000000e+00 
2.168190258089452982e-04 3.640223145484924316e-01 0.000000000000000000e+00 1.000000000000000000e+00 9.262820512820513219e-01 0.000000000000000000e+00 9.784172661870503829e-01 0.000000000000000000e+00 8.843930635838149756e-01 0.000000000000000000e+00 
2.129956701537594199e-04 3.654724657535552979e-01 0.000000000000000000e+00 1.000000000000000000e+00 9.262820512820513219e-01 0.000000000000000000e+00 9.784172661870503829e-01 0.000000000000000000e+00 8.843930635838149756e-01 0.000000000000000000e+00 
1.999598316615447402e-04 3.667956292629241943e-01 0.000000000000000000e+00 1.000000000000000000e+00 9.262820512820513219e-01 0.000000000000000000e+00 9.784172661870503829e-01 0.000000000000000000e+00 8.843930635838149756e-01 0.000000000000000000e+00 
2.004029229283332825e-04 3.681385219097137451e-01 0.000000000000000000e+00 1.000000000000000000e+00 9.262820512820513219e-01 0.000000000000000000e+00 9.784172661870503829e-01 0.000000000000000000e+00 8.843930635838149756e-01 0.000000000000000000e+00 
1.993445039261132479e-04 3.689719438552856445e-01 0.000000000000000000e+00 1.000000000000000000e+00 9.262820512820513219e-01 0.000000000000000000e+00 9.784172661870503829e-01 0.000000000000000000e+00 8.843930635838149756e-01 0.000000000000000000e+00 
1.922707888297736645e-04 3.704445362091064453e-01 0.000000000000000000e+00 1.000000000000000000e+00 9.262820512820513219e-01 0.000000000000000000e+00 9.784172661870503829e-01 0.000000000000000000e+00 8.843930635838149756e-01 0.000000000000000000e+00 
1.869444531621411443e-04 3.716125190258026123e-01 0.000000000000000000e+00 1.000000000000000000e+00 9.262820512820513219e-01 0.000000000000000000e+00 9.784172661870503829e-01 0.000000000000000000e+00 8.843930635838149756e-01 0.000000000000000000e+00 
1.856684539234265685e-04 3.732002377510070801e-01 0.000000000000000000e+00 1.000000000000000000e+00 9.262820512820513219e-01 0.000000000000000000e+00 9.784172661870503829e-01 0.000000000000000000e+00 8.843930635838149756e-01 0.000000000000000000e+00 
1.838783355196937919e-04 3.744949996471405029e-01 0.000000000000000000e+00 1.000000000000000000e+00 9.262820512820513219e-01 0.000000000000000000e+00 9.784172661870503829e-01 0.000000000000000000e+00 8.843930635838149756e-01 0.000000000000000000e+00 
1.816249423427507281e-04 3.755435943603515625e-01 0.000000000000000000e+00 1.000000000000000000e+00 9.262820512820513219e-01 0.000000000000000000e+00 9.784172661870503829e-01 0.000000000000000000e+00 8.843930635838149756e-01 0.000000000000000000e+00 
1.801244507078081369e-04 3.763073086738586426e-01 0.000000000000000000e+00 1.000000000000000000e+00 9.294871794871795156e-01 0.000000000000000000e+00 9.785714285714285365e-01 0.000000000000000000e+00 8.895348837209302584e-01 0.000000000000000000e+00 
1.793504925444722176e-04 3.775012493133544922e-01 0.000000000000000000e+00 1.000000000000000000e+00 9.294871794871795156e-01 0.000000000000000000e+00 9.785714285714285365e-01 0.000000000000000000e+00 8.895348837209302584e-01 0.000000000000000000e+00 
1.851329143391922116e-04 3.787828683853149414e-01 0.000000000000000000e+00 1.000000000000000000e+00 9.294871794871795156e-01 0.000000000000000000e+00 9.785714285714285365e-01 0.000000000000000000e+00 8.895348837209302584e-01 0.000000000000000000e+00 
1.731551456032320857e-04 3.799865245819091797e-01 0.000000000000000000e+00 1.000000000000000000e+00 9.294871794871795156e-01 0.000000000000000000e+00 9.785714285714285365e-01 0.000000000000000000e+00 8.895348837209302584e-01 0.000000000000000000e+00 
1.663230650592595339e-04 3.811636865139007568e-01 0.000000000000000000e+00 1.000000000000000000e+00 9.294871794871795156e-01 0.000000000000000000e+00 9.785714285714285365e-01 0.000000000000000000e+00 8.895348837209302584e-01 0.000000000000000000e+00 
1.643750438233837485e-04 3.824118971824645996e-01 0.000000000000000000e+00 1.000000000000000000e+00 9.294871794871795156e-01 0.000000000000000000e+00 9.785714285714285365e-01 0.000000000000000000e+00 8.895348837209302584e-01 0.000000000000000000e+00 
1.699062413536012173e-04 3.834483921527862549e-01 0.000000000000000000e+00 1.000000000000000000e+00 9.294871794871795156e-01 0.000000000000000000e+00 9.785714285714285365e-01 0.000000000000000000e+00 8.895348837209302584e-01 0.000000000000000000e+00 
1.601323601789772511e-04 3.845369219779968262e-01 0.000000000000000000e+00 1.000000000000000000e+00 9.294871794871795156e-01 0.000000000000000000e+00 9.785714285714285365e-01 0.000000000000000000e+00 8.895348837209302584e-01 0.000000000000000000e+00 
1.599566749064251781e-04 3.857918381690979004e-01 0.000000000000000000e+00 1.000000000000000000e+00 9.294871794871795156e-01 0.000000000000000000e+00 9.785714285714285365e-01 0.000000000000000000e+00 8.895348837209302584e-01 0.000000000000000000e+00 
1.644820004003122449e-04 3.868974447250366211e-01 0.000000000000000000e+00 1.000000000000000000e+00 9.294871794871795156e-01 0.000000000000000000e+00 9.785714285714285365e-01 0.000000000000000000e+00 8.895348837209302584e-01 0.000000000000000000e+00 
1.512942399131134152e-04 3.878427445888519287e-01 0.000000000000000000e+00 1.000000000000000000e+00 9.294871794871795156e-01 0.000000000000000000e+00 9.785714285714285365e-01 0.000000000000000000e+00 8.895348837209302584e-01 0.000000000000000000e+00 
1.561663084430620074e-04 3.889026641845703125e-01 0.000000000000000000e+00 1.000000000000000000e+00 9.294871794871795156e-01 0.000000000000000000e+00 9.785714285714285365e-01 0.000000000000000000e+00 8.895348837209302584e-01 0.000000000000000000e+00 
1.518277276773005724e-04 3.678289055824279785e-01 0.000000000000000000e+00 1.000000000000000000e+00 9.310897435897436125e-01 0.000000000000000000e+00 9.786476868327401712e-01 0.000000000000000000e+00 8.921282798833819472e-01 0.000000000000000000e+00 
1.509857829660177231e-04 3.646822869777679443e-01 0.000000000000000000e+00 1.000000000000000000e+00 9.342948717948718063e-01 0.000000000000000000e+00 9.787985865724381229e-01 0.000000000000000000e+00 8.973607038123166957e-01 0.000000000000000000e+00 
1.441018248442560434e-04 3.655557930469512939e-01 0.000000000000000000e+00 1.000000000000000000e+00 9.342948717948718063e-01 0.000000000000000000e+00 9.787985865724381229e-01 0.000000000000000000e+00 8.973607038123166957e-01 0.000000000000000000e+00 
1.519220386398956180e-04 3.669548928737640381e-01 0.000000000000000000e+00 1.000000000000000000e+00 9.342948717948718063e-01 0.000000000000000000e+00 9.787985865724381229e-01 0.000000000000000000e+00 8.973607038123166957e-01 0.000000000000000000e+00 
1.411778357578441501e-04 3.682878017425537109e-01 0.000000000000000000e+00 1.000000000000000000e+00 9.342948717948718063e-01 0.000000000000000000e+00 9.787985865724381229e-01 0.000000000000000000e+00 8.973607038123166957e-01 0.000000000000000000e+00 
1.402315538143739104e-04 3.697205483913421631e-01 0.000000000000000000e+00 1.000000000000000000e+00 9.342948717948718063e-01 0.000000000000000000e+00 9.787985865724381229e-01 0.000000000000000000e+00 8.973607038123166957e-01 0.000000000000000000e+00 
1.358140725642442703e-04 3.708734214305877686e-01 0.000000000000000000e+00 1.000000000000000000e+00 9.342948717948718063e-01 0.000000000000000000e+00 9.787985865724381229e-01 0.000000000000000000e+00 8.973607038123166957e-01 0.000000000000000000e+00 
1.407649688189849257e-04 3.722019195556640625e-01 0.000000000000000000e+00 1.000000000000000000e+00 9.342948717948718063e-01 0.000000000000000000e+00 9.787985865724381229e-01 0.000000000000000000e+00 8.973607038123166957e-01 0.000000000000000000e+00 
1.361778267892077565e-04 3.733490705490112305e-01 0.000000000000000000e+00 1.000000000000000000e+00 9.342948717948718063e-01 0.000000000000000000e+00 9.787985865724381229e-01 0.000000000000000000e+00 8.973607038123166957e-01 0.000000000000000000e+00 
1.365296629955992103e-04 3.746830224990844727e-01 0.000000000000000000e+00 1.000000000000000000e+00 9.342948717948718063e-01 0.000000000000000000e+00 9.787985865724381229e-01 0.000000000000000000e+00 8.973607038123166957e-01 0.000000000000000000e+00 
1.347456855000928044e-04 3.761754333972930908e-01 0.000000000000000000e+00 1.000000000000000000e+00 9.310897435897436125e-01 0.000000000000000000e+00 9.786476868327401712e-01 0.000000000000000000e+00 8.921282798833819472e-01 0.000000000000000000e+00 
1.314996770815923810e-04 3.770793676376342773e-01 0.000000000000000000e+00 1.000000000000000000e+00 9.310897435897436125e-01 0.000000000000000000e+00 9.786476868327401712e-01 0.000000000000000000e+00 8.921282798833819472e-01 0.000000000000000000e+00 
1.292791421292349696e-04 3.783676624298095703e-01 0.000000000000000000e+00 1.000000000000000000e+00 9.310897435897436125e-01 0.000000000000000000e+00 9.786476868327401712e-01 0.000000000000000000e+00 8.921282798833819472e-01 0.000000000000000000e+00 
1.295189576921984553e-04 3.794690966606140137e-01 0.000000000000000000e+00 1.000000000000000000e+00 9.310897435897436125e-01 0.000000000000000000e+00 9.786476868327401712e-01 0.000000000000000000e+00 8.921282798833819472e-01 0.000000000000000000e+00 
1.293925888603553176e-04 3.806166648864746094e-01 0.000000000000000000e+00 1.000000000000000000e+00 9.310897435897436125e-01 0.000000000000000000e+00 9.786476868327401712e-01 0.000000000000000000e+00 8.921282798833819472e-01 0.000000000000000000e+00 
1.263715093955397606e-04 3.818882107734680176e-01 0.000000000000000000e+00 1.000000000000000000e+00 9.310897435897436125e-01 0.000000000000000000e+00 9.786476868327401712e-01 0.000000000000000000e+00 8.921282798833819472e-01 0.000000000000000000e+00 
1.226770255016162992e-04 3.831977546215057373e-01 0.000000000000000000e+00 1.000000000000000000e+00 9.310897435897436125e-01 0.000000000000000000e+00 9.786476868327401712e-01 0.000000000000000000e+00 8.921282798833819472e-01 0.000000000000000000e+00 
1.217204262502491474e-04 3.846372365951538086e-01 0.000000000000000000e+00 1.000000000000000000e+00 9.310897435897436125e-01 0.000000000000000000e+00 9.786476868327401712e-01 0.000000000000000000e+00 8.921282798833819472e-01 0.000000000000000000e+00 
1.231406349688768387e-04 3.859906494617462158e-01 0.000000000000000000e+00 1.000000000000000000e+00 9.310897435897436125e-01 0.000000000000000000e+00 9.786476868327401712e-01 0.000000000000000000e+00 8.921282798833819472e-01 0.000000000000000000e+00 
1.182210617116652429e-04 3.869447112083435059e-01 0.000000000000000000e+00 1.000000000000000000e+00 9.310897435897436125e-01 0.000000000000000000e+00 9.786476868327401712e-01 0.000000000000000000e+00 8.921282798833819472e-01 0.000000000000000000e+00 
1.195414733956567943e-04 3.877134025096893311e-01 0.000000000000000000e+00 1.000000000000000000e+00 9.310897435897436125e-01 0.000000000000000000e+00 9.786476868327401712e-01 0.000000000000000000e+00 8.921282798833819472e-01 0.000000000000000000e+00 
1.143685585702769458e-04 3.889063894748687744e-01 0.000000000000000000e+00 1.000000000000000000e+00 9.310897435897436125e-01 0.000000000000000000e+00 9.786476868327401712e-01 0.000000000000000000e+00 8.921282798833819472e-01 0.000000000000000000e+00 
1.114058468374423683e-04 3.897709548473358154e-01 0.000000000000000000e+00 1.000000000000000000e+00 9.310897435897436125e-01 0.000000000000000000e+00 9.786476868327401712e-01 0.000000000000000000e+00 8.921282798833819472e-01 0.000000000000000000e+00 
1.167874797829426825e-04 3.909401595592498779e-01 0.000000000000000000e+00 1.000000000000000000e+00 9.310897435897436125e-01 0.000000000000000000e+00 9.786476868327401712e-01 0.000000000000000000e+00 8.921282798833819472e-01 0.000000000000000000e+00 
1.122642788686789572e-04 3.920480906963348389e-01 0.000000000000000000e+00 1.000000000000000000e+00 9.310897435897436125e-01 0.000000000000000000e+00 9.786476868327401712e-01 0.000000000000000000e+00 8.921282798833819472e-01 0.000000000000000000e+00 
1.091495869331993163e-04 3.930476605892181396e-01 0.000000000000000000e+00 1.000000000000000000e+00 9.310897435897436125e-01 0.000000000000000000e+00 9.786476868327401712e-01 0.000000000000000000e+00 8.921282798833819472e-01 0.000000000000000000e+00 
1.117174979299306870e-04 3.941838741302490234e-01 0.000000000000000000e+00 1.000000000000000000e+00 9.310897435897436125e-01 0.000000000000000000e+00 9.786476868327401712e-01 0.000000000000000000e+00 8.921282798833819472e-01 0.000000000000000000e+00 
1.106026829802431166e-04 3.952648937702178955e-01 0.000000000000000000e+00 1.000000000000000000e+00 9.310897435897436125e-01 0.000000000000000000e+00 9.786476868327401712e-01 0.000000000000000000e+00 8.921282798833819472e-01 0.000000000000000000e+00 
1.084894101950339973e-04 3.962126672267913818e-01 0.000000000000000000e+00 1.000000000000000000e+00 9.310897435897436125e-01 0.000000000000000000e+00 9.786476868327401712e-01 0.000000000000000000e+00 8.921282798833819472e-01 0.000000000000000000e+00 
1.071750666596926749e-04 3.973205685615539551e-01 0.000000000000000000e+00 1.000000000000000000e+00 9.310897435897436125e-01 0.000000000000000000e+00 9.786476868327401712e-01 0.000000000000000000e+00 8.921282798833819472e-01 0.000000000000000000e+00 
1.076847329386509955e-04 3.986280560493469238e-01 0.000000000000000000e+00 1.000000000000000000e+00 9.310897435897436125e-01 0.000000000000000000e+00 9.786476868327401712e-01 0.000000000000000000e+00 8.921282798833819472e-01 0.000000000000000000e+00 
1.039679191308096051e-04 3.999828100204467773e-01 0.000000000000000000e+00 1.000000000000000000e+00 9.310897435897436125e-01 0.000000000000000000e+00 9.786476868327401712e-01 0.000000000000000000e+00 8.921282798833819472e-01 0.000000000000000000e+00 
1.004955993266776204e-04 4.011113047599792480e-01 0.000000000000000000e+00 1.000000000000000000e+00 9.310897435897436125e-01 0.000000000000000000e+00 9.786476868327401712e-01 0.000000000000000000e+00 8.921282798833819472e-01 0.000000000000000000e+00 
1.018472830764949322e-04 4.021911323070526123e-01 0.000000000000000000e+00 1.000000000000000000e+00 9.310897435897436125e-01 0.000000000000000000e+00 9.786476868327401712e-01 0.000000000000000000e+00 8.921282798833819472e-01 0.000000000000000000e+00 
9.897251584334298968e-05 4.032791852951049805e-01 0.000000000000000000e+00 1.000000000000000000e+00 9.310897435897436125e-01 0.000000000000000000e+00 9.786476868327401712e-01 0.000000000000000000e+00 8.921282798833819472e-01 0.000000000000000000e+00 
1.072828090400435030e-04 4.044907093048095703e-01 0.000000000000000000e+00 1.000000000000000000e+00 9.310897435897436125e-01 0.000000000000000000e+00 9.786476868327401712e-01 0.000000000000000000e+00 8.921282798833819472e-01 0.000000000000000000e+00 
9.854191739577800035e-05 4.056829810142517090e-01 0.000000000000000000e+00 1.000000000000000000e+00 9.310897435897436125e-01 0.000000000000000000e+00 9.786476868327401712e-01 0.000000000000000000e+00 8.921282798833819472e-01 0.000000000000000000e+00 
9.785485599422827363e-05 4.067312479019165039e-01 0.000000000000000000e+00 1.000000000000000000e+00 9.310897435897436125e-01 0.000000000000000000e+00 9.786476868327401712e-01 0.000000000000000000e+00 8.921282798833819472e-01 0.000000000000000000e+00 
9.537208097754046321e-05 4.075807034969329834e-01 0.000000000000000000e+00 1.000000000000000000e+00 9.310897435897436125e-01 0.000000000000000000e+00 9.786476868327401712e-01 0.000000000000000000e+00 8.921282798833819472e-01 0.000000000000000000e+00 
9.289377339882776141e-05 4.085506200790405273e-01 0.000000000000000000e+00 1.000000000000000000e+00 9.310897435897436125e-01 0.000000000000000000e+00 9.786476868327401712e-01 0.000000000000000000e+00 8.921282798833819472e-01 0.000000000000000000e+00 
9.275367483496665955e-05 4.094177186489105225e-01 0.000000000000000000e+00 1.000000000000000000e+00 9.310897435897436125e-01 0.000000000000000000e+00 9.786476868327401712e-01 0.000000000000000000e+00 8.921282798833819472e-01 0.000000000000000000e+00 
8.970159251475706697e-05 4.104983508586883545e-01 0.000000000000000000e+00 1.000000000000000000e+00 9.310897435897436125e-01 0.000000000000000000e+00 9.786476868327401712e-01 0.000000000000000000e+00 8.921282798833819472e-01 0.000000000000000000e+00 
9.301456157118082047e-05 4.115395247936248779e-01 0.000000000000000000e+00 1.000000000000000000e+00 9.294871794871795156e-01 0.000000000000000000e+00 9.785714285714285365e-01 0.000000000000000000e+00 8.895348837209302584e-01 0.000000000000000000e+00 
8.975384844234213233e-05 4.127415418624877930e-01 0.000000000000000000e+00 1.000000000000000000e+00 9.294871794871795156e-01 0.000000000000000000e+00 9.785714285714285365e-01 0.000000000000000000e+00 8.895348837209302584e-01 0.000000000000000000e+00 
9.303102706326171756e-05 4.138411581516265869e-01 0.000000000000000000e+00 1.000000000000000000e+00 9.294871794871795156e-01 0.000000000000000000e+00 9.785714285714285365e-01 0.000000000000000000e+00 8.895348837209302584e-01 0.000000000000000000e+00 
1.245582097908481956e-04 4.143626987934112549e-01 0.000000000000000000e+00 1.000000000000000000e+00 9.294871794871795156e-01 0.000000000000000000e+00 9.785714285714285365e-01 0.000000000000000000e+00 8.895348837209302584e-01 0.000000000000000000e+00 
8.708325185580179095e-05 4.122015237808227539e-01 0.000000000000000000e+00 1.000000000000000000e+00 9.310897435897436125e-01 0.000000000000000000e+00 9.786476868327401712e-01 0.000000000000000000e+00 8.921282798833819472e-01 0.000000000000000000e+00 
8.770472049945965409e-05 4.056690931320190430e-01 0.000000000000000000e+00 1.000000000000000000e+00 9.326923076923077094e-01 0.000000000000000000e+00 9.787234042553191182e-01 0.000000000000000000e+00 8.947368421052631637e-01 0.000000000000000000e+00 
8.428606815868988633e-05 4.059963822364807129e-01 0.000000000000000000e+00 1.000000000000000000e+00 9.326923076923077094e-01 0.000000000000000000e+00 9.787234042553191182e-01 0.000000000000000000e+00 8.947368421052631637e-01 0.000000000000000000e+00 
8.388220885535702109e-05 4.072671532630920410e-01 0.000000000000000000e+00 1.000000000000000000e+00 9.326923076923077094e-01 0.000000000000000000e+00 9.787234042553191182e-01 0.000000000000000000e+00 8.947368421052631637e-01 0.000000000000000000e+00 
8.283902570838108659e-05 4.084539115428924561e-01 0.000000000000000000e+00 1.000000000000000000e+00 9.326923076923077094e-01 0.000000000000000000e+00 9.787234042553191182e-01 0.000000000000000000e+00 8.947368421052631637e-01 0.000000000000000000e+00 
8.070500189205631614e-05 4.095858633518218994e-01 0.000000000000000000e+00 1.000000000000000000e+00 9.326923076923077094e-01 0.000000000000000000e+00 9.787234042553191182e-01 0.000000000000000000e+00 8.947368421052631637e-01 0.000000000000000000e+00 
7.980938971741124988e-05 4.107515513896942139e-01 0.000000000000000000e+00 1.000000000000000000e+00 9.326923076923077094e-01 0.000000000000000000e+00 9.787234042553191182e-01 0.000000000000000000e+00 8.947368421052631637e-01 0.000000000000000000e+00 
8.112080831779167056e-05 4.118346273899078369e-01 0.000000000000000000e+00 1.000000000000000000e+00 9.326923076923077094e-01 0.000000000000000000e+00 9.787234042553191182e-01 0.000000000000000000e+00 8.947368421052631637e-01 0.000000000000000000e+00 
7.854415162000805140e-05 4.130063354969024658e-01 0.000000000000000000e+00 1.000000000000000000e+00 9.326923076923077094e-01 0.000000000000000000e+00 9.787234042553191182e-01 0.000000000000000000e+00 8.947368421052631637e-01 0.000000000000000000e+00 
8.083322609309107065e-05 4.139407873153686523e-01 0.000000000000000000e+00 1.000000000000000000e+00 9.326923076923077094e-01 0.000000000000000000e+00 9.787234042553191182e-01 0.000000000000000000e+00 8.947368421052631637e-01 0.000000000000000000e+00 
7.846226071706041694e-05 4.149620532989501953e-01 0.000000000000000000e+00 1.000000000000000000e+00 9.310897435897436125e-01 0.000000000000000000e+00 9.786476868327401712e-01 0.000000000000000000e+00 8.921282798833819472e-01 0.000000000000000000e+00 
7.724617898929864168e-05 4.160884916782379150e-01 0.000000000000000000e+00 1.000000000000000000e+00 9.310897435897436125e-01 0.000000000000000000e+00 9.786476868327401712e-01 0.000000000000000000e+00 8.921282798833819472e-01 0.000000000000000000e+00 
7.617620576638728380e-05 4.171107411384582520e-01 0.000000000000000000e+00 1.000000000000000000e+00 9.294871794871795156e-01 0.000000000000000000e+00 9.785714285714285365e-01 0.000000000000000000e+00 8.895348837209302584e-01 0.000000000000000000e+00 
7.520455255871638656e-05 4.182723164558410645e-01 0.000000000000000000e+00 1.000000000000000000e+00 9.294871794871795156e-01 0.000000000000000000e+00 9.785714285714285365e-01 0.000000000000000000e+00 8.895348837209302584e-01 0.000000000000000000e+00 
7.209442992461845279e-05 4.192140102386474609e-01 0.000000000000000000e+00 1.000000000000000000e+00 9.294871794871795156e-01 0.000000000000000000e+00 9.785714285714285365e-01 0.000000000000000000e+00 8.895348837209302584e-01 0.000000000000000000e+00 
7.503471715608611703e-05 4.199066162109375000e-01 0.000000000000000000e+00 1.000000000000000000e+00 9.294871794871795156e-01 0.000000000000000000e+00 9.785714285714285365e-01 0.000000000000000000e+00 8.895348837209302584e-01 0.000000000000000000e+00 
7.192307384684681892e-05 4.209059774875640869e-01 0.000000000000000000e+00 1.000000000000000000e+00 9.294871794871795156e-01 0.000000000000000000e+00 9.785714285714285365e-01 0.000000000000000000e+00 8.895348837209302584e-01 0.000000000000000000e+00 
6.999769539106637239e-05 4.218794107437133789e-01 0.000000000000000000e+00 1.000000000000000000e+00 9.294871794871795156e-01 0.000000000000000000e+00 9.785714285714285365e-01 0.000000000000000000e+00 8.895348837209302584e-01 0.000000000000000000e+00 
7.012138667050749063e-05 4.226612746715545654e-01 0.000000000000000000e+00 1.000000000000000000e+00 9.294871794871795156e-01 0.000000000000000000e+00 9.785714285714285365e-01 0.000000000000000000e+00 8.895348837209302584e-01 0.000000000000000000e+00 
7.027939864201471210e-05 4.233956038951873779e-01 0.000000000000000000e+00 1.000000000000000000e+00 9.294871794871795156e-01 0.000000000000000000e+00 9.785714285714285365e-01 0.000000000000000000e+00 8.895348837209302584e-01 0.000000000000000000e+00 
6.937183206900954247e-05 4.243664443492889404e-01 0.000000000000000000e+00 1.000000000000000000e+00 9.294871794871795156e-01 0.000000000000000000e+00 9.785714285714285365e-01 0.000000000000000000e+00 8.895348837209302584e-01 0.000000000000000000e+00 
6.881746230646967888e-05 4.253220856189727783e-01 0.000000000000000000e+00 1.000000000000000000e+00 9.294871794871795156e-01 0.000000000000000000e+00 9.785714285714285365e-01 0.000000000000000000e+00 8.895348837209302584e-01 0.000000000000000000e+00 
6.719311204506084323e-05 4.261645972728729248e-01 0.000000000000000000e+00 1.000000000000000000e+00 9.294871794871795156e-01 0.000000000000000000e+00 9.785714285714285365e-01 0.000000000000000000e+00 8.895348837209302584e-01 0.000000000000000000e+00 
6.702919927192851901e-05 4.270449578762054443e-01 0.000000000000000000e+00 1.000000000000000000e+00 9.294871794871795156e-01 0.000000000000000000e+00 9.785714285714285365e-01 0.000000000000000000e+00 8.895348837209302584e-01 0.000000000000000000e+00 
6.604714144486933947e-05 4.279103577136993408e-01 0.000000000000000000e+00 1.000000000000000000e+00 9.294871794871795156e-01 0.000000000000000000e+00 9.785714285714285365e-01 0.000000000000000000e+00 8.895348837209302584e-01 0.000000000000000000e+00 
6.727958680130541325e-05 4.285813271999359131e-01 0.000000000000000000e+00 1.000000000000000000e+00 9.294871794871795156e-01 0.000000000000000000e+00 9.785714285714285365e-01 0.000000000000000000e+00 8.895348837209302584e-01 0.000000000000000000e+00 
6.535421562148258090e-05 4.295757114887237549e-01 0.000000000000000000e+00 1.000000000000000000e+00 9.294871794871795156e-01 0.000000000000000000e+00 9.785714285714285365e-01 0.000000000000000000e+00 8.895348837209302584e-01 0.000000000000000000e+00 
6.479539297288283706e-05 4.304960370063781738e-01 0.000000000000000000e+00 1.000000000000000000e+00 9.294871794871795156e-01 0.000000000000000000e+00 9.785714285714285365e-01 0.000000000000000000e+00 8.895348837209302584e-01 0.000000000000000000e+00 
6.315317295957356691e-05 4.314459264278411865e-01 0.000000000000000000e+00 1.000000000000000000e+00 9.294871794871795156e-01 0.000000000000000000e+00 9.785714285714285365e-01 0.000000000000000000e+00 8.895348837209302584e-01 0.000000000000000000e+00 
6.200718053150922060e-05 4.323907494544982910e-01 0.000000000000000000e+00 1.000000000000000000e+00 9.294871794871795156e-01 0.000000000000000000e+00 9.785714285714285365e-01 0.000000000000000000e+00 8.895348837209302584e-01 0.000000000000000000e+00 
6.100276368670165539e-05 4.327533543109893799e-01 0.000000000000000000e+00 1.000000000000000000e+00 9.294871794871795156e-01 0.000000000000000000e+00 9.785714285714285365e-01 0.000000000000000000e+00 8.895348837209302584e-01 0.000000000000000000e+00 
5.991043508402071893e-05 4.335455298423767090e-01 0.000000000000000000e+00 1.000000000000000000e+00 9.294871794871795156e-01 0.000000000000000000e+00 9.785714285714285365e-01 0.000000000000000000e+00 8.895348837209302584e-01 0.000000000000000000e+00 
6.000880603096447885e-05 4.344546198844909668e-01 0.000000000000000000e+00 1.000000000000000000e+00 9.294871794871795156e-01 0.000000000000000000e+00 9.785714285714285365e-01 0.000000000000000000e+00 8.895348837209302584e-01 0.000000000000000000e+00 
5.971823338768444955e-05 4.352264404296875000e-01 0.000000000000000000e+00 1.000000000000000000e+00 9.294871794871795156e-01 0.000000000000000000e+00 9.785714285714285365e-01 0.000000000000000000e+00 8.895348837209302584e-01 0.000000000000000000e+00 
5.934864748269319534e-05 4.361638426780700684e-01 0.000000000000000000e+00 1.000000000000000000e+00 9.294871794871795156e-01 0.000000000000000000e+00 9.785714285714285365e-01 0.000000000000000000e+00 8.895348837209302584e-01 0.000000000000000000e+00 
5.789122224086895585e-05 4.369187653064727783e-01 0.000000000000000000e+00 1.000000000000000000e+00 9.294871794871795156e-01 0.000000000000000000e+00 9.785714285714285365e-01 0.000000000000000000e+00 8.895348837209302584e-01 0.000000000000000000e+00 
5.667669393005780876e-05 4.375227987766265869e-01 0.000000000000000000e+00 1.000000000000000000e+00 9.294871794871795156e-01 0.000000000000000000e+00 9.785714285714285365e-01 0.000000000000000000e+00 8.895348837209302584e-01 0.000000000000000000e+00 
5.713420250685885549e-05 4.383653104305267334e-01 0.000000000000000000e+00 1.000000000000000000e+00 9.294871794871795156e-01 0.000000000000000000e+00 9.785714285714285365e-01 0.000000000000000000e+00 8.895348837209302584e-01 0.000000000000000000e+00 
5.738158870371989906e-05 4.391112625598907471e-01 0.000000000000000000e+00 1.000000000000000000e+00 9.294871794871795156e-01 0.000000000000000000e+00 9.785714285714285365e-01 0.000000000000000000e+00 8.895348837209302584e-01 0.000000000000000000e+00 
5.503003558260388672e-05 4.398403763771057129e-01 0.000000000000000000e+00 1.000000000000000000e+00 9.294871794871795156e-01 0.000000000000000000e+00 9.785714285714285365e-01 0.000000000000000000e+00 8.895348837209302584e-01 0.000000000000000000e+00 
5.476030855788849294e-05 4.408759772777557373e-01 0.000000000000000000e+00 1.000000000000000000e+00 9.294871794871795156e-01 0.000000000000000000e+00 9.785714285714285365e-01 0.000000000000000000e+00 8.895348837209302584e-01 0.000000000000000000e+00 
5.498534301295876503e-05 4.418349564075469971e-01 0.000000000000000000e+00 1.000000000000000000e+00 9.294871794871795156e-01 0.000000000000000000e+00 9.785714285714285365e-01 0.000000000000000000e+00 8.895348837209302584e-01 0.000000000000000000e+00 
5.289457840262912214e-05 4.425892531871795654e-01 0.000000000000000000e+00 1.000000000000000000e+00 9.294871794871795156e-01 0.000000000000000000e+00 9.785714285714285365e-01 0.000000000000000000e+00 8.895348837209302584e-01 0.000000000000000000e+00 
5.186931230127811432e-05 4.432731568813323975e-01 0.000000000000000000e+00 1.000000000000000000e+00 9.294871794871795156e-01 0.000000000000000000e+00 9.785714285714285365e-01 0.000000000000000000e+00 8.895348837209302584e-01 0.000000000000000000e+00 
5.235365460976026952e-05 4.439248442649841309e-01 0.000000000000000000e+00 1.000000000000000000e+00 9.294871794871795156e-01 0.000000000000000000e+00 9.785714285714285365e-01 0.000000000000000000e+00 8.895348837209302584e-01 0.000000000000000000e+00 
