2.642468898557126522e-04 2.649645321071147919e-04 2.763848169706761837e-04 3.049024380743503571e-04 1.414498663507401943e-03 3.374246298335492611e-04 1.319777336902916431e-03 4.878287203609943390e-03 1.226265914738178253e-02 1.523876190185546875e-02 6.251794099807739258e-02 1.004659533500671387e-01 3.710567653179168701e-01 7.834768295288085938e-01 9.280162453651428223e-01 9.987319707870483398e-01 9.995350241661071777e-01 9.996713399887084961e-01 9.997050762176513672e-01 9.997096657752990723e-01 9.997087121009826660e-01 9.997036457061767578e-01 0.000000000000000000e+00 0.000000000000000000e+00 
9.405094374415057246e-07 1.334460762336675543e-06 7.213618573587154970e-06 1.774487100192345679e-05 1.083662500604987144e-03 4.424841972650028765e-05 9.824375156313180923e-04 3.861628472805023193e-03 5.962034687399864197e-03 7.016222458332777023e-03 1.596578210592269897e-02 1.876659132540225983e-02 3.433005511760711670e-02 2.761018835008144379e-02 1.819960027933120728e-02 4.050267743878066540e-04 2.732707798713818192e-05 7.501108484575524926e-06 1.498855453974101692e-06 6.041646543053502683e-07 4.812114866581396200e-07 5.931527198299590964e-07 0.000000000000000000e+00 0.000000000000000000e+00 
2.369469002587720752e-04 2.369420690229162574e-04 2.393258764641359448e-04 2.446421422064304352e-04 3.027093189302831888e-04 2.488417085260152817e-04 3.115367726422846317e-04 6.560139008797705173e-04 1.655811327509582043e-03 4.688252694904804230e-03 2.165909111499786377e-02 3.114748559892177582e-02 2.167365252971649170e-01 5.898668169975280762e-01 8.603890538215637207e-01 9.921978712081909180e-01 9.991845488548278809e-01 9.996373057365417480e-01 9.997267127037048340e-01 9.997418522834777832e-01 9.997467398643493652e-01 9.997472763061523438e-01 0.000000000000000000e+00 0.000000000000000000e+00 
3.124268346255121287e-07 4.837306732952129096e-07 1.497774178460531402e-06 2.557436346251051873e-06 5.394511026679538190e-05 4.236264430801384151e-06 5.890091051696799695e-05 3.698600339703261852e-04 9.184671216644346714e-04 3.888665465638041496e-03 9.233674965798854828e-03 1.119604147970676422e-02 2.825890481472015381e-02 3.363767638802528381e-02 2.390406094491481781e-02 4.130478017032146454e-03 1.200031329062767327e-04 2.252730155305471271e-05 3.621497853600885719e-06 1.352214439975796267e-06 5.781763547929585911e-07 2.822125111379136797e-07 0.000000000000000000e+00 0.000000000000000000e+00 
2.219278685515746474e-04 2.217810979345813394e-04 2.229015954071655869e-04 2.256271545775234699e-04 2.422642719466239214e-04 2.276158047607168555e-04 2.447079168632626534e-04 3.453443350736051798e-04 6.289669545367360115e-04 2.456477144733071327e-03 1.327768620103597641e-02 1.904032751917839050e-02 1.528293639421463013e-01 4.945573210716247559e-01 8.123788237571716309e-01 9.855507016181945801e-01 9.987585544586181641e-01 9.996203184127807617e-01 9.997453093528747559e-01 9.997639060020446777e-01 9.997701644897460938e-01 9.997718930244445801e-01 0.000000000000000000e+00 0.000000000000000000e+00 
2.101652114561147755e-07 3.239124453102704138e-07 8.163568168129131664e-07 1.212349616253050044e-06 1.470368079026229680e-05 1.736454123602015898e-06 1.454140601708786562e-05 1.024465673253871500e-04 2.616917481645941734e-04 2.068611560389399529e-03 7.156242150813341141e-03 9.131405502557754517e-03 2.403178438544273376e-02 3.493762761354446411e-02 2.738950029015541077e-02 7.204561028629541397e-03 2.871589385904371738e-04 3.511274553602561355e-05 4.927088866679696366e-06 1.588193526913528331e-06 6.787672646169085056e-07 2.551277873408253072e-07 0.000000000000000000e+00 0.000000000000000000e+00 
2.090727211907505989e-04 2.089814370265230536e-04 2.100867714034393430e-04 2.126934268744662404e-04 2.321819192729890347e-04 2.147416089428588748e-04 2.315650781383737922e-04 3.726331051439046860e-04 6.734287599101662636e-04 2.784162061288952827e-03 1.490513049066066742e-02 2.062865905463695526e-02 1.644082218408584595e-01 5.084322690963745117e-01 8.220334053039550781e-01 9.870586991310119629e-01 9.989848732948303223e-01 9.996646046638488770e-01 9.997674226760864258e-01 9.997830390930175781e-01 9.997881650924682617e-01 9.997894167900085449e-01 0.000000000000000000e+00 0.000000000000000000e+00 
1.971598351246939274e-07 3.000468780101073207e-07 7.560141170870338101e-07 1.126959432440344244e-06 1.752925709297414869e-05 1.615191649761982262e-06 1.431795408279867843e-05 1.416134182363748550e-04 3.112064150627702475e-04 2.405348466709256172e-03 7.778405211865901947e-03 9.557305835187435150e-03 2.509470470249652863e-02 3.510495275259017944e-02 2.696550264954566956e-02 6.817615590989589691e-03 2.214746345998719335e-04 2.903678978327661753e-05 4.189239461993565783e-06 1.316176053478557151e-06 5.484550342771399301e-07 2.209697527177922893e-07 0.000000000000000000e+00 0.000000000000000000e+00 
1.970643934328109026e-04 1.969826116692274809e-04 1.980551314773038030e-04 2.004831621889024973e-04 2.198864967795088887e-04 2.023834094870835543e-04 2.163949975511059165e-04 3.781444393098354340e-04 5.916346563026309013e-04 2.664807019755244255e-03 1.507427729666233063e-02 2.038045041263103485e-02 1.630740314722061157e-01 5.043039321899414062e-01 8.208469748497009277e-01 9.871091842651367188e-01 9.990513920783996582e-01 9.996883869171142578e-01 9.997828602790832520e-01 9.997971653938293457e-01 9.998020529747009277e-01 9.998034238815307617e-01 0.000000000000000000e+00 0.000000000000000000e+00 
1.859884548593981890e-07 2.766047373370383866e-07 6.864656256766465958e-07 1.031155079544987530e-06 1.755121593305375427e-05 1.407957256560621317e-06 1.163644537882646546e-05 1.597425143700093031e-04 2.593622484710067511e-04 2.315079327672719955e-03 7.879719138145446777e-03 9.600969962775707245e-03 2.521673217415809631e-02 3.531468287110328674e-02 2.720553986728191376e-02 6.884125061333179474e-03 2.102488942909985781e-04 2.694688373594544828e-05 3.970208126702345908e-06 1.213519340126367752e-06 4.987094825992244296e-07 2.006087811423640233e-07 0.000000000000000000e+00 0.000000000000000000e+00 
1.857481111073866487e-04 1.856739254435524344e-04 1.866334496298804879e-04 1.888157712528482080e-04 2.085369342239573598e-04 1.905375247588381171e-04 2.023934939643368125e-04 3.927420766558498144e-04 5.397369386628270149e-04 2.578936284407973289e-03 1.547594275325536728e-02 2.042849920690059662e-02 1.631305813789367676e-01 5.020521879196166992e-01 8.201323747634887695e-01 9.870781302452087402e-01 9.991233944892883301e-01 9.997091889381408691e-01 9.997960329055786133e-01 9.998094439506530762e-01 9.998139739036560059e-01 9.998153448104858398e-01 0.000000000000000000e+00 0.000000000000000000e+00 
1.710775592300706194e-07 2.505653355910908431e-07 6.186870109559094999e-07 9.283255621994612738e-07 1.803793566068634391e-05 1.230726752510236111e-06 9.683968528406694531e-06 1.862783101387321949e-04 2.311090211151167750e-04 2.254775725305080414e-03 8.040838874876499176e-03 9.706205688416957855e-03 2.543916553258895874e-02 3.552215173840522766e-02 2.742725238204002380e-02 6.983528845012187958e-03 1.932930026669055223e-04 2.508269972167909145e-05 3.770728199015138671e-06 1.125494009102112614e-06 4.579250116876210086e-07 1.847611770244839136e-07 0.000000000000000000e+00 0.000000000000000000e+00 
1.753977412590757012e-04 1.753751275828108191e-04 1.765801425790414214e-04 1.790997630450874567e-04 2.302308275830000639e-04 1.814278803067281842e-04 2.005893475143238902e-04 8.148085908032953739e-04 9.699336951598525047e-04 4.059250000864267349e-03 2.236184477806091309e-02 2.741722576320171356e-02 2.045319378376007080e-01 5.601140260696411133e-01 8.503814935684204102e-01 9.911947250366210938e-01 9.994297623634338379e-01 9.997532963752746582e-01 9.998120069503784180e-01 9.998219013214111328e-01 9.998251795768737793e-01 9.998260140419006348e-01 0.000000000000000000e+00 0.000000000000000000e+00 
1.894646572964120423e-07 2.690185851861315314e-07 6.949453563720453531e-07 1.093439550459152088e-06 4.889821138931438327e-05 1.629522898838331457e-06 1.676191095612011850e-05 6.029948126524686813e-04 5.353257292881608009e-04 3.614598419517278671e-03 9.811106137931346893e-03 1.124551240354776382e-02 2.834646031260490417e-02 3.507388010621070862e-02 2.539756335318088531e-02 5.451392382383346558e-03 9.124472126131877303e-05 1.616616100363899022e-05 2.682097374417935498e-06 8.560533046875207219e-07 3.401822823434486054e-07 1.563870455356664024e-07 0.000000000000000000e+00 0.000000000000000000e+00 
1.655428932281211019e-04 1.655001105973497033e-04 1.664043666096404195e-04 1.683697773842141032e-04 2.001893153646960855e-04 1.701411383692175150e-04 1.812729606172069907e-04 6.298775551840662956e-04 5.916975787840783596e-04 3.070382168516516685e-03 1.933591254055500031e-02 2.362228557467460632e-02 1.817833334207534790e-01 5.253280997276306152e-01 8.329561948776245117e-01 9.889811873435974121e-01 9.993751645088195801e-01 9.997568130493164062e-01 9.998207092285156250e-01 9.998310804367065430e-01 9.998347163200378418e-01 9.998354911804199219e-01 0.000000000000000000e+00 0.000000000000000000e+00 
1.577560340138006723e-07 2.225659727628226392e-07 5.565197511714359280e-07 8.492808092341874726e-07 3.009843567269854248e-05 1.153673224507656414e-06 9.096848771150689572e-06 4.377693985588848591e-04 2.762177027761936188e-04 2.738598734140396118e-03 9.165811352431774139e-03 1.059610117226839066e-02 2.715943381190299988e-02 3.573963046073913574e-02 2.683777362108230591e-02 6.477324292063713074e-03 1.156999787781387568e-04 1.870836968009825796e-05 2.947329448943492025e-06 8.887417379810358398e-07 3.465155771209538216e-07 1.518523617960454430e-07 0.000000000000000000e+00 0.000000000000000000e+00 
1.567857252666726708e-04 1.567823346704244614e-04 1.578739174874499440e-04 1.601432595634832978e-04 2.567143819760531187e-04 1.624000724405050278e-04 1.806850050343200564e-04 1.677913125604391098e-03 1.172985997982323170e-03 4.587545059621334076e-03 2.783641219139099121e-02 3.093764744699001312e-02 2.218330651521682739e-01 5.801173448562622070e-01 8.598753809928894043e-01 9.922610521316528320e-01 9.995508193969726562e-01 9.997867941856384277e-01 9.998329281806945801e-01 9.998409748077392578e-01 9.998437166213989258e-01 9.998442530632019043e-01 0.000000000000000000e+00 0.000000000000000000e+00 
1.739623343155471957e-07 2.398579113105370197e-07 6.231467182260530535e-07 1.003053966996958479e-06 9.435551328351721168e-05 1.559121415084518958e-06 1.612094820302445441e-05 1.460572588257491589e-03 6.666380213573575020e-04 4.063929896801710129e-03 1.113092806190252304e-02 1.201168354600667953e-02 2.958013117313385010e-02 3.513999283313751221e-02 2.487213723361492157e-02 5.253612529486417770e-03 6.416143151000142097e-05 1.320938736171228811e-05 2.207600800829823129e-06 7.145305289668613113e-07 2.805029168939654483e-07 1.318642119940705015e-07 0.000000000000000000e+00 0.000000000000000000e+00 
1.484060776419937611e-04 1.483667583670467138e-04 1.491524744778871536e-04 1.508592249592766166e-04 1.996370847336947918e-04 1.524750987300649285e-04 1.617858652025461197e-04 1.097634783945977688e-03 5.671517574228346348e-04 3.229938913136720657e-03 2.256274782121181488e-02 2.532182447612285614e-02 1.895562708377838135e-01 5.318047404289245605e-01 8.353778123855590820e-01 9.893417358398437500e-01 9.994712471961975098e-01 9.997850060462951660e-01 9.998394846916198730e-01 9.998484849929809570e-01 9.998516440391540527e-01 9.998524785041809082e-01 0.000000000000000000e+00 0.000000000000000000e+00 
1.414316272985161049e-07 1.951523387333509163e-07 4.861932438871008344e-07 7.438535476467222907e-07 4.715730028692632914e-05 1.024305220198584720e-06 7.527266006945865229e-06 9.136990411207079887e-04 2.601551532279700041e-04 2.896460006013512611e-03 1.005599554628133774e-02 1.115988288074731827e-02 2.795617096126079559e-02 3.610746189951896667e-02 2.686222642660140991e-02 6.503101438283920288e-03 9.402296564076095819e-05 1.702962799754459411e-05 2.604178007459267974e-06 7.873225058574462309e-07 3.044980587674217531e-07 1.322619169741301448e-07 0.000000000000000000e+00 0.000000000000000000e+00 
1.407949166605249047e-04 1.407817762810736895e-04 1.416038430761545897e-04 1.433167635696008801e-04 2.442572440486401320e-04 1.451564603485167027e-04 1.561250246595591307e-04 2.229539910331368446e-03 8.167384658008813858e-04 4.110240843147039413e-03 2.773176692426204681e-02 2.892976626753807068e-02 2.101038247346878052e-01 5.569606423377990723e-01 8.480095267295837402e-01 9.907745718955993652e-01 9.995608329772949219e-01 9.998031854629516602e-01 9.998489618301391602e-01 9.998565912246704102e-01 9.998593330383300781e-01 9.998600482940673828e-01 0.000000000000000000e+00 0.000000000000000000e+00 
1.441947716784852673e-07 1.958147635150453425e-07 4.943218527841963805e-07 7.723630233158473857e-07 9.911724919220432639e-05 1.155984364231699146e-06 9.149283869192004204e-06 2.023759530857205391e-03 4.254738742019981146e-04 3.683076007291674614e-03 1.130203716456890106e-02 1.190294604748487473e-02 2.921378985047340393e-02 3.601894900202751160e-02 2.598553523421287537e-02 6.113976240158081055e-03 7.074875611579045653e-05 1.450322633900213987e-05 2.213889729318907484e-06 6.917080668245034758e-07 2.636793681176641257e-07 1.196238343936784077e-07 0.000000000000000000e+00 0.000000000000000000e+00 
1.338244182989001274e-04 1.338249130640178919e-04 1.347210927633568645e-04 1.365183998132124543e-04 3.492517571430653334e-04 1.385585492243990302e-04 1.512955204816535115e-04 3.811218310147523880e-03 1.193153439089655876e-03 4.897532053291797638e-03 3.282628953456878662e-02 3.286464884877204895e-02 2.281335145235061646e-01 5.774462819099426270e-01 8.581405282020568848e-01 9.917413592338562012e-01 9.996165633201599121e-01 9.998176693916320801e-01 9.998571872711181641e-01 9.998640418052673340e-01 9.998664855957031250e-01 9.998669624328613281e-01 0.000000000000000000e+00 0.000000000000000000e+00 
1.499234230095680687e-07 2.018580147478132858e-07 5.134040748089319095e-07 8.225084116020298097e-07 2.106644096784293652e-04 1.327212316937220749e-06 1.091094327421160415e-05 3.536318195983767509e-03 6.653165328316390514e-04 4.293086472898721695e-03 1.241834554821252823e-02 1.244318485260009766e-02 3.028648905456066132e-02 3.580962494015693665e-02 2.525404095649719238e-02 5.879288073629140854e-03 6.021185254212468863e-05 1.290996260649990290e-05 1.944582436408381909e-06 6.210673291207058355e-07 2.349984669081095490e-07 1.098907418395356217e-07 0.000000000000000000e+00 0.000000000000000000e+00 
1.272460795007646084e-04 1.272426161449402571e-04 1.280390861211344600e-04 1.296731352340430021e-04 4.561266396194696426e-04 1.316430716542527080e-04 1.431015407433733344e-04 4.790091421455144882e-03 1.293274690397083759e-03 5.184389650821685791e-03 3.531738743185997009e-02 3.467929735779762268e-02 2.333775013685226440e-01 5.802581906318664551e-01 8.594961166381835938e-01 9.918191432952880859e-01 9.996367096900939941e-01 9.998276829719543457e-01 9.998646378517150879e-01 9.998707175254821777e-01 9.998729228973388672e-01 9.998734593391418457e-01 0.000000000000000000e+00 0.000000000000000000e+00 
1.394554089984012535e-07 1.862789815731957788e-07 4.737543690680467989e-07 7.716403729318699334e-07 3.244485124014317989e-04 1.281220988857967313e-06 9.787346243683714420e-06 4.446320701390504837e-03 7.367607904598116875e-04 4.480879753828048706e-03 1.295694522559642792e-02 1.267629023641347885e-02 3.070187568664550781e-02 3.594294935464859009e-02 2.522182092070579529e-02 5.984169896692037582e-03 6.301680696196854115e-05 1.243538099515717477e-05 1.830526798585196957e-06 5.802936584586859681e-07 2.143544861610280350e-07 1.026007723226030066e-07 0.000000000000000000e+00 0.000000000000000000e+00 
