0.000000000000000000e+00 0.000000000000000000e+00 0.000000000000000000e+00 0.000000000000000000e+00 0.000000000000000000e+00 0.000000000000000000e+00 0.000000000000000000e+00 0.000000000000000000e+00 0.000000000000000000e+00 0.000000000000000000e+00 5.001837342079687998e-01 5.001837342079687998e-01 5.001837342079687998e-01 5.001837342079687998e-01 5.001837342079687998e-01 5.001837342079687998e-01 5.001837342079687998e-01 5.001837342079687998e-01 5.001837342079687998e-01 5.001837342079687998e-01 5.001837342079687998e-01 5.001837342079687998e-01 5.001837342079687998e-01 5.001837342079687998e-01 5.001837342079687998e-01 5.001837342079687998e-01 5.001837342079687998e-01 5.001837342079687998e-01 5.001837342079687998e-01 0.000000000000000000e+00 0.000000000000000000e+00 0.000000000000000000e+00 0.000000000000000000e+00 0.000000000000000000e+00 0.000000000000000000e+00 0.000000000000000000e+00 0.000000000000000000e+00 0.000000000000000000e+00 
0.000000000000000000e+00 0.000000000000000000e+00 0.000000000000000000e+00 0.000000000000000000e+00 0.000000000000000000e+00 0.000000000000000000e+00 0.000000000000000000e+00 0.000000000000000000e+00 0.000000000000000000e+00 1.615646258503401211e-01 5.003219144800779006e-01 5.003219144800779006e-01 5.003219144800779006e-01 5.003219144800779006e-01 5.003219144800779006e-01 5.003219144800779006e-01 5.003219144800779006e-01 5.003219144800779006e-01 5.003219144800779006e-01 5.003219144800779006e-01 5.003219144800779006e-01 5.003219144800779006e-01 5.003219144800779006e-01 5.003219144800779006e-01 5.003219144800779006e-01 5.003219144800779006e-01 5.003219144800779006e-01 5.003219144800779006e-01 5.001954734375807510e-01 0.000000000000000000e+00 0.000000000000000000e+00 0.000000000000000000e+00 0.000000000000000000e+00 0.000000000000000000e+00 0.000000000000000000e+00 0.000000000000000000e+00 0.000000000000000000e+00 0.000000000000000000e+00 
0.000000000000000000e+00 0.000000000000000000e+00 0.000000000000000000e+00 0.000000000000000000e+00 0.000000000000000000e+00 0.000000000000000000e+00 0.000000000000000000e+00 0.000000000000000000e+00 0.000000000000000000e+00 5.319988644761231011e-01 5.451788751214770024e-01 5.451788751214770024e-01 5.451788751214770024e-01 5.451788751214770024e-01 5.451788751214770024e-01 5.451788751214770024e-01 5.451788751214770024e-01 5.451788751214770024e-01 5.451788751214770024e-01 5.451788751214770024e-01 5.451788751214770024e-01 5.451788751214770024e-01 5.451788751214770024e-01 5.451788751214770024e-01 5.451788751214770024e-01 5.451788751214770024e-01 5.451788751214770024e-01 5.451788751214770024e-01 5.766186298219256878e-01 0.000000000000000000e+00 0.000000000000000000e+00 0.000000000000000000e+00 0.000000000000000000e+00 0.000000000000000000e+00 0.000000000000000000e+00 0.000000000000000000e+00 0.000000000000000000e+00 0.000000000000000000e+00 
0.000000000000000000e+00 0.000000000000000000e+00 0.000000000000000000e+00 0.000000000000000000e+00 0.000000000000000000e+00 0.000000000000000000e+00 0.000000000000000000e+00 0.000000000000000000e+00 0.000000000000000000e+00 5.507384187328081548e-01 5.536766929118265290e-01 5.536913872691933136e-01 5.536913872691933136e-01 5.536913872691933136e-01 5.536913872691933136e-01 5.536913872691933136e-01 5.536913872691933136e-01 5.536913872691933136e-01 5.536913872691933136e-01 5.536913872691933136e-01 5.536913872691933136e-01 5.536913872691933136e-01 5.536913872691933136e-01 5.536913872691933136e-01 5.536913872691933136e-01 5.536913872691933136e-01 5.536913872691933136e-01 5.536913872691933136e-01 5.565868926711160514e-01 1.020408163265306041e-02 0.000000000000000000e+00 0.000000000000000000e+00 0.000000000000000000e+00 0.000000000000000000e+00 0.000000000000000000e+00 0.000000000000000000e+00 0.000000000000000000e+00 0.000000000000000000e+00 
0.000000000000000000e+00 0.000000000000000000e+00 0.000000000000000000e+00 0.000000000000000000e+00 0.000000000000000000e+00 0.000000000000000000e+00 0.000000000000000000e+00 0.000000000000000000e+00 4.821428571428571508e-01 5.739985256265549562e-01 5.541855364322061384e-01 5.558688654033041576e-01 5.558688654033041576e-01 5.558688654033041576e-01 5.558688654033041576e-01 5.558688654033041576e-01 5.558688654033041576e-01 5.558688654033041576e-01 5.558688654033041576e-01 5.558688654033041576e-01 5.558688654033041576e-01 5.558688654033041576e-01 5.558688654033041576e-01 5.558688654033041576e-01 5.558688654033041576e-01 5.558688654033041576e-01 5.558688654033041576e-01 5.553036378792606254e-01 5.450341266109367533e-01 6.711937155814707845e-01 0.000000000000000000e+00 0.000000000000000000e+00 0.000000000000000000e+00 0.000000000000000000e+00 0.000000000000000000e+00 0.000000000000000000e+00 0.000000000000000000e+00 0.000000000000000000e+00 
0.000000000000000000e+00 0.000000000000000000e+00 0.000000000000000000e+00 0.000000000000000000e+00 0.000000000000000000e+00 0.000000000000000000e+00 0.000000000000000000e+00 2.040816326530612082e-02 6.415029348402695453e-01 5.645075940843334861e-01 5.534023980837680101e-01 5.576995195749594458e-01 5.577229105928085406e-01 5.577229105928085406e-01 5.577229105928085406e-01 5.577229105928085406e-01 5.577229105928085406e-01 5.577229105928085406e-01 5.577229105928085406e-01 5.577229105928085406e-01 5.577229105928085406e-01 5.577229105928085406e-01 5.577229105928085406e-01 5.577229105928085406e-01 5.577229105928085406e-01 5.577229105928085406e-01 5.576939217245339142e-01 5.550929106419163483e-01 5.521921201239825550e-01 6.418395947272852453e-01 3.061224489795918297e-02 0.000000000000000000e+00 0.000000000000000000e+00 0.000000000000000000e+00 0.000000000000000000e+00 0.000000000000000000e+00 0.000000000000000000e+00 0.000000000000000000e+00 
0.000000000000000000e+00 0.000000000000000000e+00 0.000000000000000000e+00 0.000000000000000000e+00 0.000000000000000000e+00 0.000000000000000000e+00 0.000000000000000000e+00 4.744897959183672631e-01 6.322176532017665940e-01 5.651167803981163029e-01 5.523061559887429972e-01 5.591781591375664107e-01 5.596984329446067497e-01 5.596984329446067497e-01 5.596984329446067497e-01 5.596984329446067497e-01 5.596984329446067497e-01 5.596984329446067497e-01 5.596984329446067497e-01 5.596984329446067497e-01 5.596984329446067497e-01 5.596984329446067497e-01 5.596984329446067497e-01 5.596984329446067497e-01 5.596984329446067497e-01 5.596984329446067497e-01 5.591875662051839502e-01 5.539503382689551225e-01 5.554451361104285612e-01 6.226220275375684565e-01 4.753401360544217691e-01 0.000000000000000000e+00 0.000000000000000000e+00 0.000000000000000000e+00 0.000000000000000000e+00 0.000000000000000000e+00 0.000000000000000000e+00 0.000000000000000000e+00 
0.000000000000000000e+00 0.000000000000000000e+00 0.000000000000000000e+00 0.000000000000000000e+00 0.000000000000000000e+00 0.000000000000000000e+00 0.000000000000000000e+00 2.738095238095238360e-01 6.441575077197747579e-01 5.944006313876855074e-01 5.374608327890760817e-01 5.475696157063389968e-01 5.516886879319743420e-01 5.518965621963070056e-01 5.518965621963070056e-01 5.518965621963070056e-01 5.518965621963070056e-01 5.518965621963070056e-01 5.518965621963070056e-01 5.518965621963070056e-01 5.518965621963070056e-01 5.518965621963070056e-01 5.518965621963070056e-01 5.518965621963070056e-01 5.518965621963070056e-01 5.518965621963070056e-01 5.516316953698190417e-01 5.483968507221196331e-01 5.357214736808674216e-01 5.881065475717217605e-01 6.672412829600707918e-01 1.938775510204081565e-01 0.000000000000000000e+00 0.000000000000000000e+00 0.000000000000000000e+00 0.000000000000000000e+00 0.000000000000000000e+00 0.000000000000000000e+00 
0.000000000000000000e+00 0.000000000000000000e+00 0.000000000000000000e+00 0.000000000000000000e+00 0.000000000000000000e+00 0.000000000000000000e+00 1.734693877551020391e-01 6.627470601960396834e-01 6.258677524337347142e-01 5.649107020340130569e-01 5.518346548738976010e-01 5.601534750855242661e-01 5.627193886208969875e-01 5.627809159378035497e-01 5.627809159378035497e-01 5.627809159378035497e-01 5.627809159378035497e-01 5.627809159378035497e-01 5.627809159378035497e-01 5.627809159378035497e-01 5.627809159378035497e-01 5.627809159378035497e-01 5.627809159378035497e-01 5.627809159378035497e-01 5.627809159378035497e-01 5.626065960747207439e-01 5.610585260436324884e-01 5.518294454147570915e-01 5.608279187836360258e-01 6.182838475967042946e-01 6.977066584209442590e-01 1.224489795918367319e-01 0.000000000000000000e+00 0.000000000000000000e+00 0.000000000000000000e+00 0.000000000000000000e+00 0.000000000000000000e+00 0.000000000000000000e+00 
0.000000000000000000e+00 0.000000000000000000e+00 0.000000000000000000e+00 0.000000000000000000e+00 0.000000000000000000e+00 3.061224489795918297e-02 5.080660835762875749e-01 6.555388283985327247e-01 6.104484351521776153e-01 5.569102708498725463e-01 5.518490957102331063e-01 5.595620452968051994e-01 5.627147690436266059e-01 5.630785349854227073e-01 5.630785349854227073e-01 5.630785349854227073e-01 5.630785349854227073e-01 5.630785349854227073e-01 5.630785349854227073e-01 5.630785349854227073e-01 5.630785349854227073e-01 5.630785349854227073e-01 5.630785349854227073e-01 5.630785349854227073e-01 5.630372508385350638e-01 5.624588125751543988e-01 5.584509559579308169e-01 5.495142280628616538e-01 5.714111064123523764e-01 6.276146727825147043e-01 7.100671720569678991e-01 2.933673469387755306e-01 0.000000000000000000e+00 0.000000000000000000e+00 0.000000000000000000e+00 0.000000000000000000e+00 0.000000000000000000e+00 0.000000000000000000e+00 
0.000000000000000000e+00 0.000000000000000000e+00 0.000000000000000000e+00 0.000000000000000000e+00 0.000000000000000000e+00 0.000000000000000000e+00 5.340136054421767975e-01 6.492345694784562582e-01 6.247495234742053150e-01 5.666600252462684617e-01 5.497637713117531355e-01 5.579920465547199004e-01 5.623586429764071415e-01 5.633310332641787710e-01 5.633731171039843000e-01 5.633731171039843000e-01 5.633731171039843000e-01 5.633731171039843000e-01 5.633731171039843000e-01 5.633731171039843000e-01 5.633731171039843000e-01 5.633731171039843000e-01 5.633731171039843000e-01 5.633731171039843000e-01 5.633731171039843000e-01 5.626972950868811552e-01 5.598485997781661450e-01 5.499887367370226432e-01 5.608484411887237897e-01 6.122904832899150884e-01 6.739661696215369924e-01 6.709183673469387710e-01 3.061224489795918297e-02 0.000000000000000000e+00 0.000000000000000000e+00 0.000000000000000000e+00 0.000000000000000000e+00 0.000000000000000000e+00 
0.000000000000000000e+00 0.000000000000000000e+00 0.000000000000000000e+00 0.000000000000000000e+00 0.000000000000000000e+00 4.081632653061224164e-02 5.212585034013604846e-01 6.695857848283292002e-01 6.191110399148817001e-01 5.715324058443551625e-01 5.503990334882504776e-01 5.569159146105908675e-01 5.634597647423164046e-01 5.652434607967683489e-01 5.652833454810496372e-01 5.652833454810496372e-01 5.652833454810496372e-01 5.652833454810496372e-01 5.652833454810496372e-01 5.652833454810496372e-01 5.652833454810496372e-01 5.652833454810496372e-01 5.652833454810496372e-01 5.652833454810496372e-01 5.652280667080984422e-01 5.645390687781330907e-01 5.608591749435630769e-01 5.536055340374398392e-01 5.601184624604780282e-01 6.097704530478823548e-01 6.763945096642514088e-01 7.212463556851314017e-01 8.163265306122448328e-02 0.000000000000000000e+00 0.000000000000000000e+00 0.000000000000000000e+00 0.000000000000000000e+00 0.000000000000000000e+00 
0.000000000000000000e+00 0.000000000000000000e+00 0.000000000000000000e+00 0.000000000000000000e+00 0.000000000000000000e+00 1.785714285714285754e-01 6.593658892128279048e-01 6.584157665554302152e-01 6.116686714903216693e-01 5.657835775885782237e-01 5.529205568209655253e-01 5.605791566770822465e-01 5.666490037457174722e-01 5.680083990604748445e-01 5.680751734191210600e-01 5.680894679300289019e-01 5.680894679300289019e-01 5.680894679300289019e-01 5.680894679300289019e-01 5.680894679300289019e-01 5.680894679300289019e-01 5.680894679300289019e-01 5.680894679300289019e-01 5.680894679300289019e-01 5.678700974513116728e-01 5.666661200855499514e-01 5.614250229803883219e-01 5.540543541182954002e-01 5.705640165698149247e-01 6.235858926608043307e-01 6.839043393800698922e-01 6.842079689018463196e-01 1.020408163265306145e-01 1.020408163265306041e-02 0.000000000000000000e+00 0.000000000000000000e+00 0.000000000000000000e+00 0.000000000000000000e+00 
0.000000000000000000e+00 0.000000000000000000e+00 0.000000000000000000e+00 0.000000000000000000e+00 0.000000000000000000e+00 6.122448979591836593e-02 6.651360544217685966e-01 6.663655428689347904e-01 6.257914623437963453e-01 5.760704620573277035e-01 5.566625004280575384e-01 5.632826833167918767e-01 5.695795531157835656e-01 5.714392465677987643e-01 5.714375536936675548e-01 5.714513483965015794e-01 5.714513483965015794e-01 5.714513483965015794e-01 5.714513483965015794e-01 5.714513483965015794e-01 5.714513483965015794e-01 5.714513483965015794e-01 5.714513483965015794e-01 5.714513483965015794e-01 5.713888774168044415e-01 5.703279402671582732e-01 5.659907693607679757e-01 5.573520978655758240e-01 5.674594397822907421e-01 6.164155171144506395e-01 6.746838535217412058e-01 7.360220278587624732e-01 1.088435374149659962e-01 1.020408163265306041e-02 0.000000000000000000e+00 0.000000000000000000e+00 0.000000000000000000e+00 0.000000000000000000e+00 
0.000000000000000000e+00 0.000000000000000000e+00 0.000000000000000000e+00 0.000000000000000000e+00 0.000000000000000000e+00 3.707482993197279142e-01 6.851304591100508823e-01 6.527066998369660533e-01 6.107884766604418925e-01 5.713368256636661702e-01 5.576303036037162375e-01 5.646036523931773354e-01 5.704710910050454498e-01 5.724728538160823721e-01 5.728505158780932138e-01 5.728468172983477436e-01 5.728468172983477436e-01 5.728468172983477436e-01 5.728468172983477436e-01 5.728468172983477436e-01 5.728468172983477436e-01 5.728468172983477436e-01 5.728468172983477436e-01 5.728468172983477436e-01 5.725303395946221841e-01 5.704748844915190631e-01 5.648115063348848608e-01 5.595398683860619560e-01 5.744174648786448678e-01 6.192183570750530164e-01 6.637700994772196550e-01 7.081308713961774748e-01 3.835034013605442271e-01 1.020408163265306041e-02 0.000000000000000000e+00 0.000000000000000000e+00 0.000000000000000000e+00 0.000000000000000000e+00 
0.000000000000000000e+00 0.000000000000000000e+00 0.000000000000000000e+00 0.000000000000000000e+00 0.000000000000000000e+00 4.268707482993197022e-01 6.879262319313339535e-01 6.616344128628650623e-01 6.187859059370475201e-01 5.747754223582707267e-01 5.593970996995970557e-01 5.638859565455035527e-01 5.716373902383311556e-01 5.742316633184826324e-01 5.745874012950455967e-01 5.745809037900875271e-01 5.745809037900875271e-01 5.745809037900875271e-01 5.745809037900875271e-01 5.745809037900875271e-01 5.745809037900875271e-01 5.745809037900875271e-01 5.745809037900875271e-01 5.745809037900875271e-01 5.742677273155322171e-01 5.718433292314700767e-01 5.651818842768632223e-01 5.594178454047442628e-01 5.745273869859208737e-01 6.177676059792438501e-01 6.792709125346001464e-01 7.172655858880345736e-01 4.472789115646257918e-01 1.020408163265306041e-02 0.000000000000000000e+00 0.000000000000000000e+00 0.000000000000000000e+00 0.000000000000000000e+00 
0.000000000000000000e+00 0.000000000000000000e+00 0.000000000000000000e+00 0.000000000000000000e+00 2.142857142857142738e-01 6.338313896987366469e-01 6.799135246280294531e-01 6.296380328607996679e-01 5.907384472889468663e-01 5.548287341520533600e-01 5.559656708374378642e-01 5.624088196517323945e-01 5.670133972864475069e-01 5.689472711458749554e-01 5.690707387410852691e-01 5.690977283770650708e-01 5.690977283770650708e-01 5.690977283770650708e-01 5.690977283770650708e-01 5.690977283770650708e-01 5.690977283770650708e-01 5.690977283770650708e-01 5.690977283770650708e-01 5.688693594669528286e-01 5.679585569291969449e-01 5.624844081028449461e-01 5.556426575681917557e-01 5.552958847892556227e-01 5.933667490987983850e-01 6.325632277824682070e-01 6.779489144905460618e-01 7.274173955296403538e-01 2.627551020408163129e-01 2.040816326530612082e-02 0.000000000000000000e+00 0.000000000000000000e+00 0.000000000000000000e+00 0.000000000000000000e+00 
0.000000000000000000e+00 0.000000000000000000e+00 0.000000000000000000e+00 0.000000000000000000e+00 2.040816326530612082e-02 4.120748299319728081e-01 6.931611189264249573e-01 6.676138693266367996e-01 6.256300955826477050e-01 5.811530260777718615e-01 5.573046739091541690e-01 5.601618870936416750e-01 5.687307566913064605e-01 5.726749738569893999e-01 5.734999379158478572e-01 5.735596673734428830e-01 5.735741618075802517e-01 5.735741618075802517e-01 5.735741618075802517e-01 5.735741618075802517e-01 5.735741618075802517e-01 5.735741618075802517e-01 5.735741618075802517e-01 5.735631660299588264e-01 5.731969416349117497e-01 5.710055352466922862e-01 5.644346084973835831e-01 5.579482666528590151e-01 5.670987638680743403e-01 6.087873787707175355e-01 6.597102327845002501e-01 6.919919274297869904e-01 5.999028182701651168e-01 1.071428571428571369e-01 1.020408163265306041e-02 0.000000000000000000e+00 0.000000000000000000e+00 0.000000000000000000e+00 
0.000000000000000000e+00 0.000000000000000000e+00 0.000000000000000000e+00 0.000000000000000000e+00 8.163265306122448328e-02 5.243197278911564396e-01 6.985719754102107659e-01 6.651413371944810971e-01 6.244501771596142614e-01 5.807825135778478254e-01 5.597320288017606504e-01 5.627497032315054160e-01 5.700039000690394486e-01 5.738407657517891058e-01 5.751093386967797150e-01 5.752123375100153257e-01 5.752247327502429952e-01 5.752247327502429952e-01 5.752247327502429952e-01 5.752247327502429952e-01 5.752247327502429952e-01 5.752247327502429952e-01 5.752247327502429952e-01 5.751827029777260014e-01 5.746748967533883423e-01 5.717157459672265185e-01 5.650473906144146685e-01 5.587297273308255985e-01 5.706086429409603644e-01 6.091227239060950094e-01 6.498917260108210137e-01 6.788803646053122032e-01 6.955539358600583144e-01 1.938775510204081565e-01 1.020408163265306041e-02 0.000000000000000000e+00 0.000000000000000000e+00 0.000000000000000000e+00 
0.000000000000000000e+00 0.000000000000000000e+00 0.000000000000000000e+00 0.000000000000000000e+00 1.428571428571428492e-01 5.642857142857140573e-01 6.716459094021962617e-01 6.602796510984884071e-01 6.177652458759845810e-01 5.799896895618602555e-01 5.608274499254604084e-01 5.647703272943079833e-01 5.718467116260913530e-01 5.753994361383755196e-01 5.765066045725592003e-01 5.766294838020294966e-01 5.766429786200193419e-01 5.766429786200193419e-01 5.766429786200193419e-01 5.766429786200193419e-01 5.766429786200193419e-01 5.766429786200193419e-01 5.766429786200193419e-01 5.765939163278641644e-01 5.760892300125977084e-01 5.731706360093129504e-01 5.659242405503475126e-01 5.611084930173303453e-01 5.732820961869730114e-01 6.126106429993399827e-01 6.503869192713964686e-01 6.879556583944701487e-01 6.667395529640426366e-01 1.887755102040816202e-01 1.020408163265306041e-02 0.000000000000000000e+00 0.000000000000000000e+00 0.000000000000000000e+00 
0.000000000000000000e+00 0.000000000000000000e+00 0.000000000000000000e+00 0.000000000000000000e+00 1.632653061224489666e-01 5.125850340136054450e-01 7.098789491259637208e-01 6.623843894915401043e-01 6.241952150387178877e-01 5.817728804884885196e-01 5.595468146067436033e-01 5.612244480891085407e-01 5.691386800454020234e-01 5.738701696454563406e-01 5.752300898582427546e-01 5.755770308011251002e-01 5.755861273080663532e-01 5.755861273080663532e-01 5.755861273080663532e-01 5.755861273080663532e-01 5.755861273080663532e-01 5.755861273080663532e-01 5.755861273080663532e-01 5.754969328454474509e-01 5.749368858651903169e-01 5.711034571143728256e-01 5.648266491180462534e-01 5.588915036067984010e-01 5.707040330615813506e-01 6.095685461485491619e-01 6.565349433257064993e-01 6.964883187185128000e-01 7.281098153547130858e-01 3.027210884353741527e-01 2.040816326530612082e-02 0.000000000000000000e+00 0.000000000000000000e+00 0.000000000000000000e+00 
0.000000000000000000e+00 0.000000000000000000e+00 0.000000000000000000e+00 0.000000000000000000e+00 2.312925170068027003e-01 6.839285714285713302e-01 7.009741360586673187e-01 6.518420553960074804e-01 6.126129987083209771e-01 5.758748924170595807e-01 5.607475264035525209e-01 5.646138698617426677e-01 5.724542369688079280e-01 5.761941539804333878e-01 5.774458402223321407e-01 5.776656287795010059e-01 5.776588313896987570e-01 5.776588313896987570e-01 5.776588313896987570e-01 5.776588313896987570e-01 5.776588313896987570e-01 5.776588313896987570e-01 5.776588313896987570e-01 5.774981595024010206e-01 5.763283129028361484e-01 5.716707724873995033e-01 5.653951084516680714e-01 5.624044756277605250e-01 5.797819117522534649e-01 6.206072620291619435e-01 6.673556985747073345e-01 7.003879268346152598e-01 6.735665694849368723e-01 2.244897959183673464e-01 1.020408163265306041e-02 0.000000000000000000e+00 0.000000000000000000e+00 0.000000000000000000e+00 
0.000000000000000000e+00 0.000000000000000000e+00 0.000000000000000000e+00 0.000000000000000000e+00 2.261904761904761640e-01 6.955296404275994604e-01 6.985542563619104861e-01 6.544516579903818521e-01 6.151017009679576875e-01 5.768860868916109164e-01 5.617193057786107335e-01 5.669398393971417649e-01 5.740673621578952224e-01 5.776168412078184211e-01 5.789036172969559413e-01 5.790588556851310464e-01 5.790588556851310464e-01 5.790588556851310464e-01 5.790588556851310464e-01 5.790588556851310464e-01 5.790588556851310464e-01 5.790588556851310464e-01 5.790588556851310464e-01 5.788335986606255590e-01 5.778448591741212059e-01 5.737896733484058043e-01 5.674356927836153863e-01 5.633685794353839871e-01 5.809557345984741605e-01 6.241880997867607084e-01 6.653755732004223988e-01 7.065902418243352745e-01 7.029154518950437858e-01 1.938775510204081565e-01 0.000000000000000000e+00 0.000000000000000000e+00 0.000000000000000000e+00 0.000000000000000000e+00 
0.000000000000000000e+00 0.000000000000000000e+00 0.000000000000000000e+00 0.000000000000000000e+00 9.183673469387755584e-02 5.681972789115645739e-01 7.204423002967421663e-01 6.820416191229641267e-01 6.412248904722995801e-01 5.953649314969262640e-01 5.626058320406155389e-01 5.612765063843181412e-01 5.698526415571473214e-01 5.755838050797437155e-01 5.778246391750064825e-01 5.781575636860207812e-01 5.781629616132167859e-01 5.781629616132167859e-01 5.781629616132167859e-01 5.781629616132167859e-01 5.781629616132167859e-01 5.781629616132167859e-01 5.781629616132167859e-01 5.780751953154750211e-01 5.775424432108200445e-01 5.744141599892871319e-01 5.687272303801967910e-01 5.607582844672647227e-01 5.664818307964553101e-01 6.052216052519432399e-01 6.510782736330120724e-01 6.918849319494830841e-01 7.091685808522542045e-01 3.673469387755102233e-01 3.061224489795918297e-02 0.000000000000000000e+00 0.000000000000000000e+00 0.000000000000000000e+00 
0.000000000000000000e+00 0.000000000000000000e+00 0.000000000000000000e+00 6.122448979591836593e-02 4.447278911564625514e-01 7.718051506316810917e-01 6.839865658788114589e-01 6.506754335286880631e-01 6.061305518532507097e-01 5.715377156211314258e-01 5.636630497253108940e-01 5.699430572798726002e-01 5.755299968175084935e-01 5.793143514378583658e-01 5.803493932032061098e-01 5.804979221312349669e-01 5.805272108843537726e-01 5.805272108843537726e-01 5.805272108843537726e-01 5.805272108843537726e-01 5.805272108843537726e-01 5.805272108843537726e-01 5.804456422067260091e-01 5.799736722196831007e-01 5.773028522375027727e-01 5.730436045174005510e-01 5.648557054703580160e-01 5.667252104818780722e-01 5.919403368487148320e-01 6.306336523743434341e-01 6.636011492271758350e-01 6.983806459646794140e-01 6.491496598639454607e-01 2.006802721088435382e-01 2.040816326530612082e-02 0.000000000000000000e+00 0.000000000000000000e+00 0.000000000000000000e+00 
0.000000000000000000e+00 0.000000000000000000e+00 0.000000000000000000e+00 7.142857142857142461e-02 5.144557823129251029e-01 7.427978767264481474e-01 6.818347760697800464e-01 6.444332806137536007e-01 6.021565482826226612e-01 5.650827081454919965e-01 5.612959930746018733e-01 5.686778108665166975e-01 5.753686188030247006e-01 5.781359409311670472e-01 5.790642750775796266e-01 5.791381680863121328e-01 5.791499635568514437e-01 5.791499635568514437e-01 5.791499635568514437e-01 5.791499635568514437e-01 5.791499635568514437e-01 5.791499635568514437e-01 5.791086794099638002e-01 5.783607477117671536e-01 5.758656198666584070e-01 5.695457633120954988e-01 5.613464149474444165e-01 5.634779663760179913e-01 6.002532217888043586e-01 6.452679495818909317e-01 6.866141757121160261e-01 7.179548484395423813e-01 6.636054421768706746e-01 1.275510204081632681e-01 1.020408163265306041e-02 0.000000000000000000e+00 0.000000000000000000e+00 0.000000000000000000e+00 
0.000000000000000000e+00 0.000000000000000000e+00 0.000000000000000000e+00 7.142857142857142461e-02 4.668367346938775420e-01 7.137788798503081900e-01 6.970833665205914409e-01 6.524862128248571924e-01 6.132714090745786661e-01 5.789216217104512507e-01 5.633650298669120593e-01 5.690449464153320980e-01 5.760064980539438828e-01 5.803227206991899978e-01 5.822545091913916560e-01 5.825413850605176691e-01 5.825558794946550378e-01 5.825558794946550378e-01 5.825558794946550378e-01 5.825558794946550378e-01 5.825558794946550378e-01 5.825558794946550378e-01 5.824809082835999963e-01 5.820526904483771524e-01 5.795570705654714549e-01 5.745379334682556571e-01 5.686617083970119113e-01 5.675011066814817928e-01 5.865962171864478325e-01 6.295465465914019676e-01 6.612599951529319897e-01 6.968112819328511343e-01 7.464569160997731601e-01 3.316326530612244694e-01 4.081632653061224164e-02 0.000000000000000000e+00 0.000000000000000000e+00 0.000000000000000000e+00 
0.000000000000000000e+00 0.000000000000000000e+00 0.000000000000000000e+00 1.428571428571428492e-01 6.096938775510204467e-01 7.251280465566176670e-01 6.849586392081424835e-01 6.465274883638461034e-01 6.065762417626529013e-01 5.704609231317558926e-01 5.648078226652418765e-01 5.702872154301321661e-01 5.768653002515909956e-01 5.805393971339236625e-01 5.815702069820471998e-01 5.817616844655459918e-01 5.817586856171038656e-01 5.817586856171038656e-01 5.817586856171038656e-01 5.817586856171038656e-01 5.817586856171038656e-01 5.817586856171038656e-01 5.815801648608980301e-01 5.808482101150811427e-01 5.779527414840532895e-01 5.722246211381509795e-01 5.651468070580658587e-01 5.668827064833690255e-01 5.976382446841508322e-01 6.367429280458060115e-01 6.756181047054249378e-01 7.086750867513169627e-01 6.883260447035959295e-01 2.465986394557822814e-01 1.020408163265306041e-02 0.000000000000000000e+00 0.000000000000000000e+00 0.000000000000000000e+00 
0.000000000000000000e+00 0.000000000000000000e+00 0.000000000000000000e+00 1.020408163265306145e-01 5.493197278911564618e-01 7.367913832199548541e-01 7.039007088186940431e-01 6.602720666256255422e-01 6.272715372365810227e-01 5.883344945515666113e-01 5.676833216390512193e-01 5.715586955822975490e-01 5.773326803552439879e-01 5.823927370116674940e-01 5.846806003565583332e-01 5.853531070663655633e-01 5.853923712342081753e-01 5.853923712342081753e-01 5.853923712342081753e-01 5.853923712342081753e-01 5.853923712342081753e-01 5.853923712342081753e-01 5.852685357681590705e-01 5.846977073084098642e-01 5.825672034441594649e-01 5.776248009506932402e-01 5.718268504035024513e-01 5.674868292388232094e-01 5.824644469980382322e-01 6.227984106509332207e-01 6.527458491690313336e-01 6.979223828995798629e-01 7.393999990938765476e-01 5.246598639455782864e-01 6.122448979591836593e-02 0.000000000000000000e+00 0.000000000000000000e+00 0.000000000000000000e+00 
0.000000000000000000e+00 0.000000000000000000e+00 0.000000000000000000e+00 1.020408163265306041e-02 3.180272108843537060e-01 7.432701652089406252e-01 7.287750956193331797e-01 6.787749257870934194e-01 6.503328611070531284e-01 6.038597955378994797e-01 5.707505694976273691e-01 5.693993508195134279e-01 5.757929602783243839e-01 5.817712711710633089e-01 5.845823227171693670e-01 5.854198987588765668e-01 5.854591836734692745e-01 5.854591836734692745e-01 5.854591836734692745e-01 5.854591836734692745e-01 5.854591836734692745e-01 5.854591836734692745e-01 5.854448891625615436e-01 5.849935377785985269e-01 5.837123909358680196e-01 5.802293913792250235e-01 5.745910695977413107e-01 5.658023851971487606e-01 5.722164214069758170e-01 6.091243233344176833e-01 6.458667954321560822e-01 6.855467745359803411e-01 7.323328032511706720e-01 5.702380952380952106e-01 7.142857142857142461e-02 0.000000000000000000e+00 0.000000000000000000e+00 0.000000000000000000e+00 
0.000000000000000000e+00 0.000000000000000000e+00 0.000000000000000000e+00 1.020408163265306145e-01 4.727891156462584732e-01 7.448985821434799259e-01 6.981401002888995011e-01 6.689398717489063451e-01 6.342246810964421444e-01 5.967114825524498789e-01 5.726463707592522878e-01 5.712455506818499007e-01 5.769131280613638557e-01 5.829310364502555686e-01 5.856162642067550550e-01 5.866222086801324842e-01 5.867286200194362644e-01 5.867286200194362644e-01 5.867286200194362644e-01 5.867286200194362644e-01 5.867286200194362644e-01 5.867286200194362644e-01 5.866504500367095698e-01 5.861797212155055448e-01 5.842411658963625465e-01 5.800740520832544656e-01 5.731842612767095169e-01 5.683579149073310077e-01 5.786060278407689772e-01 6.114353256143852944e-01 6.497457844823069095e-01 6.875816823484527385e-01 7.200953241769568747e-01 6.192905733722060546e-01 1.224489795918367319e-01 0.000000000000000000e+00 0.000000000000000000e+00 0.000000000000000000e+00 
0.000000000000000000e+00 0.000000000000000000e+00 0.000000000000000000e+00 8.163265306122448328e-02 4.812925170068027003e-01 7.665654356980888817e-01 7.270465912733564684e-01 6.777425838092685506e-01 6.410036818309188256e-01 6.011434736455085748e-01 5.722730113704423971e-01 5.699887884821345230e-01 5.762927705854393734e-01 5.832745982999326673e-01 5.863164352260445966e-01 5.874456510586728575e-01 5.875227769679302048e-01 5.875227769679302048e-01 5.875227769679302048e-01 5.875227769679302048e-01 5.875227769679302048e-01 5.875227769679302048e-01 5.874327115530494359e-01 5.868813111473147881e-01 5.850057826530589145e-01 5.805716338089089712e-01 5.746421294265706692e-01 5.687762830238750622e-01 5.770180607483497148e-01 6.117780922908012675e-01 6.517722511103356542e-01 6.937349965894762382e-01 7.208850814718160693e-01 6.405247813411077962e-01 1.326530612244898044e-01 0.000000000000000000e+00 0.000000000000000000e+00 0.000000000000000000e+00 
0.000000000000000000e+00 0.000000000000000000e+00 0.000000000000000000e+00 9.183673469387755584e-02 4.863945578231292366e-01 7.877024619371557623e-01 7.108198986435405597e-01 6.701951284540925702e-01 6.375200589354682590e-01 5.969434042868442258e-01 5.757815226828594257e-01 5.774283363041332606e-01 5.833226706473253476e-01 5.884568576796542771e-01 5.906584678542448064e-01 5.914944280443932279e-01 5.915148202138000855e-01 5.915148202138000855e-01 5.915148202138000855e-01 5.915148202138000855e-01 5.915148202138000855e-01 5.915148202138000855e-01 5.913989647023164542e-01 5.908947364978811567e-01 5.889961240014366384e-01 5.847590813658370967e-01 5.784569533948937803e-01 5.729776606871630484e-01 5.867744321627874626e-01 6.228553689512694724e-01 6.582872554475958093e-01 6.968086101194043147e-01 7.382277586359214938e-01 6.170068027210884321e-01 5.102040816326530726e-02 0.000000000000000000e+00 0.000000000000000000e+00 0.000000000000000000e+00 
0.000000000000000000e+00 0.000000000000000000e+00 1.020408163265306041e-02 1.989795918367346927e-01 6.857142857142857206e-01 7.420466754800486564e-01 6.940992053882207857e-01 6.619248620503221936e-01 6.241924252409514207e-01 5.879496943356149474e-01 5.736377087097803695e-01 5.773706020425048990e-01 5.829284897343206540e-01 5.877713786399447748e-01 5.901093276651769859e-01 5.910140601247217962e-01 5.910881316812439668e-01 5.910881316812439668e-01 5.910881316812439668e-01 5.910881316812439668e-01 5.910881316812439668e-01 5.910757364410162973e-01 5.908519984570311800e-01 5.897865499230211528e-01 5.871472010031647537e-01 5.818261666405165622e-01 5.749250670524224116e-01 5.740402135139152096e-01 5.938414331070562824e-01 6.305081063795627827e-01 6.601482223269894423e-01 6.972104277370236858e-01 7.525362959036427934e-01 6.003401360544217136e-01 1.020408163265306145e-01 0.000000000000000000e+00 0.000000000000000000e+00 0.000000000000000000e+00 
0.000000000000000000e+00 0.000000000000000000e+00 2.040816326530612082e-02 3.554421768707482499e-01 7.758381924198249902e-01 7.077728543965037256e-01 6.855621593103299327e-01 6.546383922177233528e-01 6.185803463603533059e-01 5.866878126677355088e-01 5.764722251042027068e-01 5.770248936361893621e-01 5.833335853952261729e-01 5.874875933949945672e-01 5.899422456171714568e-01 5.910584188322178800e-01 5.911169825072887241e-01 5.911169825072887241e-01 5.911169825072887241e-01 5.911169825072887241e-01 5.911169825072887241e-01 5.910907925642269189e-01 5.906873463467693375e-01 5.892526962809151447e-01 5.865884167409176619e-01 5.808056980180209550e-01 5.747116940430035958e-01 5.759315204162218649e-01 5.959101383863444346e-01 6.236879155086985094e-01 6.602371409202398844e-01 6.844393294271133854e-01 7.206725247541571067e-01 7.047619047619049226e-01 1.581632653061224580e-01 0.000000000000000000e+00 0.000000000000000000e+00 0.000000000000000000e+00 
0.000000000000000000e+00 0.000000000000000000e+00 1.020408163265306041e-02 1.836734693877551117e-01 6.558551992225460925e-01 7.682819179865362225e-01 6.982604723962049231e-01 6.660840114092909658e-01 6.290815781660984429e-01 5.962072451584501387e-01 5.764151396054796317e-01 5.774515066087170245e-01 5.834392552658089759e-01 5.886162972935291560e-01 5.918503172669713486e-01 5.928904473189036128e-01 5.929984504997701800e-01 5.930135447035959073e-01 5.930135447035959073e-01 5.930135447035959073e-01 5.930135447035959073e-01 5.930012494249828903e-01 5.927652250916647381e-01 5.919643849828012394e-01 5.886117590401468425e-01 5.845219953507769794e-01 5.778282186549552613e-01 5.767902724908992029e-01 5.904512826263654812e-01 6.257116192734042404e-01 6.576159321037866601e-01 6.917512448906117939e-01 7.325133341714975543e-01 6.882653061224489610e-01 1.530612244897959218e-01 1.020408163265306041e-02 0.000000000000000000e+00 0.000000000000000000e+00 
0.000000000000000000e+00 0.000000000000000000e+00 3.061224489795918297e-02 3.418367346938775420e-01 7.289115646258502723e-01 7.287154172358252247e-01 6.930374241933148216e-01 6.599248052716794044e-01 6.214361180797814965e-01 5.860670326882437831e-01 5.757927285700071840e-01 5.782529124369764073e-01 5.841091742627914085e-01 5.885154142701202185e-01 5.909458607288433640e-01 5.919190156765965494e-01 5.919323979591835094e-01 5.919323979591835094e-01 5.919323979591835094e-01 5.919323979591835094e-01 5.919323979591835094e-01 5.918931130445906907e-01 5.916006637099152643e-01 5.902180604348294946e-01 5.871373248086853014e-01 5.812219142411408912e-01 5.742684187640227922e-01 5.755730544702014617e-01 5.991650867046582896e-01 6.305199735470294886e-01 6.637485839968704227e-01 6.954693197331640597e-01 7.309599414191247924e-01 5.727891156462584510e-01 9.183673469387755584e-02 0.000000000000000000e+00 0.000000000000000000e+00 0.000000000000000000e+00 
0.000000000000000000e+00 0.000000000000000000e+00 2.040816326530612082e-02 2.500000000000000000e-01 7.515306122448979220e-01 7.377682974621748713e-01 6.983561056580070980e-01 6.672784559085849221e-01 6.237546561071662943e-01 5.902829207898332431e-01 5.755908724129755738e-01 5.763452212174660083e-01 5.837677769287981100e-01 5.886897366244367991e-01 5.912635361871940720e-01 5.922532917171127176e-01 5.923150510204082675e-01 5.923150510204082675e-01 5.923150510204082675e-01 5.923150510204082675e-01 5.923150510204082675e-01 5.922884612308874086e-01 5.920742051404461748e-01 5.908890784074316560e-01 5.884952208717576516e-01 5.827042434532145876e-01 5.752114377847210580e-01 5.763412884926711888e-01 5.944643886014400191e-01 6.291682757636447576e-01 6.713759858526308077e-01 6.986654168127646169e-01 7.373017855160709511e-01 5.880952380952380043e-01 9.693877551020407823e-02 0.000000000000000000e+00 0.000000000000000000e+00 0.000000000000000000e+00 
0.000000000000000000e+00 0.000000000000000000e+00 1.020408163265306041e-02 1.428571428571428492e-01 5.518707482993197022e-01 7.532946078864444228e-01 7.124213999783060025e-01 6.798522256571412070e-01 6.507282663516112953e-01 6.136505579035128610e-01 5.817040216288200671e-01 5.773810940116226309e-01 5.810773183261622732e-01 5.879508022601933614e-01 5.922239947538630034e-01 5.938729608803289262e-01 5.941599854227405109e-01 5.941599854227405109e-01 5.941599854227405109e-01 5.941599854227405109e-01 5.941599854227405109e-01 5.941480899905864366e-01 5.940199071373303275e-01 5.933599375219518191e-01 5.909970956592732749e-01 5.873304693747011251e-01 5.813969332833802683e-01 5.750131064381549528e-01 5.802235824308962231e-01 6.120059851020105413e-01 6.456784545886768978e-01 6.925013977404057552e-01 7.254248949259847201e-01 7.162900874635567128e-01 3.180272108843537615e-01 0.000000000000000000e+00 0.000000000000000000e+00 0.000000000000000000e+00 
0.000000000000000000e+00 0.000000000000000000e+00 2.040816326530612082e-02 2.704081632653061451e-01 7.338435374149659962e-01 7.457707541891215319e-01 7.034866449827685830e-01 6.652553722050990048e-01 6.353433965761192681e-01 5.981084211890024260e-01 5.758284878417956332e-01 5.744705502930698149e-01 5.823623178122555588e-01 5.868917587014779169e-01 5.909228017533919575e-01 5.920368046774262538e-01 5.923097482947501380e-01 5.923226433430516247e-01 5.923226433430516247e-01 5.923226433430516247e-01 5.923226433430516247e-01 5.922966533232192354e-01 5.919985289739314593e-01 5.907710576241691491e-01 5.882814057447843803e-01 5.831789136856511124e-01 5.773667062450901222e-01 5.733869041440241565e-01 5.868976739822810984e-01 6.217761174519388367e-01 6.596218795203483420e-01 6.813869482144282452e-01 7.310213232110935877e-01 7.562682215743439240e-01 2.653061224489796088e-01 1.020408163265306041e-02 0.000000000000000000e+00 0.000000000000000000e+00 
0.000000000000000000e+00 0.000000000000000000e+00 1.020408163265306041e-02 1.377551020408163129e-01 6.544217687074830314e-01 7.465821310209062034e-01 7.057266057409602444e-01 6.814703770747457812e-01 6.501319121177175919e-01 6.048753222375499172e-01 5.776667119799288042e-01 5.740813194753233706e-01 5.801712191381744876e-01 5.867598258609458828e-01 5.903493975893812085e-01 5.919420972894476884e-01 5.921655655656798967e-01 5.921601676384838919e-01 5.921601676384838919e-01 5.921601676384838919e-01 5.921601676384838919e-01 5.921473725517971687e-01 5.920148226533866742e-01 5.910980414339942479e-01 5.888946246054098665e-01 5.845975038825698133e-01 5.768479335879157510e-01 5.701581355325587852e-01 5.817742803939640606e-01 6.141211572570884902e-01 6.532802129645011169e-01 6.890704207460442987e-01 7.213291477096995807e-01 7.284985422740523076e-01 2.500000000000000000e-01 1.020408163265306041e-02 0.000000000000000000e+00 0.000000000000000000e+00 
0.000000000000000000e+00 0.000000000000000000e+00 3.061224489795918297e-02 3.146258503401360707e-01 7.302721088435375485e-01 7.503163056063162362e-01 7.072818437941915670e-01 6.700049647530428309e-01 6.330860917970049240e-01 5.991490831747448009e-01 5.805899749611116434e-01 5.813000994972871149e-01 5.867679494274917751e-01 5.928788799800496223e-01 5.957898026610044528e-01 5.971692419975958011e-01 5.973694720275035674e-01 5.973821671525754162e-01 5.973821671525754162e-01 5.973821671525754162e-01 5.973821671525754162e-01 5.973422824682942389e-01 5.970711757551726562e-01 5.958504903503519801e-01 5.924958684979112489e-01 5.869983262382058031e-01 5.808129028460692345e-01 5.800817984152903950e-01 5.958835271111951881e-01 6.298543526592068620e-01 6.645647809621380020e-01 7.032077309859975367e-01 7.284549150995724975e-01 7.299076773566569587e-01 2.142857142857142738e-01 1.020408163265306041e-02 0.000000000000000000e+00 0.000000000000000000e+00 
0.000000000000000000e+00 0.000000000000000000e+00 4.081632653061224164e-02 4.795918367346938549e-01 7.621517654680918241e-01 7.303895646012757981e-01 6.963533963324786136e-01 6.613894357842305949e-01 6.259436136989031674e-01 5.932849339197051597e-01 5.801270685353475676e-01 5.813982190087989554e-01 5.878533694724186187e-01 5.924300136373873427e-01 5.958420816814343768e-01 5.970792707101829633e-01 5.973650499160704230e-01 5.973882410106901020e-01 5.973882410106901020e-01 5.973882410106901020e-01 5.973882410106901020e-01 5.973561533323585859e-01 5.967613381743513967e-01 5.950298771788287144e-01 5.915433235604968809e-01 5.856009336383103392e-01 5.803895229732050076e-01 5.817068939211830214e-01 6.018050340902774131e-01 6.335223134829667258e-01 6.677948242677276269e-01 6.971421769247916345e-01 7.448360544596406285e-01 7.120748299319725749e-01 2.500000000000000000e-01 2.040816326530612082e-02 0.000000000000000000e+00 0.000000000000000000e+00 
0.000000000000000000e+00 0.000000000000000000e+00 1.020408163265306041e-02 1.887755102040816202e-01 5.982993197278911879e-01 7.745497982742879373e-01 7.127595734028845387e-01 6.872086200697140601e-01 6.552687838980525425e-01 6.158959418187694990e-01 5.819117745241163542e-01 5.752015606080501664e-01 5.792919740543722718e-01 5.872787112054224101e-01 5.911089339597002112e-01 5.934910603631505799e-01 5.939202917508249469e-01 5.939458819241983933e-01 5.939458819241983933e-01 5.939458819241983933e-01 5.939458819241983933e-01 5.939322871445936736e-01 5.938193682413016594e-01 5.929288112164238234e-01 5.904525417072965521e-01 5.868991539066240604e-01 5.797293103969508588e-01 5.733888597289472644e-01 5.789186801964237850e-01 6.105017883906223020e-01 6.462781643395405506e-01 6.879674119773891983e-01 7.146740984220274484e-01 7.861030126336246981e-01 4.251700680272109123e-01 2.040816326530612082e-02 0.000000000000000000e+00 0.000000000000000000e+00 
0.000000000000000000e+00 0.000000000000000000e+00 4.081632653061224164e-02 4.965986394557823091e-01 7.760204081632652295e-01 7.183714402478392769e-01 6.908738562037124442e-01 6.584454392374230469e-01 6.196196665299582573e-01 5.880362753514623009e-01 5.799484736048496902e-01 5.816083237682606599e-01 5.874390156419497799e-01 5.919531152518257011e-01 5.950213829754389394e-01 5.961760040317971576e-01 5.964129393360568798e-01 5.964255344995140762e-01 5.964255344995140762e-01 5.964255344995140762e-01 5.964255344995140762e-01 5.963946463605594994e-01 5.957732376854041334e-01 5.938006371714487086e-01 5.902140810576735896e-01 5.835576822687901233e-01 5.775003579587626446e-01 5.815462350725850715e-01 6.062407418729864883e-01 6.349430133105099516e-01 6.708925435931274439e-01 7.032675242469264010e-01 7.555134491358980187e-01 7.019436345966957314e-01 1.938775510204081565e-01 1.020408163265306041e-02 0.000000000000000000e+00 0.000000000000000000e+00 
