5.153900384902954102e-01 8.513302503275824162e-14 2.834389096927109941e-21 2.297841499641592888e-26 
5.153900384902954102e-01 8.320626224697993956e-14 3.204833937102670617e-21 2.210633388792596686e-26 
4.960803687572479248e-01 0.000000000000000000e+00 0.000000000000000000e+00 0.000000000000000000e+00 
4.960803687572479248e-01 0.000000000000000000e+00 0.000000000000000000e+00 0.000000000000000000e+00 
4.965781271457672119e-01 3.552713678800500929e-15 -2.117582368135750848e-22 1.262177448353618889e-29 
4.965781271457672119e-01 3.552713678800500929e-15 -2.117582368135750848e-22 1.262177448353618889e-29 
5.072070360183715820e-01 1.421085471520200372e-14 1.694065894508600678e-21 2.019483917365790222e-28 
5.072070360183715820e-01 1.421085471520200372e-14 1.694065894508600678e-21 2.019483917365790222e-28 
5.058230757713317871e-01 0.000000000000000000e+00 0.000000000000000000e+00 0.000000000000000000e+00 
5.058230757713317871e-01 0.000000000000000000e+00 0.000000000000000000e+00 0.000000000000000000e+00 
4.988598823547363281e-01 8.881784197001252323e-16 -2.646977960169688560e-23 7.888609052210118054e-31 
4.988598823547363281e-01 8.881784197001252323e-16 -2.646977960169688560e-23 7.888609052210118054e-31 
5.074759721755981445e-01 1.421085471520200372e-14 1.694065894508600678e-21 2.019483917365790222e-28 
5.074759721755981445e-01 1.421085471520200372e-14 1.694065894508600678e-21 2.019483917365790222e-28 
4.995674490928649902e-01 7.993605777301127091e-15 -7.146840492458159111e-22 6.389773332290195624e-29 
4.995674490928649902e-01 7.993605777301127091e-15 -7.146840492458159111e-22 6.389773332290195624e-29 
4.966078996658325195e-01 7.993605777301127091e-15 7.146840492458159111e-22 6.389773332290195624e-29 
4.966078996658325195e-01 7.993605777301127091e-15 7.146840492458159111e-22 6.389773332290195624e-29 
5.027695894241333008e-01 3.552713678800500929e-15 2.117582368135750848e-22 1.262177448353618889e-29 
5.027695894241333008e-01 3.552713678800500929e-15 2.117582368135750848e-22 1.262177448353618889e-29 
5.097931623458862305e-01 3.552713678800500929e-15 -2.117582368135750848e-22 1.262177448353618889e-29 
5.097931623458862305e-01 3.552713678800500929e-15 -2.117582368135750848e-22 1.262177448353618889e-29 
4.995641112327575684e-01 8.881784197001252323e-16 2.646977960169688560e-23 7.888609052210118054e-31 
4.995641112327575684e-01 8.881784197001252323e-16 2.646977960169688560e-23 7.888609052210118054e-31 
5.059021711349487305e-01 1.421085471520200372e-14 -1.694065894508600678e-21 2.019483917365790222e-28 
5.059021711349487305e-01 1.421085471520200372e-14 -1.694065894508600678e-21 2.019483917365790222e-28 
4.946531355381011963e-01 3.552713678800500929e-15 -2.117582368135750848e-22 1.262177448353618889e-29 
4.946531355381011963e-01 3.552713678800500929e-15 -2.117582368135750848e-22 1.262177448353618889e-29 
4.879010915756225586e-01 7.993605777301127091e-15 -7.146840492458159111e-22 6.389773332290195624e-29 
4.879010915756225586e-01 7.993605777301127091e-15 -7.146840492458159111e-22 6.389773332290195624e-29 
5.018306374549865723e-01 0.000000000000000000e+00 0.000000000000000000e+00 0.000000000000000000e+00 
5.018306374549865723e-01 0.000000000000000000e+00 0.000000000000000000e+00 0.000000000000000000e+00 
4.886951744556427002e-01 3.552713678800500929e-15 2.117582368135750848e-22 1.262177448353618889e-29 
4.886951744556427002e-01 3.552713678800500929e-15 2.117582368135750848e-22 1.262177448353618889e-29 
5.046415328979492188e-01 0.000000000000000000e+00 0.000000000000000000e+00 0.000000000000000000e+00 
5.046415328979492188e-01 0.000000000000000000e+00 0.000000000000000000e+00 0.000000000000000000e+00 
4.984469115734100342e-01 7.993605777301127091e-15 -7.146840492458159111e-22 6.389773332290195624e-29 
4.984469115734100342e-01 7.993605777301127091e-15 -7.146840492458159111e-22 6.389773332290195624e-29 
4.965771138668060303e-01 7.993605777301127091e-15 -7.146840492458159111e-22 6.389773332290195624e-29 
4.965771138668060303e-01 7.993605777301127091e-15 -7.146840492458159111e-22 6.389773332290195624e-29 
4.960856139659881592e-01 8.881784197001252323e-16 -2.646977960169688560e-23 7.888609052210118054e-31 
4.960856139659881592e-01 8.881784197001252323e-16 -2.646977960169688560e-23 7.888609052210118054e-31 
5.003932714462280273e-01 3.552713678800500929e-15 -2.117582368135750848e-22 1.262177448353618889e-29 
5.003932714462280273e-01 3.552713678800500929e-15 -2.117582368135750848e-22 1.262177448353618889e-29 
4.945654273033142090e-01 0.000000000000000000e+00 0.000000000000000000e+00 0.000000000000000000e+00 
4.945654273033142090e-01 0.000000000000000000e+00 0.000000000000000000e+00 0.000000000000000000e+00 
4.964138269424438477e-01 8.881784197001252323e-16 2.646977960169688560e-23 7.888609052210118054e-31 
4.964138269424438477e-01 8.881784197001252323e-16 2.646977960169688560e-23 7.888609052210118054e-31 
5.062798857688903809e-01 0.000000000000000000e+00 0.000000000000000000e+00 0.000000000000000000e+00 
5.062798857688903809e-01 0.000000000000000000e+00 0.000000000000000000e+00 0.000000000000000000e+00 
4.967470765113830566e-01 8.881784197001252323e-16 2.646977960169688560e-23 7.888609052210118054e-31 
4.967470765113830566e-01 8.881784197001252323e-16 2.646977960169688560e-23 7.888609052210118054e-31 
4.968719482421875000e-01 8.881784197001252323e-16 -2.646977960169688560e-23 7.888609052210118054e-31 
4.968719482421875000e-01 8.881784197001252323e-16 -2.646977960169688560e-23 7.888609052210118054e-31 
5.042758584022521973e-01 0.000000000000000000e+00 0.000000000000000000e+00 0.000000000000000000e+00 
5.042758584022521973e-01 0.000000000000000000e+00 0.000000000000000000e+00 0.000000000000000000e+00 
5.029997825622558594e-01 0.000000000000000000e+00 0.000000000000000000e+00 0.000000000000000000e+00 
5.029997825622558594e-01 0.000000000000000000e+00 0.000000000000000000e+00 0.000000000000000000e+00 
5.017862915992736816e-01 0.000000000000000000e+00 0.000000000000000000e+00 0.000000000000000000e+00 
5.017862915992736816e-01 0.000000000000000000e+00 0.000000000000000000e+00 0.000000000000000000e+00 
5.113368630409240723e-01 0.000000000000000000e+00 0.000000000000000000e+00 0.000000000000000000e+00 
5.113368630409240723e-01 0.000000000000000000e+00 0.000000000000000000e+00 0.000000000000000000e+00 
4.941272437572479248e-01 8.881784197001252323e-16 -2.646977960169688560e-23 7.888609052210118054e-31 
4.941272437572479248e-01 8.881784197001252323e-16 -2.646977960169688560e-23 7.888609052210118054e-31 
4.943261444568634033e-01 0.000000000000000000e+00 0.000000000000000000e+00 0.000000000000000000e+00 
4.943261444568634033e-01 0.000000000000000000e+00 0.000000000000000000e+00 0.000000000000000000e+00 
4.979248046875000000e-01 3.552713678800500929e-15 2.117582368135750848e-22 1.262177448353618889e-29 
4.979248046875000000e-01 3.552713678800500929e-15 2.117582368135750848e-22 1.262177448353618889e-29 
5.059612989425659180e-01 1.421085471520200372e-14 -1.694065894508600678e-21 2.019483917365790222e-28 
5.059612989425659180e-01 1.421085471520200372e-14 -1.694065894508600678e-21 2.019483917365790222e-28 
5.035446882247924805e-01 1.421085471520200372e-14 -1.694065894508600678e-21 2.019483917365790222e-28 
5.035446882247924805e-01 1.421085471520200372e-14 -1.694065894508600678e-21 2.019483917365790222e-28 
4.934710562229156494e-01 3.552713678800500929e-15 -2.117582368135750848e-22 1.262177448353618889e-29 
4.934710562229156494e-01 3.552713678800500929e-15 -2.117582368135750848e-22 1.262177448353618889e-29 
5.002060532569885254e-01 0.000000000000000000e+00 0.000000000000000000e+00 0.000000000000000000e+00 
5.002060532569885254e-01 0.000000000000000000e+00 0.000000000000000000e+00 0.000000000000000000e+00 
4.967785477638244629e-01 7.993605777301127091e-15 7.146840492458159111e-22 6.389773332290195624e-29 
4.967785477638244629e-01 7.993605777301127091e-15 7.146840492458159111e-22 6.389773332290195624e-29 
4.982109367847442627e-01 7.993605777301127091e-15 7.146840492458159111e-22 6.389773332290195624e-29 
4.982109367847442627e-01 7.993605777301127091e-15 7.146840492458159111e-22 6.389773332290195624e-29 
4.966578185558319092e-01 3.552713678800500929e-15 -2.117582368135750848e-22 1.262177448353618889e-29 
4.966578185558319092e-01 3.552713678800500929e-15 -2.117582368135750848e-22 1.262177448353618889e-29 
4.935812354087829590e-01 8.881784197001252323e-16 -2.646977960169688560e-23 7.888609052210118054e-31 
4.935812354087829590e-01 8.881784197001252323e-16 -2.646977960169688560e-23 7.888609052210118054e-31 
5.041617155075073242e-01 3.552713678800500929e-15 -2.117582368135750848e-22 1.262177448353618889e-29 
5.041617155075073242e-01 3.552713678800500929e-15 -2.117582368135750848e-22 1.262177448353618889e-29 
4.879416823387145996e-01 8.881784197001252323e-16 2.646977960169688560e-23 7.888609052210118054e-31 
4.879416823387145996e-01 8.881784197001252323e-16 2.646977960169688560e-23 7.888609052210118054e-31 
5.003303289413452148e-01 3.552713678800500929e-15 -2.117582368135750848e-22 1.262177448353618889e-29 
5.003303289413452148e-01 3.552713678800500929e-15 -2.117582368135750848e-22 1.262177448353618889e-29 
4.976907074451446533e-01 7.993605777301127091e-15 7.146840492458159111e-22 6.389773332290195624e-29 
4.976907074451446533e-01 7.993605777301127091e-15 7.146840492458159111e-22 6.389773332290195624e-29 
5.076400041580200195e-01 3.552713678800500929e-15 2.117582368135750848e-22 1.262177448353618889e-29 
5.076400041580200195e-01 3.552713678800500929e-15 2.117582368135750848e-22 1.262177448353618889e-29 
5.020223259925842285e-01 0.000000000000000000e+00 0.000000000000000000e+00 0.000000000000000000e+00 
5.020223259925842285e-01 0.000000000000000000e+00 0.000000000000000000e+00 0.000000000000000000e+00 
5.010914206504821777e-01 0.000000000000000000e+00 0.000000000000000000e+00 0.000000000000000000e+00 
5.010914206504821777e-01 0.000000000000000000e+00 0.000000000000000000e+00 0.000000000000000000e+00 
5.097360014915466309e-01 3.552713678800500929e-15 -2.117582368135750848e-22 1.262177448353618889e-29 
5.097360014915466309e-01 3.552713678800500929e-15 -2.117582368135750848e-22 1.262177448353618889e-29 
4.944000542163848877e-01 8.881784197001252323e-16 2.646977960169688560e-23 7.888609052210118054e-31 
4.944000542163848877e-01 8.881784197001252323e-16 2.646977960169688560e-23 7.888609052210118054e-31 
5.018876791000366211e-01 3.552713678800500929e-15 -2.117582368135750848e-22 1.262177448353618889e-29 
5.018876791000366211e-01 3.552713678800500929e-15 -2.117582368135750848e-22 1.262177448353618889e-29 
5.015274286270141602e-01 3.552713678800500929e-15 2.117582368135750848e-22 1.262177448353618889e-29 
5.015274286270141602e-01 3.552713678800500929e-15 2.117582368135750848e-22 1.262177448353618889e-29 
4.987043142318725586e-01 8.881784197001252323e-16 -2.646977960169688560e-23 7.888609052210118054e-31 
4.987043142318725586e-01 8.881784197001252323e-16 -2.646977960169688560e-23 7.888609052210118054e-31 
5.043231248855590820e-01 3.552713678800500929e-15 2.117582368135750848e-22 1.262177448353618889e-29 
5.043231248855590820e-01 3.552713678800500929e-15 2.117582368135750848e-22 1.262177448353618889e-29 
4.999323189258575439e-01 7.993605777301127091e-15 7.146840492458159111e-22 6.389773332290195624e-29 
4.999323189258575439e-01 7.993605777301127091e-15 7.146840492458159111e-22 6.389773332290195624e-29 
5.073504447937011719e-01 0.000000000000000000e+00 0.000000000000000000e+00 0.000000000000000000e+00 
5.073504447937011719e-01 0.000000000000000000e+00 0.000000000000000000e+00 0.000000000000000000e+00 
4.966745674610137939e-01 0.000000000000000000e+00 0.000000000000000000e+00 0.000000000000000000e+00 
4.966745674610137939e-01 0.000000000000000000e+00 0.000000000000000000e+00 0.000000000000000000e+00 
5.012732744216918945e-01 1.421085471520200372e-14 1.694065894508600678e-21 2.019483917365790222e-28 
5.012732744216918945e-01 1.421085471520200372e-14 1.694065894508600678e-21 2.019483917365790222e-28 
4.984153509140014648e-01 7.993605777301127091e-15 -7.146840492458159111e-22 6.389773332290195624e-29 
4.984153509140014648e-01 7.993605777301127091e-15 -7.146840492458159111e-22 6.389773332290195624e-29 
5.001134276390075684e-01 3.552713678800500929e-15 -2.117582368135750848e-22 1.262177448353618889e-29 
5.001134276390075684e-01 3.552713678800500929e-15 -2.117582368135750848e-22 1.262177448353618889e-29 
4.942002296447753906e-01 0.000000000000000000e+00 0.000000000000000000e+00 0.000000000000000000e+00 
4.942002296447753906e-01 0.000000000000000000e+00 0.000000000000000000e+00 0.000000000000000000e+00 
4.976130723953247070e-01 3.552713678800500929e-15 2.117582368135750848e-22 1.262177448353618889e-29 
4.976130723953247070e-01 3.552713678800500929e-15 2.117582368135750848e-22 1.262177448353618889e-29 
5.003070235252380371e-01 3.552713678800500929e-15 -2.117582368135750848e-22 1.262177448353618889e-29 
5.003070235252380371e-01 3.552713678800500929e-15 -2.117582368135750848e-22 1.262177448353618889e-29 
5.033496618270874023e-01 3.552713678800500929e-15 -2.117582368135750848e-22 1.262177448353618889e-29 
5.033496618270874023e-01 3.552713678800500929e-15 -2.117582368135750848e-22 1.262177448353618889e-29 
4.979695081710815430e-01 1.421085471520200372e-14 -1.694065894508600678e-21 2.019483917365790222e-28 
4.979695081710815430e-01 1.421085471520200372e-14 -1.694065894508600678e-21 2.019483917365790222e-28 
4.937343001365661621e-01 0.000000000000000000e+00 0.000000000000000000e+00 0.000000000000000000e+00 
4.937343001365661621e-01 0.000000000000000000e+00 0.000000000000000000e+00 0.000000000000000000e+00 
5.004938840866088867e-01 3.552713678800500929e-15 -2.117582368135750848e-22 1.262177448353618889e-29 
5.004938840866088867e-01 3.552713678800500929e-15 -2.117582368135750848e-22 1.262177448353618889e-29 
5.062256455421447754e-01 3.552713678800500929e-15 2.117582368135750848e-22 1.262177448353618889e-29 
5.062256455421447754e-01 3.552713678800500929e-15 2.117582368135750848e-22 1.262177448353618889e-29 
4.909910559654235840e-01 8.881784197001252323e-16 2.646977960169688560e-23 7.888609052210118054e-31 
4.909910559654235840e-01 8.881784197001252323e-16 2.646977960169688560e-23 7.888609052210118054e-31 
4.982227385044097900e-01 3.552713678800500929e-15 -2.117582368135750848e-22 1.262177448353618889e-29 
4.982227385044097900e-01 3.552713678800500929e-15 -2.117582368135750848e-22 1.262177448353618889e-29 
4.985281229019165039e-01 3.552713678800500929e-15 2.117582368135750848e-22 1.262177448353618889e-29 
4.985281229019165039e-01 3.552713678800500929e-15 2.117582368135750848e-22 1.262177448353618889e-29 
5.066151022911071777e-01 3.552713678800500929e-15 -2.117582368135750848e-22 1.262177448353618889e-29 
5.066151022911071777e-01 3.552713678800500929e-15 -2.117582368135750848e-22 1.262177448353618889e-29 
4.982923269271850586e-01 3.552713678800500929e-15 -2.117582368135750848e-22 1.262177448353618889e-29 
4.982923269271850586e-01 3.552713678800500929e-15 -2.117582368135750848e-22 1.262177448353618889e-29 
5.005732774734497070e-01 1.421085471520200372e-14 1.694065894508600678e-21 2.019483917365790222e-28 
5.005732774734497070e-01 1.421085471520200372e-14 1.694065894508600678e-21 2.019483917365790222e-28 
5.045332312583923340e-01 0.000000000000000000e+00 0.000000000000000000e+00 0.000000000000000000e+00 
5.045332312583923340e-01 0.000000000000000000e+00 0.000000000000000000e+00 0.000000000000000000e+00 
5.046773552894592285e-01 0.000000000000000000e+00 0.000000000000000000e+00 0.000000000000000000e+00 
5.046773552894592285e-01 0.000000000000000000e+00 0.000000000000000000e+00 0.000000000000000000e+00 
4.954356253147125244e-01 3.552713678800500929e-15 -2.117582368135750848e-22 1.262177448353618889e-29 
4.954356253147125244e-01 3.552713678800500929e-15 -2.117582368135750848e-22 1.262177448353618889e-29 
4.997697472572326660e-01 0.000000000000000000e+00 0.000000000000000000e+00 0.000000000000000000e+00 
4.997697472572326660e-01 0.000000000000000000e+00 0.000000000000000000e+00 0.000000000000000000e+00 
4.938837289810180664e-01 7.993605777301127091e-15 7.146840492458159111e-22 6.389773332290195624e-29 
4.938837289810180664e-01 7.993605777301127091e-15 7.146840492458159111e-22 6.389773332290195624e-29 
5.097295045852661133e-01 3.552713678800500929e-15 2.117582368135750848e-22 1.262177448353618889e-29 
5.097295045852661133e-01 3.552713678800500929e-15 2.117582368135750848e-22 1.262177448353618889e-29 
5.011791586875915527e-01 3.552713678800500929e-15 -2.117582368135750848e-22 1.262177448353618889e-29 
5.011791586875915527e-01 3.552713678800500929e-15 -2.117582368135750848e-22 1.262177448353618889e-29 
4.955001175403594971e-01 3.552713678800500929e-15 2.117582368135750848e-22 1.262177448353618889e-29 
4.955001175403594971e-01 3.552713678800500929e-15 2.117582368135750848e-22 1.262177448353618889e-29 
5.037302374839782715e-01 0.000000000000000000e+00 0.000000000000000000e+00 0.000000000000000000e+00 
5.037302374839782715e-01 0.000000000000000000e+00 0.000000000000000000e+00 0.000000000000000000e+00 
5.016630887985229492e-01 3.552713678800500929e-15 -2.117582368135750848e-22 1.262177448353618889e-29 
5.016630887985229492e-01 3.552713678800500929e-15 -2.117582368135750848e-22 1.262177448353618889e-29 
5.039435029029846191e-01 0.000000000000000000e+00 0.000000000000000000e+00 0.000000000000000000e+00 
5.039435029029846191e-01 0.000000000000000000e+00 0.000000000000000000e+00 0.000000000000000000e+00 
4.989251792430877686e-01 8.881784197001252323e-16 -2.646977960169688560e-23 7.888609052210118054e-31 
4.989251792430877686e-01 8.881784197001252323e-16 -2.646977960169688560e-23 7.888609052210118054e-31 
4.959278106689453125e-01 3.552713678800500929e-15 2.117582368135750848e-22 1.262177448353618889e-29 
4.959278106689453125e-01 3.552713678800500929e-15 2.117582368135750848e-22 1.262177448353618889e-29 
5.022411942481994629e-01 0.000000000000000000e+00 0.000000000000000000e+00 0.000000000000000000e+00 
5.022411942481994629e-01 0.000000000000000000e+00 0.000000000000000000e+00 0.000000000000000000e+00 
5.021399259567260742e-01 3.552713678800500929e-15 -2.117582368135750848e-22 1.262177448353618889e-29 
5.021399259567260742e-01 3.552713678800500929e-15 -2.117582368135750848e-22 1.262177448353618889e-29 
5.021120309829711914e-01 3.552713678800500929e-15 2.117582368135750848e-22 1.262177448353618889e-29 
5.021120309829711914e-01 3.552713678800500929e-15 2.117582368135750848e-22 1.262177448353618889e-29 
5.046729445457458496e-01 3.552713678800500929e-15 -2.117582368135750848e-22 1.262177448353618889e-29 
5.046729445457458496e-01 3.552713678800500929e-15 -2.117582368135750848e-22 1.262177448353618889e-29 
4.880042374134063721e-01 8.881784197001252323e-16 2.646977960169688560e-23 7.888609052210118054e-31 
4.880042374134063721e-01 8.881784197001252323e-16 2.646977960169688560e-23 7.888609052210118054e-31 
5.051049590110778809e-01 0.000000000000000000e+00 0.000000000000000000e+00 0.000000000000000000e+00 
5.051049590110778809e-01 0.000000000000000000e+00 0.000000000000000000e+00 0.000000000000000000e+00 
5.016418099403381348e-01 3.552713678800500929e-15 2.117582368135750848e-22 1.262177448353618889e-29 
5.016418099403381348e-01 3.552713678800500929e-15 2.117582368135750848e-22 1.262177448353618889e-29 
4.965732991695404053e-01 3.552713678800500929e-15 -2.117582368135750848e-22 1.262177448353618889e-29 
4.965732991695404053e-01 3.552713678800500929e-15 -2.117582368135750848e-22 1.262177448353618889e-29 
4.988556206226348877e-01 7.993605777301127091e-15 7.146840492458159111e-22 6.389773332290195624e-29 
4.988556206226348877e-01 7.993605777301127091e-15 7.146840492458159111e-22 6.389773332290195624e-29 
4.959515631198883057e-01 3.552713678800500929e-15 -2.117582368135750848e-22 1.262177448353618889e-29 
4.959515631198883057e-01 3.552713678800500929e-15 -2.117582368135750848e-22 1.262177448353618889e-29 
4.993461370468139648e-01 7.993605777301127091e-15 -7.146840492458159111e-22 6.389773332290195624e-29 
4.993461370468139648e-01 7.993605777301127091e-15 -7.146840492458159111e-22 6.389773332290195624e-29 
4.985804259777069092e-01 8.881784197001252323e-16 -2.646977960169688560e-23 7.888609052210118054e-31 
4.985804259777069092e-01 8.881784197001252323e-16 -2.646977960169688560e-23 7.888609052210118054e-31 
