2.194953918457031250e+00 1.868382811546325684e+00 0.000000000000000000e+00 5.000000000000000000e-01 5.000000000000000000e-01 0.000000000000000000e+00 5.000000000000000000e-01 0.000000000000000000e+00 0.000000000000000000e+00 0.000000000000000000e+00 
3.050719499588012695e-01 3.579283654689788818e-01 0.000000000000000000e+00 9.583333333333333703e-01 8.733974358974359031e-01 0.000000000000000000e+00 9.463601532567049723e-01 0.000000000000000000e+00 8.209366391184572675e-01 0.000000000000000000e+00 
8.269424736499786377e-02 1.389039307832717896e-01 0.000000000000000000e+00 1.000000000000000000e+00 9.711538461538461453e-01 0.000000000000000000e+00 1.000000000000000000e+00 0.000000000000000000e+00 9.454545454545454364e-01 0.000000000000000000e+00 
2.741388231515884399e-02 6.649427860975265503e-02 0.000000000000000000e+00 1.000000000000000000e+00 9.855769230769231282e-01 0.000000000000000000e+00 1.000000000000000000e+00 0.000000000000000000e+00 9.719626168224299034e-01 0.000000000000000000e+00 
1.373010687530040741e-02 4.029806330800056458e-02 0.000000000000000000e+00 1.000000000000000000e+00 9.951923076923077094e-01 0.000000000000000000e+00 1.000000000000000000e+00 0.000000000000000000e+00 9.904761904761905100e-01 0.000000000000000000e+00 
9.263020008802413940e-03 2.818166650831699371e-02 0.000000000000000000e+00 1.000000000000000000e+00 9.967948717948718063e-01 0.000000000000000000e+00 1.000000000000000000e+00 0.000000000000000000e+00 9.936305732484076447e-01 0.000000000000000000e+00 
5.992941558361053467e-03 2.202315814793109894e-02 0.000000000000000000e+00 1.000000000000000000e+00 9.983974358974359031e-01 0.000000000000000000e+00 1.000000000000000000e+00 0.000000000000000000e+00 9.968051118210862205e-01 0.000000000000000000e+00 
4.362370818853378296e-03 1.719523966312408447e-02 0.000000000000000000e+00 1.000000000000000000e+00 9.983974358974359031e-01 0.000000000000000000e+00 1.000000000000000000e+00 0.000000000000000000e+00 9.968051118210862205e-01 0.000000000000000000e+00 
3.513980656862258911e-03 1.442618574947118759e-02 0.000000000000000000e+00 1.000000000000000000e+00 9.983974358974359031e-01 0.000000000000000000e+00 1.000000000000000000e+00 0.000000000000000000e+00 9.968051118210862205e-01 0.000000000000000000e+00 
2.900120569393038750e-03 1.246086135506629944e-02 0.000000000000000000e+00 1.000000000000000000e+00 9.983974358974359031e-01 0.000000000000000000e+00 1.000000000000000000e+00 0.000000000000000000e+00 9.968051118210862205e-01 0.000000000000000000e+00 
2.272271085530519485e-03 1.079310011118650436e-02 0.000000000000000000e+00 1.000000000000000000e+00 9.983974358974359031e-01 0.000000000000000000e+00 1.000000000000000000e+00 0.000000000000000000e+00 9.968051118210862205e-01 0.000000000000000000e+00 
1.956506399437785149e-03 9.947635233402252197e-03 0.000000000000000000e+00 1.000000000000000000e+00 9.983974358974359031e-01 0.000000000000000000e+00 1.000000000000000000e+00 0.000000000000000000e+00 9.968051118210862205e-01 0.000000000000000000e+00 
1.746487803757190704e-03 8.878747932612895966e-03 0.000000000000000000e+00 1.000000000000000000e+00 9.983974358974359031e-01 0.000000000000000000e+00 1.000000000000000000e+00 0.000000000000000000e+00 9.968051118210862205e-01 0.000000000000000000e+00 
1.533806324005126953e-03 8.087585680186748505e-03 0.000000000000000000e+00 1.000000000000000000e+00 9.983974358974359031e-01 0.000000000000000000e+00 1.000000000000000000e+00 0.000000000000000000e+00 9.968051118210862205e-01 0.000000000000000000e+00 
1.392158679664134979e-03 7.428643293678760529e-03 0.000000000000000000e+00 1.000000000000000000e+00 9.983974358974359031e-01 0.000000000000000000e+00 1.000000000000000000e+00 0.000000000000000000e+00 9.968051118210862205e-01 0.000000000000000000e+00 
1.266031526029109955e-03 6.938519421964883804e-03 0.000000000000000000e+00 1.000000000000000000e+00 9.983974358974359031e-01 0.000000000000000000e+00 1.000000000000000000e+00 0.000000000000000000e+00 9.968051118210862205e-01 0.000000000000000000e+00 
1.121319830417633057e-03 6.473698187619447708e-03 0.000000000000000000e+00 1.000000000000000000e+00 9.983974358974359031e-01 0.000000000000000000e+00 1.000000000000000000e+00 0.000000000000000000e+00 9.968051118210862205e-01 0.000000000000000000e+00 
1.080076210200786591e-03 6.066294852644205093e-03 0.000000000000000000e+00 1.000000000000000000e+00 9.983974358974359031e-01 0.000000000000000000e+00 1.000000000000000000e+00 0.000000000000000000e+00 9.968051118210862205e-01 0.000000000000000000e+00 
9.423239971511065960e-04 5.705347750335931778e-03 0.000000000000000000e+00 1.000000000000000000e+00 9.983974358974359031e-01 0.000000000000000000e+00 1.000000000000000000e+00 0.000000000000000000e+00 9.968051118210862205e-01 0.000000000000000000e+00 
8.784329984337091446e-04 5.354004912078380585e-03 0.000000000000000000e+00 1.000000000000000000e+00 9.983974358974359031e-01 0.000000000000000000e+00 1.000000000000000000e+00 0.000000000000000000e+00 9.968051118210862205e-01 0.000000000000000000e+00 
8.051457698456943035e-04 5.069771781563758850e-03 0.000000000000000000e+00 1.000000000000000000e+00 9.983974358974359031e-01 0.000000000000000000e+00 1.000000000000000000e+00 0.000000000000000000e+00 9.968051118210862205e-01 0.000000000000000000e+00 
7.666006567887961864e-04 4.740070085972547531e-03 0.000000000000000000e+00 1.000000000000000000e+00 9.983974358974359031e-01 0.000000000000000000e+00 1.000000000000000000e+00 0.000000000000000000e+00 9.968051118210862205e-01 0.000000000000000000e+00 
6.717238575220108032e-04 4.506144672632217407e-03 0.000000000000000000e+00 1.000000000000000000e+00 9.983974358974359031e-01 0.000000000000000000e+00 1.000000000000000000e+00 0.000000000000000000e+00 9.968051118210862205e-01 0.000000000000000000e+00 
6.674742326140403748e-04 4.286898765712976456e-03 0.000000000000000000e+00 1.000000000000000000e+00 9.983974358974359031e-01 0.000000000000000000e+00 1.000000000000000000e+00 0.000000000000000000e+00 9.968051118210862205e-01 0.000000000000000000e+00 
5.767919356003403664e-04 4.075608681887388229e-03 0.000000000000000000e+00 1.000000000000000000e+00 9.983974358974359031e-01 0.000000000000000000e+00 1.000000000000000000e+00 0.000000000000000000e+00 9.968051118210862205e-01 0.000000000000000000e+00 
5.681671900674700737e-04 3.876743372529745102e-03 0.000000000000000000e+00 1.000000000000000000e+00 9.983974358974359031e-01 0.000000000000000000e+00 1.000000000000000000e+00 0.000000000000000000e+00 9.968051118210862205e-01 0.000000000000000000e+00 
5.394319305196404457e-04 3.694364335387945175e-03 0.000000000000000000e+00 1.000000000000000000e+00 9.983974358974359031e-01 0.000000000000000000e+00 1.000000000000000000e+00 0.000000000000000000e+00 9.968051118210862205e-01 0.000000000000000000e+00 
5.006705177947878838e-04 3.547745756804943085e-03 0.000000000000000000e+00 1.000000000000000000e+00 9.983974358974359031e-01 0.000000000000000000e+00 1.000000000000000000e+00 0.000000000000000000e+00 9.968051118210862205e-01 0.000000000000000000e+00 
4.710690700449049473e-04 3.369122743606567383e-03 0.000000000000000000e+00 1.000000000000000000e+00 9.983974358974359031e-01 0.000000000000000000e+00 1.000000000000000000e+00 0.000000000000000000e+00 9.968051118210862205e-01 0.000000000000000000e+00 
4.377539735287427902e-04 3.184839617460966110e-03 0.000000000000000000e+00 1.000000000000000000e+00 9.983974358974359031e-01 0.000000000000000000e+00 1.000000000000000000e+00 0.000000000000000000e+00 9.968051118210862205e-01 0.000000000000000000e+00 
4.291868244763463736e-04 3.083587624132633209e-03 0.000000000000000000e+00 1.000000000000000000e+00 9.983974358974359031e-01 0.000000000000000000e+00 1.000000000000000000e+00 0.000000000000000000e+00 9.968051118210862205e-01 0.000000000000000000e+00 
4.175789654254913330e-04 2.965610707178711891e-03 0.000000000000000000e+00 1.000000000000000000e+00 9.983974358974359031e-01 0.000000000000000000e+00 1.000000000000000000e+00 0.000000000000000000e+00 9.968051118210862205e-01 0.000000000000000000e+00 
3.894452820532023907e-04 2.837746636942028999e-03 0.000000000000000000e+00 1.000000000000000000e+00 9.983974358974359031e-01 0.000000000000000000e+00 1.000000000000000000e+00 0.000000000000000000e+00 9.968051118210862205e-01 0.000000000000000000e+00 
3.813345683738589287e-04 2.738386159762740135e-03 0.000000000000000000e+00 1.000000000000000000e+00 9.983974358974359031e-01 0.000000000000000000e+00 1.000000000000000000e+00 0.000000000000000000e+00 9.968051118210862205e-01 0.000000000000000000e+00 
3.670395526569336653e-04 2.633432857692241669e-03 0.000000000000000000e+00 1.000000000000000000e+00 9.983974358974359031e-01 0.000000000000000000e+00 1.000000000000000000e+00 0.000000000000000000e+00 9.968051118210862205e-01 0.000000000000000000e+00 
3.514739219099283218e-04 2.533239312469959259e-03 0.000000000000000000e+00 1.000000000000000000e+00 9.983974358974359031e-01 0.000000000000000000e+00 1.000000000000000000e+00 0.000000000000000000e+00 9.968051118210862205e-01 0.000000000000000000e+00 
3.255672927480190992e-04 2.449552528560161591e-03 0.000000000000000000e+00 1.000000000000000000e+00 9.983974358974359031e-01 0.000000000000000000e+00 1.000000000000000000e+00 0.000000000000000000e+00 9.968051118210862205e-01 0.000000000000000000e+00 
3.187644470017403364e-04 2.303567016497254372e-03 0.000000000000000000e+00 1.000000000000000000e+00 9.983974358974359031e-01 0.000000000000000000e+00 1.000000000000000000e+00 0.000000000000000000e+00 9.968051118210862205e-01 0.000000000000000000e+00 
2.998349373228847980e-04 2.209221245720982552e-03 0.000000000000000000e+00 1.000000000000000000e+00 9.983974358974359031e-01 0.000000000000000000e+00 1.000000000000000000e+00 0.000000000000000000e+00 9.968051118210862205e-01 0.000000000000000000e+00 
2.882658154703676701e-04 2.075974131003022194e-03 0.000000000000000000e+00 1.000000000000000000e+00 9.983974358974359031e-01 0.000000000000000000e+00 1.000000000000000000e+00 0.000000000000000000e+00 9.968051118210862205e-01 0.000000000000000000e+00 
2.776423643808811903e-04 1.952111371792852879e-03 0.000000000000000000e+00 1.000000000000000000e+00 9.983974358974359031e-01 0.000000000000000000e+00 1.000000000000000000e+00 0.000000000000000000e+00 9.968051118210862205e-01 0.000000000000000000e+00 
2.712120476644486189e-04 1.879738294519484043e-03 0.000000000000000000e+00 1.000000000000000000e+00 9.983974358974359031e-01 0.000000000000000000e+00 1.000000000000000000e+00 0.000000000000000000e+00 9.968051118210862205e-01 0.000000000000000000e+00 
2.566630719229578972e-04 1.827824045903980732e-03 0.000000000000000000e+00 1.000000000000000000e+00 9.983974358974359031e-01 0.000000000000000000e+00 1.000000000000000000e+00 0.000000000000000000e+00 9.968051118210862205e-01 0.000000000000000000e+00 
2.506168093532323837e-04 1.733904122374951839e-03 0.000000000000000000e+00 1.000000000000000000e+00 9.983974358974359031e-01 0.000000000000000000e+00 1.000000000000000000e+00 0.000000000000000000e+00 9.968051118210862205e-01 0.000000000000000000e+00 
2.372915332671254873e-04 1.641549752093851566e-03 0.000000000000000000e+00 1.000000000000000000e+00 9.983974358974359031e-01 0.000000000000000000e+00 1.000000000000000000e+00 0.000000000000000000e+00 9.968051118210862205e-01 0.000000000000000000e+00 
2.345445536775514483e-04 1.559112570248544216e-03 0.000000000000000000e+00 1.000000000000000000e+00 1.000000000000000000e+00 0.000000000000000000e+00 1.000000000000000000e+00 0.000000000000000000e+00 1.000000000000000000e+00 0.000000000000000000e+00 
2.276236191391944885e-04 1.468972885049879551e-03 0.000000000000000000e+00 1.000000000000000000e+00 1.000000000000000000e+00 0.000000000000000000e+00 1.000000000000000000e+00 0.000000000000000000e+00 1.000000000000000000e+00 0.000000000000000000e+00 
2.172520471503958106e-04 1.401462010107934475e-03 0.000000000000000000e+00 1.000000000000000000e+00 1.000000000000000000e+00 0.000000000000000000e+00 1.000000000000000000e+00 0.000000000000000000e+00 1.000000000000000000e+00 0.000000000000000000e+00 
2.098272379953414202e-04 1.327869715169072151e-03 0.000000000000000000e+00 1.000000000000000000e+00 1.000000000000000000e+00 0.000000000000000000e+00 1.000000000000000000e+00 0.000000000000000000e+00 1.000000000000000000e+00 0.000000000000000000e+00 
2.020096580963581800e-04 1.257244381122291088e-03 0.000000000000000000e+00 1.000000000000000000e+00 1.000000000000000000e+00 0.000000000000000000e+00 1.000000000000000000e+00 0.000000000000000000e+00 1.000000000000000000e+00 0.000000000000000000e+00 
2.007705334108322859e-04 1.200755359604954720e-03 0.000000000000000000e+00 1.000000000000000000e+00 1.000000000000000000e+00 0.000000000000000000e+00 1.000000000000000000e+00 0.000000000000000000e+00 1.000000000000000000e+00 0.000000000000000000e+00 
1.892142754513770342e-04 1.138763502240180969e-03 0.000000000000000000e+00 1.000000000000000000e+00 1.000000000000000000e+00 0.000000000000000000e+00 1.000000000000000000e+00 0.000000000000000000e+00 1.000000000000000000e+00 0.000000000000000000e+00 
1.843680947786197066e-04 1.086284755729138851e-03 0.000000000000000000e+00 1.000000000000000000e+00 1.000000000000000000e+00 0.000000000000000000e+00 1.000000000000000000e+00 0.000000000000000000e+00 1.000000000000000000e+00 0.000000000000000000e+00 
1.771767128957435489e-04 1.033972250297665596e-03 0.000000000000000000e+00 1.000000000000000000e+00 1.000000000000000000e+00 0.000000000000000000e+00 1.000000000000000000e+00 0.000000000000000000e+00 1.000000000000000000e+00 0.000000000000000000e+00 
1.728469360386952758e-04 1.002773642539978027e-03 0.000000000000000000e+00 1.000000000000000000e+00 1.000000000000000000e+00 0.000000000000000000e+00 1.000000000000000000e+00 0.000000000000000000e+00 1.000000000000000000e+00 0.000000000000000000e+00 
1.718342246022075415e-04 9.519056766293942928e-04 0.000000000000000000e+00 1.000000000000000000e+00 1.000000000000000000e+00 0.000000000000000000e+00 1.000000000000000000e+00 0.000000000000000000e+00 1.000000000000000000e+00 0.000000000000000000e+00 
1.607127342140302062e-04 9.071248350664973259e-04 0.000000000000000000e+00 1.000000000000000000e+00 1.000000000000000000e+00 0.000000000000000000e+00 1.000000000000000000e+00 0.000000000000000000e+00 1.000000000000000000e+00 0.000000000000000000e+00 
1.570316526340320706e-04 8.449979359284043312e-04 0.000000000000000000e+00 1.000000000000000000e+00 1.000000000000000000e+00 0.000000000000000000e+00 1.000000000000000000e+00 0.000000000000000000e+00 1.000000000000000000e+00 0.000000000000000000e+00 
1.607307640369981527e-04 8.201324380934238434e-04 0.000000000000000000e+00 1.000000000000000000e+00 1.000000000000000000e+00 0.000000000000000000e+00 1.000000000000000000e+00 0.000000000000000000e+00 1.000000000000000000e+00 0.000000000000000000e+00 
1.475132157793268561e-04 7.876181625761091709e-04 0.000000000000000000e+00 1.000000000000000000e+00 1.000000000000000000e+00 0.000000000000000000e+00 1.000000000000000000e+00 0.000000000000000000e+00 1.000000000000000000e+00 0.000000000000000000e+00 
1.407196250511333346e-04 7.432469283230602741e-04 0.000000000000000000e+00 1.000000000000000000e+00 1.000000000000000000e+00 0.000000000000000000e+00 1.000000000000000000e+00 0.000000000000000000e+00 1.000000000000000000e+00 0.000000000000000000e+00 
1.427914248779416084e-04 7.054362795315682888e-04 0.000000000000000000e+00 1.000000000000000000e+00 1.000000000000000000e+00 0.000000000000000000e+00 1.000000000000000000e+00 0.000000000000000000e+00 1.000000000000000000e+00 0.000000000000000000e+00 
1.371031976304948330e-04 6.726684514433145523e-04 0.000000000000000000e+00 1.000000000000000000e+00 1.000000000000000000e+00 0.000000000000000000e+00 1.000000000000000000e+00 0.000000000000000000e+00 1.000000000000000000e+00 0.000000000000000000e+00 
1.316360721830278635e-04 6.375923403538763523e-04 0.000000000000000000e+00 1.000000000000000000e+00 1.000000000000000000e+00 0.000000000000000000e+00 1.000000000000000000e+00 0.000000000000000000e+00 1.000000000000000000e+00 0.000000000000000000e+00 
1.329228398390114307e-04 6.106545333750545979e-04 0.000000000000000000e+00 1.000000000000000000e+00 1.000000000000000000e+00 0.000000000000000000e+00 1.000000000000000000e+00 0.000000000000000000e+00 1.000000000000000000e+00 0.000000000000000000e+00 
1.254462695214897394e-04 5.760320927947759628e-04 0.000000000000000000e+00 1.000000000000000000e+00 1.000000000000000000e+00 0.000000000000000000e+00 1.000000000000000000e+00 0.000000000000000000e+00 1.000000000000000000e+00 0.000000000000000000e+00 
1.245074381586164236e-04 5.476143560372292995e-04 0.000000000000000000e+00 1.000000000000000000e+00 1.000000000000000000e+00 0.000000000000000000e+00 1.000000000000000000e+00 0.000000000000000000e+00 1.000000000000000000e+00 0.000000000000000000e+00 
1.199992766487412155e-04 5.218639853410422802e-04 0.000000000000000000e+00 1.000000000000000000e+00 1.000000000000000000e+00 0.000000000000000000e+00 1.000000000000000000e+00 0.000000000000000000e+00 1.000000000000000000e+00 0.000000000000000000e+00 
1.159082967205904424e-04 4.962187958881258965e-04 0.000000000000000000e+00 1.000000000000000000e+00 1.000000000000000000e+00 0.000000000000000000e+00 1.000000000000000000e+00 0.000000000000000000e+00 1.000000000000000000e+00 0.000000000000000000e+00 
1.147782168118283153e-04 4.753680259454995394e-04 0.000000000000000000e+00 1.000000000000000000e+00 1.000000000000000000e+00 0.000000000000000000e+00 1.000000000000000000e+00 0.000000000000000000e+00 1.000000000000000000e+00 0.000000000000000000e+00 
1.114473998313769698e-04 4.548080905806273222e-04 0.000000000000000000e+00 1.000000000000000000e+00 1.000000000000000000e+00 0.000000000000000000e+00 1.000000000000000000e+00 0.000000000000000000e+00 1.000000000000000000e+00 0.000000000000000000e+00 
1.090181976906023920e-04 4.328179929871112108e-04 0.000000000000000000e+00 1.000000000000000000e+00 1.000000000000000000e+00 0.000000000000000000e+00 1.000000000000000000e+00 0.000000000000000000e+00 1.000000000000000000e+00 0.000000000000000000e+00 
1.034991146298125386e-04 4.168228770140558481e-04 0.000000000000000000e+00 1.000000000000000000e+00 1.000000000000000000e+00 0.000000000000000000e+00 1.000000000000000000e+00 0.000000000000000000e+00 1.000000000000000000e+00 0.000000000000000000e+00 
1.027118123602122068e-04 3.982978814747184515e-04 0.000000000000000000e+00 1.000000000000000000e+00 1.000000000000000000e+00 0.000000000000000000e+00 1.000000000000000000e+00 0.000000000000000000e+00 1.000000000000000000e+00 0.000000000000000000e+00 
9.858619159786030650e-05 3.810019989032298326e-04 0.000000000000000000e+00 1.000000000000000000e+00 1.000000000000000000e+00 0.000000000000000000e+00 1.000000000000000000e+00 0.000000000000000000e+00 1.000000000000000000e+00 0.000000000000000000e+00 
9.720771777210757136e-05 3.619885828811675310e-04 0.000000000000000000e+00 1.000000000000000000e+00 1.000000000000000000e+00 0.000000000000000000e+00 1.000000000000000000e+00 0.000000000000000000e+00 1.000000000000000000e+00 0.000000000000000000e+00 
9.654715540818870068e-05 3.459622093942016363e-04 0.000000000000000000e+00 1.000000000000000000e+00 1.000000000000000000e+00 0.000000000000000000e+00 1.000000000000000000e+00 0.000000000000000000e+00 1.000000000000000000e+00 0.000000000000000000e+00 
9.206629329128190875e-05 3.297188668511807919e-04 0.000000000000000000e+00 1.000000000000000000e+00 1.000000000000000000e+00 0.000000000000000000e+00 1.000000000000000000e+00 0.000000000000000000e+00 1.000000000000000000e+00 0.000000000000000000e+00 
8.996255201054736972e-05 3.154897713102400303e-04 0.000000000000000000e+00 1.000000000000000000e+00 1.000000000000000000e+00 0.000000000000000000e+00 1.000000000000000000e+00 0.000000000000000000e+00 1.000000000000000000e+00 0.000000000000000000e+00 
8.783895464148372412e-05 3.034724795725196600e-04 0.000000000000000000e+00 1.000000000000000000e+00 1.000000000000000000e+00 0.000000000000000000e+00 1.000000000000000000e+00 0.000000000000000000e+00 1.000000000000000000e+00 0.000000000000000000e+00 
8.669393719173967838e-05 2.928259200416505337e-04 0.000000000000000000e+00 1.000000000000000000e+00 1.000000000000000000e+00 0.000000000000000000e+00 1.000000000000000000e+00 0.000000000000000000e+00 1.000000000000000000e+00 0.000000000000000000e+00 
8.163946040440350771e-05 2.816527849063277245e-04 0.000000000000000000e+00 1.000000000000000000e+00 1.000000000000000000e+00 0.000000000000000000e+00 1.000000000000000000e+00 0.000000000000000000e+00 1.000000000000000000e+00 0.000000000000000000e+00 
8.058885578066110611e-05 2.696815936360508204e-04 0.000000000000000000e+00 1.000000000000000000e+00 1.000000000000000000e+00 0.000000000000000000e+00 1.000000000000000000e+00 0.000000000000000000e+00 1.000000000000000000e+00 0.000000000000000000e+00 
8.032063487917184830e-05 2.588687930256128311e-04 0.000000000000000000e+00 1.000000000000000000e+00 1.000000000000000000e+00 0.000000000000000000e+00 1.000000000000000000e+00 0.000000000000000000e+00 1.000000000000000000e+00 0.000000000000000000e+00 
7.708929479122161865e-05 2.500292612239718437e-04 0.000000000000000000e+00 1.000000000000000000e+00 1.000000000000000000e+00 0.000000000000000000e+00 1.000000000000000000e+00 0.000000000000000000e+00 1.000000000000000000e+00 0.000000000000000000e+00 
7.573564653284847736e-05 2.407387219136580825e-04 0.000000000000000000e+00 1.000000000000000000e+00 1.000000000000000000e+00 0.000000000000000000e+00 1.000000000000000000e+00 0.000000000000000000e+00 1.000000000000000000e+00 0.000000000000000000e+00 
7.530850416515022516e-05 2.321360952919349074e-04 0.000000000000000000e+00 1.000000000000000000e+00 1.000000000000000000e+00 0.000000000000000000e+00 1.000000000000000000e+00 0.000000000000000000e+00 1.000000000000000000e+00 0.000000000000000000e+00 
7.262355939019471407e-05 2.243028429802507162e-04 0.000000000000000000e+00 1.000000000000000000e+00 1.000000000000000000e+00 0.000000000000000000e+00 1.000000000000000000e+00 0.000000000000000000e+00 1.000000000000000000e+00 0.000000000000000000e+00 
7.000571349635720253e-05 2.160658914363011718e-04 0.000000000000000000e+00 1.000000000000000000e+00 1.000000000000000000e+00 0.000000000000000000e+00 1.000000000000000000e+00 0.000000000000000000e+00 1.000000000000000000e+00 0.000000000000000000e+00 
6.949658563826233149e-05 2.083468134514987469e-04 0.000000000000000000e+00 1.000000000000000000e+00 1.000000000000000000e+00 0.000000000000000000e+00 1.000000000000000000e+00 0.000000000000000000e+00 1.000000000000000000e+00 0.000000000000000000e+00 
6.672722520306706429e-05 2.018940431298688054e-04 0.000000000000000000e+00 1.000000000000000000e+00 1.000000000000000000e+00 0.000000000000000000e+00 1.000000000000000000e+00 0.000000000000000000e+00 1.000000000000000000e+00 0.000000000000000000e+00 
6.541583570651710033e-05 1.955457555595785379e-04 0.000000000000000000e+00 1.000000000000000000e+00 1.000000000000000000e+00 0.000000000000000000e+00 1.000000000000000000e+00 0.000000000000000000e+00 1.000000000000000000e+00 0.000000000000000000e+00 
6.445712642744183540e-05 1.895158056868240237e-04 0.000000000000000000e+00 1.000000000000000000e+00 1.000000000000000000e+00 0.000000000000000000e+00 1.000000000000000000e+00 0.000000000000000000e+00 1.000000000000000000e+00 0.000000000000000000e+00 
6.159341137390583754e-05 1.838217722252011299e-04 0.000000000000000000e+00 1.000000000000000000e+00 1.000000000000000000e+00 0.000000000000000000e+00 1.000000000000000000e+00 0.000000000000000000e+00 1.000000000000000000e+00 0.000000000000000000e+00 
6.116128497524186969e-05 1.785137719707563519e-04 0.000000000000000000e+00 1.000000000000000000e+00 1.000000000000000000e+00 0.000000000000000000e+00 1.000000000000000000e+00 0.000000000000000000e+00 1.000000000000000000e+00 0.000000000000000000e+00 
6.113148992881178856e-05 1.735337427817285061e-04 0.000000000000000000e+00 1.000000000000000000e+00 1.000000000000000000e+00 0.000000000000000000e+00 1.000000000000000000e+00 0.000000000000000000e+00 1.000000000000000000e+00 0.000000000000000000e+00 
5.909733590669929981e-05 1.688460906734690070e-04 0.000000000000000000e+00 1.000000000000000000e+00 1.000000000000000000e+00 0.000000000000000000e+00 1.000000000000000000e+00 0.000000000000000000e+00 1.000000000000000000e+00 0.000000000000000000e+00 
5.853105903952382505e-05 1.644403237150982022e-04 0.000000000000000000e+00 1.000000000000000000e+00 1.000000000000000000e+00 0.000000000000000000e+00 1.000000000000000000e+00 0.000000000000000000e+00 1.000000000000000000e+00 0.000000000000000000e+00 
5.655405402649194002e-05 1.603433192940428853e-04 0.000000000000000000e+00 1.000000000000000000e+00 1.000000000000000000e+00 0.000000000000000000e+00 1.000000000000000000e+00 0.000000000000000000e+00 1.000000000000000000e+00 0.000000000000000000e+00 
5.477821832755580544e-05 1.566740538692101836e-04 0.000000000000000000e+00 1.000000000000000000e+00 1.000000000000000000e+00 0.000000000000000000e+00 1.000000000000000000e+00 0.000000000000000000e+00 1.000000000000000000e+00 0.000000000000000000e+00 
5.484032953972928226e-05 1.531261077616363764e-04 0.000000000000000000e+00 1.000000000000000000e+00 1.000000000000000000e+00 0.000000000000000000e+00 1.000000000000000000e+00 0.000000000000000000e+00 1.000000000000000000e+00 0.000000000000000000e+00 
5.366554250940680504e-05 1.498579222243279219e-04 0.000000000000000000e+00 1.000000000000000000e+00 1.000000000000000000e+00 0.000000000000000000e+00 1.000000000000000000e+00 0.000000000000000000e+00 1.000000000000000000e+00 0.000000000000000000e+00 
5.162148590898141265e-05 1.466854009777307510e-04 0.000000000000000000e+00 1.000000000000000000e+00 1.000000000000000000e+00 0.000000000000000000e+00 1.000000000000000000e+00 0.000000000000000000e+00 1.000000000000000000e+00 0.000000000000000000e+00 
4.957742203259840608e-05 1.435830927221104503e-04 0.000000000000000000e+00 1.000000000000000000e+00 1.000000000000000000e+00 0.000000000000000000e+00 1.000000000000000000e+00 0.000000000000000000e+00 1.000000000000000000e+00 0.000000000000000000e+00 
4.959730722475796938e-05 1.416370505467057228e-04 0.000000000000000000e+00 1.000000000000000000e+00 1.000000000000000000e+00 0.000000000000000000e+00 1.000000000000000000e+00 0.000000000000000000e+00 1.000000000000000000e+00 0.000000000000000000e+00 
4.857404201175086200e-05 1.391914556734263897e-04 0.000000000000000000e+00 1.000000000000000000e+00 1.000000000000000000e+00 0.000000000000000000e+00 1.000000000000000000e+00 0.000000000000000000e+00 1.000000000000000000e+00 0.000000000000000000e+00 
4.690998321166262031e-05 1.362005277769640088e-04 0.000000000000000000e+00 1.000000000000000000e+00 1.000000000000000000e+00 0.000000000000000000e+00 1.000000000000000000e+00 0.000000000000000000e+00 1.000000000000000000e+00 0.000000000000000000e+00 
4.591156539390794933e-05 1.351415266981348395e-04 0.000000000000000000e+00 1.000000000000000000e+00 1.000000000000000000e+00 0.000000000000000000e+00 1.000000000000000000e+00 0.000000000000000000e+00 1.000000000000000000e+00 0.000000000000000000e+00 
4.549680306809023023e-05 1.335412962362170219e-04 0.000000000000000000e+00 1.000000000000000000e+00 1.000000000000000000e+00 0.000000000000000000e+00 1.000000000000000000e+00 0.000000000000000000e+00 1.000000000000000000e+00 0.000000000000000000e+00 
4.475666719372384250e-05 1.313117390964180231e-04 0.000000000000000000e+00 1.000000000000000000e+00 1.000000000000000000e+00 0.000000000000000000e+00 1.000000000000000000e+00 0.000000000000000000e+00 1.000000000000000000e+00 0.000000000000000000e+00 
4.332360549597069621e-05 1.300814328715205193e-04 0.000000000000000000e+00 1.000000000000000000e+00 1.000000000000000000e+00 0.000000000000000000e+00 1.000000000000000000e+00 0.000000000000000000e+00 1.000000000000000000e+00 0.000000000000000000e+00 
4.230779813951812685e-05 1.295763504458591342e-04 0.000000000000000000e+00 1.000000000000000000e+00 1.000000000000000000e+00 0.000000000000000000e+00 1.000000000000000000e+00 0.000000000000000000e+00 1.000000000000000000e+00 0.000000000000000000e+00 
4.169931344222277403e-05 1.288034109165892005e-04 0.000000000000000000e+00 1.000000000000000000e+00 1.000000000000000000e+00 0.000000000000000000e+00 1.000000000000000000e+00 0.000000000000000000e+00 1.000000000000000000e+00 0.000000000000000000e+00 
4.013462239527143538e-05 1.275941031053662300e-04 0.000000000000000000e+00 1.000000000000000000e+00 1.000000000000000000e+00 0.000000000000000000e+00 1.000000000000000000e+00 0.000000000000000000e+00 1.000000000000000000e+00 0.000000000000000000e+00 
3.948639641748741269e-05 1.274242968065664172e-04 0.000000000000000000e+00 1.000000000000000000e+00 1.000000000000000000e+00 0.000000000000000000e+00 1.000000000000000000e+00 0.000000000000000000e+00 1.000000000000000000e+00 0.000000000000000000e+00 
3.843582089757546782e-05 1.273799716727808118e-04 0.000000000000000000e+00 1.000000000000000000e+00 1.000000000000000000e+00 0.000000000000000000e+00 1.000000000000000000e+00 0.000000000000000000e+00 1.000000000000000000e+00 0.000000000000000000e+00 
3.741008549695834517e-05 1.277682895306497812e-04 0.000000000000000000e+00 1.000000000000000000e+00 1.000000000000000000e+00 0.000000000000000000e+00 1.000000000000000000e+00 0.000000000000000000e+00 1.000000000000000000e+00 0.000000000000000000e+00 
3.692826430778950453e-05 1.272306399187073112e-04 0.000000000000000000e+00 1.000000000000000000e+00 1.000000000000000000e+00 0.000000000000000000e+00 1.000000000000000000e+00 0.000000000000000000e+00 1.000000000000000000e+00 0.000000000000000000e+00 
3.641912189777940512e-05 1.267657062271609902e-04 0.000000000000000000e+00 1.000000000000000000e+00 1.000000000000000000e+00 0.000000000000000000e+00 1.000000000000000000e+00 0.000000000000000000e+00 1.000000000000000000e+00 0.000000000000000000e+00 
3.553743226802907884e-05 1.247165055247023702e-04 0.000000000000000000e+00 1.000000000000000000e+00 1.000000000000000000e+00 0.000000000000000000e+00 1.000000000000000000e+00 0.000000000000000000e+00 1.000000000000000000e+00 0.000000000000000000e+00 
3.485443812678568065e-05 1.254899107152596116e-04 0.000000000000000000e+00 1.000000000000000000e+00 1.000000000000000000e+00 0.000000000000000000e+00 1.000000000000000000e+00 0.000000000000000000e+00 1.000000000000000000e+00 0.000000000000000000e+00 
3.383863804629072547e-05 1.267272746190428734e-04 0.000000000000000000e+00 1.000000000000000000e+00 1.000000000000000000e+00 0.000000000000000000e+00 1.000000000000000000e+00 0.000000000000000000e+00 1.000000000000000000e+00 0.000000000000000000e+00 
3.336427471367642283e-05 1.269799540750682354e-04 0.000000000000000000e+00 1.000000000000000000e+00 1.000000000000000000e+00 0.000000000000000000e+00 1.000000000000000000e+00 0.000000000000000000e+00 1.000000000000000000e+00 0.000000000000000000e+00 
3.287996150902472436e-05 1.277913397643715143e-04 0.000000000000000000e+00 1.000000000000000000e+00 1.000000000000000000e+00 0.000000000000000000e+00 1.000000000000000000e+00 0.000000000000000000e+00 1.000000000000000000e+00 0.000000000000000000e+00 
3.291722532594576478e-05 1.270713255507871509e-04 0.000000000000000000e+00 1.000000000000000000e+00 1.000000000000000000e+00 0.000000000000000000e+00 1.000000000000000000e+00 0.000000000000000000e+00 1.000000000000000000e+00 0.000000000000000000e+00 
3.152142744511365891e-05 1.267993939109146595e-04 0.000000000000000000e+00 1.000000000000000000e+00 1.000000000000000000e+00 0.000000000000000000e+00 1.000000000000000000e+00 0.000000000000000000e+00 1.000000000000000000e+00 0.000000000000000000e+00 
3.081111935898661613e-05 1.279211282962933183e-04 0.000000000000000000e+00 1.000000000000000000e+00 1.000000000000000000e+00 0.000000000000000000e+00 1.000000000000000000e+00 0.000000000000000000e+00 1.000000000000000000e+00 0.000000000000000000e+00 
2.730675441853236407e-05 1.162853586720302701e-04 0.000000000000000000e+00 1.000000000000000000e+00 1.000000000000000000e+00 0.000000000000000000e+00 1.000000000000000000e+00 0.000000000000000000e+00 1.000000000000000000e+00 0.000000000000000000e+00 
2.584392132121138275e-05 1.158976301667280495e-04 0.000000000000000000e+00 1.000000000000000000e+00 1.000000000000000000e+00 0.000000000000000000e+00 1.000000000000000000e+00 0.000000000000000000e+00 1.000000000000000000e+00 0.000000000000000000e+00 
2.515844789741095155e-05 1.253965019714087248e-04 0.000000000000000000e+00 1.000000000000000000e+00 1.000000000000000000e+00 0.000000000000000000e+00 1.000000000000000000e+00 0.000000000000000000e+00 1.000000000000000000e+00 0.000000000000000000e+00 
2.420226883259601891e-05 1.347038487438112497e-04 0.000000000000000000e+00 1.000000000000000000e+00 1.000000000000000000e+00 0.000000000000000000e+00 1.000000000000000000e+00 0.000000000000000000e+00 1.000000000000000000e+00 0.000000000000000000e+00 
2.356398545089177787e-05 1.444895024178549647e-04 0.000000000000000000e+00 1.000000000000000000e+00 1.000000000000000000e+00 0.000000000000000000e+00 1.000000000000000000e+00 0.000000000000000000e+00 1.000000000000000000e+00 0.000000000000000000e+00 
2.295302329002879560e-05 1.533335016574710608e-04 0.000000000000000000e+00 1.000000000000000000e+00 1.000000000000000000e+00 0.000000000000000000e+00 1.000000000000000000e+00 0.000000000000000000e+00 1.000000000000000000e+00 0.000000000000000000e+00 
2.255564868391957134e-05 1.656665699556469917e-04 0.000000000000000000e+00 1.000000000000000000e+00 1.000000000000000000e+00 0.000000000000000000e+00 1.000000000000000000e+00 0.000000000000000000e+00 1.000000000000000000e+00 0.000000000000000000e+00 
2.236689761048182845e-05 1.772594696376472712e-04 0.000000000000000000e+00 1.000000000000000000e+00 1.000000000000000000e+00 0.000000000000000000e+00 1.000000000000000000e+00 0.000000000000000000e+00 1.000000000000000000e+00 0.000000000000000000e+00 
2.197200774389784783e-05 1.902574731502681971e-04 0.000000000000000000e+00 1.000000000000000000e+00 1.000000000000000000e+00 0.000000000000000000e+00 1.000000000000000000e+00 0.000000000000000000e+00 1.000000000000000000e+00 0.000000000000000000e+00 
2.129895801772363484e-05 2.054230717476457357e-04 0.000000000000000000e+00 1.000000000000000000e+00 1.000000000000000000e+00 0.000000000000000000e+00 1.000000000000000000e+00 0.000000000000000000e+00 1.000000000000000000e+00 0.000000000000000000e+00 
2.103569568134844303e-05 2.193091495428234339e-04 0.000000000000000000e+00 1.000000000000000000e+00 1.000000000000000000e+00 0.000000000000000000e+00 1.000000000000000000e+00 0.000000000000000000e+00 1.000000000000000000e+00 0.000000000000000000e+00 
2.072028109978418797e-05 2.277730673085898161e-04 0.000000000000000000e+00 1.000000000000000000e+00 1.000000000000000000e+00 0.000000000000000000e+00 1.000000000000000000e+00 0.000000000000000000e+00 1.000000000000000000e+00 0.000000000000000000e+00 
2.039990431512705982e-05 2.364297106396406889e-04 0.000000000000000000e+00 1.000000000000000000e+00 1.000000000000000000e+00 0.000000000000000000e+00 1.000000000000000000e+00 0.000000000000000000e+00 1.000000000000000000e+00 0.000000000000000000e+00 
1.994788908632472157e-05 2.554967941250652075e-04 0.000000000000000000e+00 1.000000000000000000e+00 1.000000000000000000e+00 0.000000000000000000e+00 1.000000000000000000e+00 0.000000000000000000e+00 1.000000000000000000e+00 0.000000000000000000e+00 
1.953313403646461666e-05 2.720167685765773058e-04 0.000000000000000000e+00 1.000000000000000000e+00 1.000000000000000000e+00 0.000000000000000000e+00 1.000000000000000000e+00 0.000000000000000000e+00 1.000000000000000000e+00 0.000000000000000000e+00 
1.903393422253429890e-05 2.813420433085411787e-04 0.000000000000000000e+00 1.000000000000000000e+00 1.000000000000000000e+00 0.000000000000000000e+00 1.000000000000000000e+00 0.000000000000000000e+00 1.000000000000000000e+00 0.000000000000000000e+00 
1.888988663267809898e-05 2.964487939607352018e-04 0.000000000000000000e+00 1.000000000000000000e+00 1.000000000000000000e+00 0.000000000000000000e+00 1.000000000000000000e+00 0.000000000000000000e+00 1.000000000000000000e+00 0.000000000000000000e+00 
1.849003092502243817e-05 3.100955509580671787e-04 0.000000000000000000e+00 1.000000000000000000e+00 1.000000000000000000e+00 0.000000000000000000e+00 1.000000000000000000e+00 0.000000000000000000e+00 1.000000000000000000e+00 0.000000000000000000e+00 
1.796847936930134892e-05 3.160642809234559536e-04 0.000000000000000000e+00 1.000000000000000000e+00 1.000000000000000000e+00 0.000000000000000000e+00 1.000000000000000000e+00 0.000000000000000000e+00 1.000000000000000000e+00 0.000000000000000000e+00 
1.813239578041248024e-05 3.274629707448184490e-04 0.000000000000000000e+00 1.000000000000000000e+00 1.000000000000000000e+00 0.000000000000000000e+00 1.000000000000000000e+00 0.000000000000000000e+00 1.000000000000000000e+00 0.000000000000000000e+00 
1.752640491758938879e-05 3.394539235159754753e-04 0.000000000000000000e+00 1.000000000000000000e+00 1.000000000000000000e+00 0.000000000000000000e+00 1.000000000000000000e+00 0.000000000000000000e+00 1.000000000000000000e+00 0.000000000000000000e+00 
1.730536678223870695e-05 3.590311098378151655e-04 0.000000000000000000e+00 1.000000000000000000e+00 1.000000000000000000e+00 0.000000000000000000e+00 1.000000000000000000e+00 0.000000000000000000e+00 1.000000000000000000e+00 0.000000000000000000e+00 
1.690302997303660959e-05 3.938572190236300230e-04 0.000000000000000000e+00 1.000000000000000000e+00 1.000000000000000000e+00 0.000000000000000000e+00 1.000000000000000000e+00 0.000000000000000000e+00 1.000000000000000000e+00 0.000000000000000000e+00 
1.649075784371234477e-05 4.068616835866123438e-04 0.000000000000000000e+00 1.000000000000000000e+00 1.000000000000000000e+00 0.000000000000000000e+00 1.000000000000000000e+00 0.000000000000000000e+00 1.000000000000000000e+00 0.000000000000000000e+00 
1.636409433558583260e-05 4.264689050614833832e-04 0.000000000000000000e+00 1.000000000000000000e+00 1.000000000000000000e+00 0.000000000000000000e+00 1.000000000000000000e+00 0.000000000000000000e+00 1.000000000000000000e+00 0.000000000000000000e+00 
1.588973282196093351e-05 4.362268664408475161e-04 0.000000000000000000e+00 1.000000000000000000e+00 1.000000000000000000e+00 0.000000000000000000e+00 1.000000000000000000e+00 0.000000000000000000e+00 1.000000000000000000e+00 0.000000000000000000e+00 
1.588228406035341322e-05 4.555346095003187656e-04 0.000000000000000000e+00 1.000000000000000000e+00 1.000000000000000000e+00 0.000000000000000000e+00 1.000000000000000000e+00 0.000000000000000000e+00 1.000000000000000000e+00 0.000000000000000000e+00 
1.544269252917729318e-05 4.698823322542011738e-04 0.000000000000000000e+00 1.000000000000000000e+00 1.000000000000000000e+00 0.000000000000000000e+00 1.000000000000000000e+00 0.000000000000000000e+00 1.000000000000000000e+00 0.000000000000000000e+00 
1.509250796516425908e-05 4.753034445457160473e-04 0.000000000000000000e+00 1.000000000000000000e+00 1.000000000000000000e+00 0.000000000000000000e+00 1.000000000000000000e+00 0.000000000000000000e+00 1.000000000000000000e+00 0.000000000000000000e+00 
1.520426849310752004e-05 4.887235118076205254e-04 0.000000000000000000e+00 1.000000000000000000e+00 1.000000000000000000e+00 0.000000000000000000e+00 1.000000000000000000e+00 0.000000000000000000e+00 1.000000000000000000e+00 0.000000000000000000e+00 
1.463304852222790942e-05 5.034481291659176350e-04 0.000000000000000000e+00 1.000000000000000000e+00 1.000000000000000000e+00 0.000000000000000000e+00 1.000000000000000000e+00 0.000000000000000000e+00 1.000000000000000000e+00 0.000000000000000000e+00 
1.451632124371826649e-05 5.215478013269603252e-04 0.000000000000000000e+00 1.000000000000000000e+00 1.000000000000000000e+00 0.000000000000000000e+00 1.000000000000000000e+00 0.000000000000000000e+00 1.000000000000000000e+00 0.000000000000000000e+00 
1.417358998878626153e-05 5.438348161987960339e-04 0.000000000000000000e+00 1.000000000000000000e+00 1.000000000000000000e+00 0.000000000000000000e+00 1.000000000000000000e+00 0.000000000000000000e+00 1.000000000000000000e+00 0.000000000000000000e+00 
1.401712506776675582e-05 5.502449930645525455e-04 0.000000000000000000e+00 1.000000000000000000e+00 1.000000000000000000e+00 0.000000000000000000e+00 1.000000000000000000e+00 0.000000000000000000e+00 1.000000000000000000e+00 0.000000000000000000e+00 
1.365204207104397938e-05 5.827181739732623100e-04 0.000000000000000000e+00 1.000000000000000000e+00 1.000000000000000000e+00 0.000000000000000000e+00 1.000000000000000000e+00 0.000000000000000000e+00 1.000000000000000000e+00 0.000000000000000000e+00 
1.319258353760233149e-05 6.167786777950823307e-04 0.000000000000000000e+00 1.000000000000000000e+00 1.000000000000000000e+00 0.000000000000000000e+00 1.000000000000000000e+00 0.000000000000000000e+00 1.000000000000000000e+00 0.000000000000000000e+00 
1.305598743783775717e-05 6.610512500628829002e-04 0.000000000000000000e+00 1.000000000000000000e+00 1.000000000000000000e+00 0.000000000000000000e+00 1.000000000000000000e+00 0.000000000000000000e+00 1.000000000000000000e+00 0.000000000000000000e+00 
1.305350360780721530e-05 6.938602309674024582e-04 0.000000000000000000e+00 1.000000000000000000e+00 1.000000000000000000e+00 0.000000000000000000e+00 1.000000000000000000e+00 0.000000000000000000e+00 1.000000000000000000e+00 0.000000000000000000e+00 
1.296657865168526769e-05 7.265591993927955627e-04 0.000000000000000000e+00 1.000000000000000000e+00 1.000000000000000000e+00 0.000000000000000000e+00 1.000000000000000000e+00 0.000000000000000000e+00 1.000000000000000000e+00 0.000000000000000000e+00 
1.258162774320226163e-05 7.575538475066423416e-04 0.000000000000000000e+00 1.000000000000000000e+00 1.000000000000000000e+00 0.000000000000000000e+00 1.000000000000000000e+00 0.000000000000000000e+00 1.000000000000000000e+00 0.000000000000000000e+00 
1.230346879310673103e-05 7.991194725036621094e-04 0.000000000000000000e+00 1.000000000000000000e+00 1.000000000000000000e+00 0.000000000000000000e+00 1.000000000000000000e+00 0.000000000000000000e+00 1.000000000000000000e+00 0.000000000000000000e+00 
1.210726804856676608e-05 8.201220189221203327e-04 0.000000000000000000e+00 1.000000000000000000e+00 1.000000000000000000e+00 0.000000000000000000e+00 1.000000000000000000e+00 0.000000000000000000e+00 1.000000000000000000e+00 0.000000000000000000e+00 
1.184897701023146510e-05 8.687662775628268719e-04 0.000000000000000000e+00 1.000000000000000000e+00 1.000000000000000000e+00 0.000000000000000000e+00 1.000000000000000000e+00 0.000000000000000000e+00 1.000000000000000000e+00 0.000000000000000000e+00 
1.176205296360421926e-05 8.828341378830373287e-04 0.000000000000000000e+00 1.000000000000000000e+00 1.000000000000000000e+00 0.000000000000000000e+00 1.000000000000000000e+00 0.000000000000000000e+00 1.000000000000000000e+00 0.000000000000000000e+00 
1.151369724539108574e-05 9.284095140174031258e-04 0.000000000000000000e+00 1.000000000000000000e+00 1.000000000000000000e+00 0.000000000000000000e+00 1.000000000000000000e+00 0.000000000000000000e+00 1.000000000000000000e+00 0.000000000000000000e+00 
1.142677319876383990e-05 9.878990240395069122e-04 0.000000000000000000e+00 1.000000000000000000e+00 1.000000000000000000e+00 0.000000000000000000e+00 1.000000000000000000e+00 0.000000000000000000e+00 1.000000000000000000e+00 0.000000000000000000e+00 
1.124299069488188252e-05 1.062717055901885033e-03 0.000000000000000000e+00 1.000000000000000000e+00 1.000000000000000000e+00 0.000000000000000000e+00 1.000000000000000000e+00 0.000000000000000000e+00 1.000000000000000000e+00 0.000000000000000000e+00 
1.109646018448984250e-05 1.124946516938507557e-03 0.000000000000000000e+00 1.000000000000000000e+00 1.000000000000000000e+00 0.000000000000000000e+00 1.000000000000000000e+00 0.000000000000000000e+00 1.000000000000000000e+00 0.000000000000000000e+00 
1.084562245523557067e-05 1.150856493040919304e-03 0.000000000000000000e+00 1.000000000000000000e+00 1.000000000000000000e+00 0.000000000000000000e+00 1.000000000000000000e+00 0.000000000000000000e+00 1.000000000000000000e+00 0.000000000000000000e+00 
1.074627925845561549e-05 1.139998668804764748e-03 0.000000000000000000e+00 1.000000000000000000e+00 1.000000000000000000e+00 0.000000000000000000e+00 1.000000000000000000e+00 0.000000000000000000e+00 1.000000000000000000e+00 0.000000000000000000e+00 
1.051034178090048954e-05 1.194338081404566765e-03 0.000000000000000000e+00 1.000000000000000000e+00 1.000000000000000000e+00 0.000000000000000000e+00 1.000000000000000000e+00 0.000000000000000000e+00 1.000000000000000000e+00 0.000000000000000000e+00 
1.035884542943676934e-05 1.215543714351952076e-03 0.000000000000000000e+00 1.000000000000000000e+00 1.000000000000000000e+00 0.000000000000000000e+00 1.000000000000000000e+00 0.000000000000000000e+00 1.000000000000000000e+00 0.000000000000000000e+00 
1.018747934722341597e-05 1.259631011635065079e-03 0.000000000000000000e+00 1.000000000000000000e+00 9.983974358974359031e-01 0.000000000000000000e+00 9.968051118210862205e-01 0.000000000000000000e+00 1.000000000000000000e+00 0.000000000000000000e+00 
1.006578531814739108e-05 1.324216136708855629e-03 0.000000000000000000e+00 1.000000000000000000e+00 9.983974358974359031e-01 0.000000000000000000e+00 9.968051118210862205e-01 0.000000000000000000e+00 1.000000000000000000e+00 0.000000000000000000e+00 
9.968927770387381315e-06 1.441873842850327492e-03 0.000000000000000000e+00 1.000000000000000000e+00 9.983974358974359031e-01 0.000000000000000000e+00 9.968051118210862205e-01 0.000000000000000000e+00 1.000000000000000000e+00 0.000000000000000000e+00 
9.805013178265653551e-06 1.527212560176849365e-03 0.000000000000000000e+00 1.000000000000000000e+00 9.983974358974359031e-01 0.000000000000000000e+00 9.968051118210862205e-01 0.000000000000000000e+00 1.000000000000000000e+00 0.000000000000000000e+00 
9.601361853128764778e-06 1.635999651625752449e-03 0.000000000000000000e+00 1.000000000000000000e+00 9.983974358974359031e-01 0.000000000000000000e+00 9.968051118210862205e-01 0.000000000000000000e+00 1.000000000000000000e+00 0.000000000000000000e+00 
9.536789548292290419e-06 1.688463147729635239e-03 0.000000000000000000e+00 1.000000000000000000e+00 9.983974358974359031e-01 0.000000000000000000e+00 9.968051118210862205e-01 0.000000000000000000e+00 1.000000000000000000e+00 0.000000000000000000e+00 
9.315754141425713897e-06 1.759864273481070995e-03 0.000000000000000000e+00 1.000000000000000000e+00 9.983974358974359031e-01 0.000000000000000000e+00 9.968051118210862205e-01 0.000000000000000000e+00 1.000000000000000000e+00 0.000000000000000000e+00 
9.251180927094537765e-06 1.752297510392963886e-03 0.000000000000000000e+00 1.000000000000000000e+00 9.983974358974359031e-01 0.000000000000000000e+00 9.968051118210862205e-01 0.000000000000000000e+00 1.000000000000000000e+00 0.000000000000000000e+00 
9.107135156227741390e-06 1.775684999302029610e-03 0.000000000000000000e+00 1.000000000000000000e+00 9.983974358974359031e-01 0.000000000000000000e+00 9.968051118210862205e-01 0.000000000000000000e+00 1.000000000000000000e+00 0.000000000000000000e+00 
8.977991456049494445e-06 1.877267379313707352e-03 0.000000000000000000e+00 1.000000000000000000e+00 9.983974358974359031e-01 0.000000000000000000e+00 9.968051118210862205e-01 0.000000000000000000e+00 1.000000000000000000e+00 0.000000000000000000e+00 
8.886099749361164868e-06 2.021220512688159943e-03 0.000000000000000000e+00 1.000000000000000000e+00 9.983974358974359031e-01 0.000000000000000000e+00 9.968051118210862205e-01 0.000000000000000000e+00 1.000000000000000000e+00 0.000000000000000000e+00 
8.724668987269978970e-06 2.156181959435343742e-03 0.000000000000000000e+00 1.000000000000000000e+00 9.983974358974359031e-01 0.000000000000000000e+00 9.968051118210862205e-01 0.000000000000000000e+00 1.000000000000000000e+00 0.000000000000000000e+00 
8.670030183566268533e-06 2.201602328568696976e-03 0.000000000000000000e+00 1.000000000000000000e+00 9.983974358974359031e-01 0.000000000000000000e+00 9.968051118210862205e-01 0.000000000000000000e+00 1.000000000000000000e+00 0.000000000000000000e+00 
8.414224794250912964e-06 2.206817269325256348e-03 0.000000000000000000e+00 1.000000000000000000e+00 9.983974358974359031e-01 0.000000000000000000e+00 9.968051118210862205e-01 0.000000000000000000e+00 1.000000000000000000e+00 0.000000000000000000e+00 
8.369521310669369996e-06 2.340340986847877502e-03 0.000000000000000000e+00 1.000000000000000000e+00 9.983974358974359031e-01 0.000000000000000000e+00 9.968051118210862205e-01 0.000000000000000000e+00 1.000000000000000000e+00 0.000000000000000000e+00 
8.307431926368735731e-06 2.444123150780797005e-03 0.000000000000000000e+00 1.000000000000000000e+00 9.983974358974359031e-01 0.000000000000000000e+00 9.968051118210862205e-01 0.000000000000000000e+00 1.000000000000000000e+00 0.000000000000000000e+00 
8.031758625293150544e-06 2.516102045774459839e-03 0.000000000000000000e+00 1.000000000000000000e+00 9.983974358974359031e-01 0.000000000000000000e+00 9.968051118210862205e-01 0.000000000000000000e+00 1.000000000000000000e+00 0.000000000000000000e+00 
8.026791874726768583e-06 2.610697643831372261e-03 0.000000000000000000e+00 1.000000000000000000e+00 9.983974358974359031e-01 0.000000000000000000e+00 9.968051118210862205e-01 0.000000000000000000e+00 1.000000000000000000e+00 0.000000000000000000e+00 
7.929933417472057045e-06 2.623700303956866264e-03 0.000000000000000000e+00 1.000000000000000000e+00 9.983974358974359031e-01 0.000000000000000000e+00 9.968051118210862205e-01 0.000000000000000000e+00 1.000000000000000000e+00 0.000000000000000000e+00 
7.820657629054039717e-06 2.728751627728343010e-03 0.000000000000000000e+00 1.000000000000000000e+00 9.983974358974359031e-01 0.000000000000000000e+00 9.968051118210862205e-01 0.000000000000000000e+00 1.000000000000000000e+00 0.000000000000000000e+00 
7.698963599978014827e-06 2.743587596341967583e-03 0.000000000000000000e+00 1.000000000000000000e+00 9.983974358974359031e-01 0.000000000000000000e+00 9.968051118210862205e-01 0.000000000000000000e+00 1.000000000000000000e+00 0.000000000000000000e+00 
7.609556178067578003e-06 2.773084212094545364e-03 0.000000000000000000e+00 1.000000000000000000e+00 9.983974358974359031e-01 0.000000000000000000e+00 9.968051118210862205e-01 0.000000000000000000e+00 1.000000000000000000e+00 0.000000000000000000e+00 
