0.000000000000000000e+00 0.000000000000000000e+00 0.000000000000000000e+00 0.000000000000000000e+00 0.000000000000000000e+00 0.000000000000000000e+00 0.000000000000000000e+00 0.000000000000000000e+00 0.000000000000000000e+00 5.085872060552993901e-01 5.130937196307093773e-01 5.130937196307093773e-01 5.130937196307093773e-01 5.130937196307093773e-01 5.130937196307093773e-01 5.130937196307093773e-01 5.130937196307093773e-01 5.130937196307093773e-01 5.130937196307093773e-01 5.130937196307093773e-01 5.130937196307093773e-01 5.130937196307093773e-01 5.130937196307093773e-01 5.130937196307093773e-01 5.130937196307093773e-01 5.130937196307093773e-01 5.130937196307093773e-01 5.130937196307093773e-01 5.280678410104084897e-01 0.000000000000000000e+00 0.000000000000000000e+00 0.000000000000000000e+00 0.000000000000000000e+00 0.000000000000000000e+00 0.000000000000000000e+00 0.000000000000000000e+00 0.000000000000000000e+00 0.000000000000000000e+00 
0.000000000000000000e+00 0.000000000000000000e+00 0.000000000000000000e+00 0.000000000000000000e+00 0.000000000000000000e+00 0.000000000000000000e+00 0.000000000000000000e+00 0.000000000000000000e+00 4.285714285714285476e-01 5.280315794187510070e-01 5.263550695334644480e-01 5.270150024295435776e-01 5.270150024295435776e-01 5.270150024295435776e-01 5.270150024295435776e-01 5.270150024295435776e-01 5.270150024295435776e-01 5.270150024295435776e-01 5.270150024295435776e-01 5.270150024295435776e-01 5.270150024295435776e-01 5.270150024295435776e-01 5.270150024295435776e-01 5.270150024295435776e-01 5.270150024295435776e-01 5.270150024295435776e-01 5.270150024295435776e-01 5.268261923445675121e-01 5.259696262413744439e-01 5.767006802721086345e-01 0.000000000000000000e+00 0.000000000000000000e+00 0.000000000000000000e+00 0.000000000000000000e+00 0.000000000000000000e+00 0.000000000000000000e+00 0.000000000000000000e+00 0.000000000000000000e+00 
0.000000000000000000e+00 0.000000000000000000e+00 0.000000000000000000e+00 0.000000000000000000e+00 0.000000000000000000e+00 0.000000000000000000e+00 0.000000000000000000e+00 2.448979591836734637e-01 5.749447155298104128e-01 5.383362642243761931e-01 5.266967186669192502e-01 5.313903566184099425e-01 5.316857993197278143e-01 5.316857993197278143e-01 5.316857993197278143e-01 5.316857993197278143e-01 5.316857993197278143e-01 5.316857993197278143e-01 5.316857993197278143e-01 5.316857993197278143e-01 5.316857993197278143e-01 5.316857993197278143e-01 5.316857993197278143e-01 5.316857993197278143e-01 5.316857993197278143e-01 5.316857993197278143e-01 5.314492291563812643e-01 5.286356444849815706e-01 5.271113953205458502e-01 5.680805047509825956e-01 3.945578231292517501e-01 0.000000000000000000e+00 0.000000000000000000e+00 0.000000000000000000e+00 0.000000000000000000e+00 0.000000000000000000e+00 0.000000000000000000e+00 0.000000000000000000e+00 
0.000000000000000000e+00 0.000000000000000000e+00 0.000000000000000000e+00 0.000000000000000000e+00 0.000000000000000000e+00 0.000000000000000000e+00 5.102040816326530726e-02 6.300898931000971093e-01 5.860971340379438344e-01 5.403569564933592417e-01 5.292863171567726566e-01 5.345873344033154062e-01 5.360358717490580904e-01 5.360498663751216419e-01 5.360498663751216419e-01 5.360498663751216419e-01 5.360498663751216419e-01 5.360498663751216419e-01 5.360498663751216419e-01 5.360498663751216419e-01 5.360498663751216419e-01 5.360498663751216419e-01 5.360498663751216419e-01 5.360498663751216419e-01 5.360498663751216419e-01 5.360235764704450734e-01 5.348054607803039984e-01 5.290542824932147337e-01 5.325011092896680953e-01 5.679959570434346405e-01 6.071145124716552655e-01 1.020408163265306041e-02 0.000000000000000000e+00 0.000000000000000000e+00 0.000000000000000000e+00 0.000000000000000000e+00 0.000000000000000000e+00 0.000000000000000000e+00 
0.000000000000000000e+00 0.000000000000000000e+00 0.000000000000000000e+00 0.000000000000000000e+00 0.000000000000000000e+00 0.000000000000000000e+00 3.112244897959183798e-01 6.219885631575305940e-01 5.785469405532233100e-01 5.387558028402131827e-01 5.303297109494755635e-01 5.360945862056244460e-01 5.375668838404148442e-01 5.376123663751214421e-01 5.376123663751214421e-01 5.376123663751214421e-01 5.376123663751214421e-01 5.376123663751214421e-01 5.376123663751214421e-01 5.376123663751214421e-01 5.376123663751214421e-01 5.376123663751214421e-01 5.376123663751214421e-01 5.376123663751214421e-01 5.376123663751214421e-01 5.372344783055597039e-01 5.348118471325604695e-01 5.290308592112203945e-01 5.364977210682168041e-01 5.710494902565219633e-01 6.012724353810788847e-01 3.061224489795918297e-02 0.000000000000000000e+00 0.000000000000000000e+00 0.000000000000000000e+00 0.000000000000000000e+00 0.000000000000000000e+00 0.000000000000000000e+00 
0.000000000000000000e+00 0.000000000000000000e+00 0.000000000000000000e+00 0.000000000000000000e+00 0.000000000000000000e+00 0.000000000000000000e+00 7.142857142857142461e-02 5.680191124068674213e-01 5.889551319694896758e-01 5.489139524121977587e-01 5.315658690417414123e-01 5.381335843596133373e-01 5.388073979591835316e-01 5.388073979591835316e-01 5.388073979591835316e-01 5.388073979591835316e-01 5.388073979591835316e-01 5.388073979591835316e-01 5.388073979591835316e-01 5.388073979591835316e-01 5.388073979591835316e-01 5.388073979591835316e-01 5.388073979591835316e-01 5.388073979591835316e-01 5.388073979591835316e-01 5.387419231015289078e-01 5.377903648576788376e-01 5.337711154712345696e-01 5.322494004589780614e-01 5.744775964876056573e-01 5.958454810495626974e-01 0.000000000000000000e+00 0.000000000000000000e+00 0.000000000000000000e+00 0.000000000000000000e+00 0.000000000000000000e+00 0.000000000000000000e+00 0.000000000000000000e+00 
0.000000000000000000e+00 0.000000000000000000e+00 0.000000000000000000e+00 0.000000000000000000e+00 0.000000000000000000e+00 0.000000000000000000e+00 3.052721088435374486e-01 6.142333573456022489e-01 5.755209521908413173e-01 5.398133279100445492e-01 5.343483736336652745e-01 5.395418770464107672e-01 5.407946586605978379e-01 5.408102526724972714e-01 5.408102526724972714e-01 5.408102526724972714e-01 5.408102526724972714e-01 5.408102526724972714e-01 5.408102526724972714e-01 5.408102526724972714e-01 5.408102526724972714e-01 5.408102526724972714e-01 5.408102526724972714e-01 5.408102526724972714e-01 5.408102526724972714e-01 5.404782483422990724e-01 5.382412808923928704e-01 5.328186384719275637e-01 5.413295528074120178e-01 5.709830080428115462e-01 6.096655328798186169e-01 1.020408163265306041e-02 0.000000000000000000e+00 0.000000000000000000e+00 0.000000000000000000e+00 0.000000000000000000e+00 0.000000000000000000e+00 0.000000000000000000e+00 
0.000000000000000000e+00 0.000000000000000000e+00 0.000000000000000000e+00 0.000000000000000000e+00 0.000000000000000000e+00 3.061224489795918297e-02 6.513605442176870763e-01 6.035030758335778733e-01 5.603092699561961210e-01 5.327268813923700108e-01 5.352949757342351234e-01 5.396641785077748166e-01 5.404122959640640378e-01 5.404427842565596718e-01 5.404427842565596718e-01 5.404427842565596718e-01 5.404427842565596718e-01 5.404427842565596718e-01 5.404427842565596718e-01 5.404427842565596718e-01 5.404427842565596718e-01 5.404427842565596718e-01 5.404427842565596718e-01 5.404427842565596718e-01 5.404169941599568094e-01 5.391443720093030967e-01 5.346127404374151348e-01 5.321189516983488854e-01 5.537173314517681577e-01 5.811164558566845884e-01 5.796890184645286936e-01 2.040816326530612082e-02 0.000000000000000000e+00 0.000000000000000000e+00 0.000000000000000000e+00 0.000000000000000000e+00 0.000000000000000000e+00 0.000000000000000000e+00 
0.000000000000000000e+00 0.000000000000000000e+00 0.000000000000000000e+00 0.000000000000000000e+00 0.000000000000000000e+00 0.000000000000000000e+00 2.704081632653061451e-01 6.231840979815170822e-01 5.805464608631650814e-01 5.410962022632810342e-01 5.350214672342027411e-01 5.400241569576428313e-01 5.411769927966711968e-01 5.411913872691936911e-01 5.411913872691936911e-01 5.411913872691936911e-01 5.411913872691936911e-01 5.411913872691936911e-01 5.411913872691936911e-01 5.411913872691936911e-01 5.411913872691936911e-01 5.411913872691936911e-01 5.411913872691936911e-01 5.411913872691936911e-01 5.411913872691936911e-01 5.409258225793677211e-01 5.383731546456794748e-01 5.325657066225870651e-01 5.411174777685003878e-01 5.713720777028314934e-01 6.026165444532790572e-01 1.020408163265306041e-02 0.000000000000000000e+00 0.000000000000000000e+00 0.000000000000000000e+00 0.000000000000000000e+00 0.000000000000000000e+00 0.000000000000000000e+00 
0.000000000000000000e+00 0.000000000000000000e+00 0.000000000000000000e+00 0.000000000000000000e+00 0.000000000000000000e+00 2.040816326530612082e-02 6.326611597019761168e-01 5.958021166781681810e-01 5.527029687243781853e-01 5.237066799683380847e-01 5.291711658661636397e-01 5.334343519104364217e-01 5.341123056365405519e-01 5.341123056365405519e-01 5.341123056365405519e-01 5.341123056365405519e-01 5.341123056365405519e-01 5.341123056365405519e-01 5.341123056365405519e-01 5.341123056365405519e-01 5.341123056365405519e-01 5.341123056365405519e-01 5.341123056365405519e-01 5.341123056365405519e-01 5.340977112407885308e-01 5.324524257667487825e-01 5.258248576635468075e-01 5.225065356666673821e-01 5.611646736682663894e-01 6.007846879750338154e-01 5.246598639455782864e-01 0.000000000000000000e+00 0.000000000000000000e+00 0.000000000000000000e+00 0.000000000000000000e+00 0.000000000000000000e+00 0.000000000000000000e+00 0.000000000000000000e+00 
0.000000000000000000e+00 0.000000000000000000e+00 0.000000000000000000e+00 0.000000000000000000e+00 0.000000000000000000e+00 4.081632653061224164e-02 6.583900226757369856e-01 5.940439889237455473e-01 5.553038596773643976e-01 5.278531478990154957e-01 5.337280578144016907e-01 5.377673560482286730e-01 5.384499495051042750e-01 5.384657434402331244e-01 5.384657434402331244e-01 5.384657434402331244e-01 5.384657434402331244e-01 5.384657434402331244e-01 5.384657434402331244e-01 5.384657434402331244e-01 5.384657434402331244e-01 5.384657434402331244e-01 5.384657434402331244e-01 5.384657434402331244e-01 5.384388537658680862e-01 5.366197166030532983e-01 5.305995731915713609e-01 5.282510397214920106e-01 5.623750843259540666e-01 5.873055311358836850e-01 5.884596695821185941e-01 1.020408163265306041e-02 0.000000000000000000e+00 0.000000000000000000e+00 0.000000000000000000e+00 0.000000000000000000e+00 0.000000000000000000e+00 0.000000000000000000e+00 
0.000000000000000000e+00 0.000000000000000000e+00 0.000000000000000000e+00 0.000000000000000000e+00 0.000000000000000000e+00 0.000000000000000000e+00 9.183673469387755584e-02 6.362539671213141013e-01 5.873373960111035741e-01 5.475843484206195377e-01 5.328185673660225108e-01 5.382814714270748313e-01 5.407218318192771322e-01 5.408360665694852409e-01 5.408360665694852409e-01 5.408360665694852409e-01 5.408360665694852409e-01 5.408360665694852409e-01 5.408360665694852409e-01 5.408360665694852409e-01 5.408360665694852409e-01 5.408360665694852409e-01 5.408360665694852409e-01 5.408360665694852409e-01 5.408360665694852409e-01 5.407252091387387827e-01 5.388101900145463308e-01 5.333393011066815959e-01 5.357831123770429027e-01 5.684740308819640209e-01 6.133969688441478496e-01 8.163265306122448328e-02 0.000000000000000000e+00 0.000000000000000000e+00 0.000000000000000000e+00 0.000000000000000000e+00 0.000000000000000000e+00 0.000000000000000000e+00 
0.000000000000000000e+00 0.000000000000000000e+00 0.000000000000000000e+00 0.000000000000000000e+00 0.000000000000000000e+00 0.000000000000000000e+00 3.741496598639455495e-01 6.198440275973303715e-01 5.704914831226355343e-01 5.391770948661515073e-01 5.378661972564260374e-01 5.418162749309289872e-01 5.432897246343301179e-01 5.433627915451897383e-01 5.433627915451897383e-01 5.433627915451897383e-01 5.433627915451897383e-01 5.433627915451897383e-01 5.433627915451897383e-01 5.433627915451897383e-01 5.433627915451897383e-01 5.433627915451897383e-01 5.433627915451897383e-01 5.433627915451897383e-01 5.433627915451897383e-01 5.431014308756053621e-01 5.389431524478174307e-01 5.345453381048428376e-01 5.488049555014128389e-01 5.716375786235590173e-01 6.210969019642490485e-01 5.102040816326530726e-02 0.000000000000000000e+00 0.000000000000000000e+00 0.000000000000000000e+00 0.000000000000000000e+00 0.000000000000000000e+00 0.000000000000000000e+00 
0.000000000000000000e+00 0.000000000000000000e+00 0.000000000000000000e+00 0.000000000000000000e+00 0.000000000000000000e+00 0.000000000000000000e+00 2.346938775510204189e-01 6.140755669567193875e-01 5.819787856692733019e-01 5.469717401748976915e-01 5.358636860579173433e-01 5.391809806860647925e-01 5.422629096034318197e-01 5.425170068027210801e-01 5.425170068027210801e-01 5.425170068027210801e-01 5.425170068027210801e-01 5.425170068027210801e-01 5.425170068027210801e-01 5.425170068027210801e-01 5.425170068027210801e-01 5.425170068027210801e-01 5.425170068027210801e-01 5.425170068027210801e-01 5.425170068027210801e-01 5.423001063123041865e-01 5.398603552588019383e-01 5.340449783677432283e-01 5.386375724220439087e-01 5.637552880866888438e-01 6.027175353891980336e-01 2.976190476190476164e-01 0.000000000000000000e+00 0.000000000000000000e+00 0.000000000000000000e+00 0.000000000000000000e+00 0.000000000000000000e+00 0.000000000000000000e+00 
0.000000000000000000e+00 0.000000000000000000e+00 0.000000000000000000e+00 0.000000000000000000e+00 0.000000000000000000e+00 1.020408163265306041e-02 6.220359572400387949e-01 6.033065050427182108e-01 5.679776089360603075e-01 5.366766994093533638e-01 5.389064453557360634e-01 5.427160490579862051e-01 5.443520307249637424e-01 5.443847181729836171e-01 5.443847181729836171e-01 5.443847181729836171e-01 5.443847181729836171e-01 5.443847181729836171e-01 5.443847181729836171e-01 5.443847181729836171e-01 5.443847181729836171e-01 5.443847181729836171e-01 5.443847181729836171e-01 5.443847181729836171e-01 5.443693240843137104e-01 5.433088929894992480e-01 5.388088616897510619e-01 5.339511768490061705e-01 5.565599622335346552e-01 5.794323095716091832e-01 6.250235592072327373e-01 7.142857142857142461e-02 0.000000000000000000e+00 0.000000000000000000e+00 0.000000000000000000e+00 0.000000000000000000e+00 0.000000000000000000e+00 0.000000000000000000e+00 
0.000000000000000000e+00 0.000000000000000000e+00 0.000000000000000000e+00 0.000000000000000000e+00 0.000000000000000000e+00 0.000000000000000000e+00 6.151360544217687742e-01 6.014525429368794418e-01 5.567655957964742219e-01 5.281034945222902177e-01 5.336264187543008353e-01 5.381066204196617297e-01 5.388133528153761231e-01 5.388438411078717571e-01 5.388438411078717571e-01 5.388438411078717571e-01 5.388438411078717571e-01 5.388438411078717571e-01 5.388438411078717571e-01 5.388438411078717571e-01 5.388438411078717571e-01 5.388438411078717571e-01 5.388438411078717571e-01 5.388438411078717571e-01 5.388438411078717571e-01 5.377835389671887789e-01 5.313870933226965132e-01 5.281044264214450612e-01 5.623620761071183027e-01 5.903348834110411225e-01 6.049319727891154796e-01 2.040816326530612082e-02 0.000000000000000000e+00 0.000000000000000000e+00 0.000000000000000000e+00 0.000000000000000000e+00 0.000000000000000000e+00 0.000000000000000000e+00 
0.000000000000000000e+00 0.000000000000000000e+00 0.000000000000000000e+00 0.000000000000000000e+00 0.000000000000000000e+00 0.000000000000000000e+00 1.428571428571428492e-01 6.274266199986486825e-01 5.834389528493693078e-01 5.522654749832863752e-01 5.360203553927278541e-01 5.393263680120660153e-01 5.432356601245438288e-01 5.437985908649174416e-01 5.437985908649174416e-01 5.437985908649174416e-01 5.437985908649174416e-01 5.437985908649174416e-01 5.437985908649174416e-01 5.437985908649174416e-01 5.437985908649174416e-01 5.437985908649174416e-01 5.437985908649174416e-01 5.437985908649174416e-01 5.437985908649174416e-01 5.435889763883230419e-01 5.413595777024177158e-01 5.364748054141319500e-01 5.375159972617887805e-01 5.638037000171343127e-01 6.070489927919509032e-01 4.687074829931972553e-01 0.000000000000000000e+00 0.000000000000000000e+00 0.000000000000000000e+00 0.000000000000000000e+00 0.000000000000000000e+00 0.000000000000000000e+00 
0.000000000000000000e+00 0.000000000000000000e+00 0.000000000000000000e+00 0.000000000000000000e+00 0.000000000000000000e+00 0.000000000000000000e+00 1.836734693877551117e-01 6.350587100827128628e-01 5.760838343600299671e-01 5.402485444043957363e-01 5.386459361921593914e-01 5.429301415178785506e-01 5.445707288652731348e-01 5.446534863945579064e-01 5.446534863945579064e-01 5.446534863945579064e-01 5.446534863945579064e-01 5.446534863945579064e-01 5.446534863945579064e-01 5.446534863945579064e-01 5.446534863945579064e-01 5.446534863945579064e-01 5.446534863945579064e-01 5.446534863945579064e-01 5.446534863945579064e-01 5.444400199380041716e-01 5.409754734821013988e-01 5.352129366761727569e-01 5.503161620723734382e-01 5.765725376268480140e-01 6.293066910413848136e-01 7.142857142857142461e-02 0.000000000000000000e+00 0.000000000000000000e+00 0.000000000000000000e+00 0.000000000000000000e+00 0.000000000000000000e+00 0.000000000000000000e+00 
0.000000000000000000e+00 0.000000000000000000e+00 0.000000000000000000e+00 0.000000000000000000e+00 0.000000000000000000e+00 0.000000000000000000e+00 3.129251700680272252e-01 6.255519698283645846e-01 5.807368463238665734e-01 5.518986608521974091e-01 5.369058021061601238e-01 5.409110243225051518e-01 5.448555139613537879e-01 5.452396137026237488e-01 5.452396137026237488e-01 5.452396137026237488e-01 5.452396137026237488e-01 5.452396137026237488e-01 5.452396137026237488e-01 5.452396137026237488e-01 5.452396137026237488e-01 5.452396137026237488e-01 5.452396137026237488e-01 5.452396137026237488e-01 5.452396137026237488e-01 5.449015312710547843e-01 5.421843624690859675e-01 5.376885527344095195e-01 5.403639828226501907e-01 5.673142556847194928e-01 5.973467025522866125e-01 4.668367346938775975e-01 0.000000000000000000e+00 0.000000000000000000e+00 0.000000000000000000e+00 0.000000000000000000e+00 0.000000000000000000e+00 0.000000000000000000e+00 
0.000000000000000000e+00 0.000000000000000000e+00 0.000000000000000000e+00 0.000000000000000000e+00 0.000000000000000000e+00 0.000000000000000000e+00 4.251700680272108568e-01 6.276517474513683137e-01 5.781068043778430088e-01 5.446857097204628184e-01 5.394834217828849976e-01 5.436278997715211503e-01 5.463451899699625081e-01 5.463784620991252172e-01 5.463784620991252172e-01 5.463784620991252172e-01 5.463784620991252172e-01 5.463784620991252172e-01 5.463784620991252172e-01 5.463784620991252172e-01 5.463784620991252172e-01 5.463784620991252172e-01 5.463784620991252172e-01 5.463784620991252172e-01 5.463784620991252172e-01 5.459525838981139634e-01 5.413243224640958973e-01 5.366998202640840265e-01 5.479912117671359439e-01 5.736188784916204098e-01 6.236975251744318882e-01 1.020408163265306145e-01 0.000000000000000000e+00 0.000000000000000000e+00 0.000000000000000000e+00 0.000000000000000000e+00 0.000000000000000000e+00 0.000000000000000000e+00 
0.000000000000000000e+00 0.000000000000000000e+00 0.000000000000000000e+00 0.000000000000000000e+00 0.000000000000000000e+00 0.000000000000000000e+00 1.326530612244898044e-01 6.255089581620191241e-01 5.935434419076809354e-01 5.652311988696175904e-01 5.389011937724721424e-01 5.424720412727515040e-01 5.462836650281506223e-01 5.467671890184645500e-01 5.467671890184645500e-01 5.467671890184645500e-01 5.467671890184645500e-01 5.467671890184645500e-01 5.467671890184645500e-01 5.467671890184645500e-01 5.467671890184645500e-01 5.467671890184645500e-01 5.467671890184645500e-01 5.467671890184645500e-01 5.467671890184645500e-01 5.465640428434966891e-01 5.449661749423894141e-01 5.401887701166563360e-01 5.364403155303748560e-01 5.620340539696018212e-01 5.859919778413432701e-01 5.506802721088435160e-01 0.000000000000000000e+00 0.000000000000000000e+00 0.000000000000000000e+00 0.000000000000000000e+00 0.000000000000000000e+00 0.000000000000000000e+00 
0.000000000000000000e+00 0.000000000000000000e+00 0.000000000000000000e+00 0.000000000000000000e+00 0.000000000000000000e+00 0.000000000000000000e+00 6.218901846452866700e-01 6.189619760236215740e-01 5.704281022709878357e-01 5.407246664748763809e-01 5.401176396733649021e-01 5.447641703947777581e-01 5.463839226258231374e-01 5.465090500485908498e-01 5.465090500485908498e-01 5.465090500485908498e-01 5.465090500485908498e-01 5.465090500485908498e-01 5.465090500485908498e-01 5.465090500485908498e-01 5.465090500485908498e-01 5.465090500485908498e-01 5.465090500485908498e-01 5.465090500485908498e-01 5.465090500485908498e-01 5.455090132698308114e-01 5.404993012502596894e-01 5.369540151858550603e-01 5.538624793756796727e-01 5.781721329211283456e-01 6.042890499523152492e-01 9.693877551020407823e-02 0.000000000000000000e+00 0.000000000000000000e+00 0.000000000000000000e+00 0.000000000000000000e+00 0.000000000000000000e+00 0.000000000000000000e+00 
0.000000000000000000e+00 0.000000000000000000e+00 0.000000000000000000e+00 0.000000000000000000e+00 0.000000000000000000e+00 0.000000000000000000e+00 6.049319727891155907e-01 6.231760572976784429e-01 5.764814978697231362e-01 5.459053730000444915e-01 5.383470126551113122e-01 5.426510814955930462e-01 5.456535700276649026e-01 5.458955903790086994e-01 5.458955903790086994e-01 5.458955903790086994e-01 5.458955903790086994e-01 5.458955903790086994e-01 5.458955903790086994e-01 5.458955903790086994e-01 5.458955903790086994e-01 5.458955903790086994e-01 5.458955903790086994e-01 5.458955903790086994e-01 5.458955903790086994e-01 5.450041852046215718e-01 5.403855957263925536e-01 5.363254760744845528e-01 5.457912055462061929e-01 5.721269917871086852e-01 6.043710407997562317e-01 2.704081632653061451e-01 0.000000000000000000e+00 0.000000000000000000e+00 0.000000000000000000e+00 0.000000000000000000e+00 0.000000000000000000e+00 0.000000000000000000e+00 
0.000000000000000000e+00 0.000000000000000000e+00 0.000000000000000000e+00 0.000000000000000000e+00 0.000000000000000000e+00 0.000000000000000000e+00 3.486394557823129237e-01 6.364704240793356282e-01 5.858687944169358452e-01 5.505095788265780277e-01 5.390919142051224799e-01 5.429613502230747901e-01 5.466346123303340576e-01 5.468309645286685283e-01 5.468309645286685283e-01 5.468309645286685283e-01 5.468309645286685283e-01 5.468309645286685283e-01 5.468309645286685283e-01 5.468309645286685283e-01 5.468309645286685283e-01 5.468309645286685283e-01 5.468309645286685283e-01 5.468309645286685283e-01 5.468309645286685283e-01 5.465526674326876000e-01 5.425666969783792259e-01 5.371692349987409187e-01 5.441163844688376994e-01 5.710355496680855625e-01 6.110739223413437227e-01 3.282312925170067786e-01 0.000000000000000000e+00 0.000000000000000000e+00 0.000000000000000000e+00 0.000000000000000000e+00 0.000000000000000000e+00 0.000000000000000000e+00 
0.000000000000000000e+00 0.000000000000000000e+00 0.000000000000000000e+00 0.000000000000000000e+00 0.000000000000000000e+00 0.000000000000000000e+00 2.346938775510204189e-01 6.240659567190177670e-01 5.913367990786524420e-01 5.676674588044975378e-01 5.365121860764443529e-01 5.393191113519002489e-01 5.442667676487259465e-01 5.449101068999026021e-01 5.449101068999026021e-01 5.449101068999026021e-01 5.449101068999026021e-01 5.449101068999026021e-01 5.449101068999026021e-01 5.449101068999026021e-01 5.449101068999026021e-01 5.449101068999026021e-01 5.449101068999026021e-01 5.449101068999026021e-01 5.449101068999026021e-01 5.446458115339773975e-01 5.428494373533339079e-01 5.387224813673665569e-01 5.337041498211636537e-01 5.587383588883588770e-01 5.866055169565478344e-01 5.579081632653061229e-01 0.000000000000000000e+00 0.000000000000000000e+00 0.000000000000000000e+00 0.000000000000000000e+00 0.000000000000000000e+00 0.000000000000000000e+00 
0.000000000000000000e+00 0.000000000000000000e+00 0.000000000000000000e+00 0.000000000000000000e+00 0.000000000000000000e+00 1.020408163265306041e-02 5.671444768383543389e-01 6.109493986424909817e-01 5.743681692565635322e-01 5.400450933791831609e-01 5.399163402601123707e-01 5.447322113227371920e-01 5.467410941871277963e-01 5.468537414965987109e-01 5.468537414965987109e-01 5.468537414965987109e-01 5.468537414965987109e-01 5.468537414965987109e-01 5.468537414965987109e-01 5.468537414965987109e-01 5.468537414965987109e-01 5.468537414965987109e-01 5.468537414965987109e-01 5.468537414965987109e-01 5.468388472160023994e-01 5.459772902681558904e-01 5.404290981005449579e-01 5.351602246256050854e-01 5.571602382337628168e-01 5.849097378593178798e-01 6.333421680360454831e-01 8.673469387755101956e-02 0.000000000000000000e+00 0.000000000000000000e+00 0.000000000000000000e+00 0.000000000000000000e+00 0.000000000000000000e+00 0.000000000000000000e+00 
0.000000000000000000e+00 0.000000000000000000e+00 0.000000000000000000e+00 0.000000000000000000e+00 0.000000000000000000e+00 0.000000000000000000e+00 2.176870748299319924e-01 6.478672816288126857e-01 5.936976643484105365e-01 5.621873153943405255e-01 5.395172175735678533e-01 5.421842209819571767e-01 5.466237932429488522e-01 5.471984329446064610e-01 5.471984329446064610e-01 5.471984329446064610e-01 5.471984329446064610e-01 5.471984329446064610e-01 5.471984329446064610e-01 5.471984329446064610e-01 5.471984329446064610e-01 5.471984329446064610e-01 5.471984329446064610e-01 5.471984329446064610e-01 5.471984329446064610e-01 5.470224098861108386e-01 5.441418803610256205e-01 5.394677447582162388e-01 5.381483910578603869e-01 5.631989252153057901e-01 5.921514454492768920e-01 5.170068027210884543e-01 0.000000000000000000e+00 0.000000000000000000e+00 0.000000000000000000e+00 0.000000000000000000e+00 0.000000000000000000e+00 0.000000000000000000e+00 
0.000000000000000000e+00 0.000000000000000000e+00 0.000000000000000000e+00 0.000000000000000000e+00 0.000000000000000000e+00 0.000000000000000000e+00 4.933673469387754307e-01 6.147434849058635020e-01 5.743589911217766852e-01 5.411701156721985262e-01 5.392842411956552118e-01 5.437781633496476807e-01 5.466191465430385588e-01 5.468491861030125856e-01 5.468491861030125856e-01 5.468491861030125856e-01 5.468491861030125856e-01 5.468491861030125856e-01 5.468491861030125856e-01 5.468491861030125856e-01 5.468491861030125856e-01 5.468491861030125856e-01 5.468491861030125856e-01 5.468491861030125856e-01 5.468491861030125856e-01 5.462671560854941433e-01 5.412027753216377413e-01 5.359919567781458172e-01 5.545352556288618562e-01 5.821383391645702510e-01 6.234303326637627984e-01 2.346938775510204189e-01 0.000000000000000000e+00 0.000000000000000000e+00 0.000000000000000000e+00 0.000000000000000000e+00 0.000000000000000000e+00 0.000000000000000000e+00 
0.000000000000000000e+00 0.000000000000000000e+00 0.000000000000000000e+00 0.000000000000000000e+00 0.000000000000000000e+00 0.000000000000000000e+00 2.857142857142856984e-01 6.424431797097968078e-01 5.980995353627309719e-01 5.614938463640347655e-01 5.399060225108341937e-01 5.418382751088512972e-01 5.465624794859555990e-01 5.474430675763364285e-01 5.474717565597666535e-01 5.474717565597666535e-01 5.474717565597666535e-01 5.474717565597666535e-01 5.474717565597666535e-01 5.474717565597666535e-01 5.474717565597666535e-01 5.474717565597666535e-01 5.474717565597666535e-01 5.474717565597666535e-01 5.474717565597666535e-01 5.471990336146295153e-01 5.445001068675389133e-01 5.386767616420538030e-01 5.383863602026521811e-01 5.628347414010200778e-01 5.907446491423126167e-01 5.926263362487853570e-01 2.040816326530612082e-02 0.000000000000000000e+00 0.000000000000000000e+00 0.000000000000000000e+00 0.000000000000000000e+00 0.000000000000000000e+00 
0.000000000000000000e+00 0.000000000000000000e+00 0.000000000000000000e+00 0.000000000000000000e+00 0.000000000000000000e+00 2.040816326530612082e-02 6.444301163688916922e-01 6.016597273383766931e-01 5.701886209919184711e-01 5.355142781539997676e-01 5.372743164895705803e-01 5.417685728376121501e-01 5.444156879517477732e-01 5.446018586005832995e-01 5.446018586005832995e-01 5.446018586005832995e-01 5.446018586005832995e-01 5.446018586005832995e-01 5.446018586005832995e-01 5.446018586005832995e-01 5.446018586005832995e-01 5.446018586005832995e-01 5.446018586005832995e-01 5.446018586005832995e-01 5.445732695787676159e-01 5.431471125843438941e-01 5.372486456622140860e-01 5.307188236764560640e-01 5.594428733596130687e-01 5.871790251418721462e-01 6.296043059248341844e-01 2.295918367346938826e-01 0.000000000000000000e+00 0.000000000000000000e+00 0.000000000000000000e+00 0.000000000000000000e+00 0.000000000000000000e+00 0.000000000000000000e+00 
0.000000000000000000e+00 0.000000000000000000e+00 0.000000000000000000e+00 0.000000000000000000e+00 0.000000000000000000e+00 3.061224489795918297e-02 6.424533233206702887e-01 5.912158840144512428e-01 5.556534628415139565e-01 5.252434945611784700e-01 5.296948746764403859e-01 5.355362130506168272e-01 5.365047979470619621e-01 5.366132167152574128e-01 5.366132167152574128e-01 5.366132167152574128e-01 5.366132167152574128e-01 5.366132167152574128e-01 5.366132167152574128e-01 5.366132167152574128e-01 5.366132167152574128e-01 5.366132167152574128e-01 5.366132167152574128e-01 5.366132167152574128e-01 5.365665346411739867e-01 5.341517016103227711e-01 5.249190556941002450e-01 5.204787972960461806e-01 5.672060723048774067e-01 6.044958805661176937e-01 6.012674117265953688e-01 1.122448979591836732e-01 0.000000000000000000e+00 0.000000000000000000e+00 0.000000000000000000e+00 0.000000000000000000e+00 0.000000000000000000e+00 0.000000000000000000e+00 
0.000000000000000000e+00 0.000000000000000000e+00 0.000000000000000000e+00 0.000000000000000000e+00 0.000000000000000000e+00 0.000000000000000000e+00 4.328231292517006334e-01 6.271597289209231985e-01 5.835245023231974137e-01 5.445502999333832195e-01 5.421462421559966050e-01 5.456623479319588910e-01 5.484314566243967404e-01 5.485908649173957263e-01 5.485908649173957263e-01 5.485908649173957263e-01 5.485908649173957263e-01 5.485908649173957263e-01 5.485908649173957263e-01 5.485908649173957263e-01 5.485908649173957263e-01 5.485908649173957263e-01 5.485908649173957263e-01 5.485908649173957263e-01 5.485908649173957263e-01 5.482450874318631762e-01 5.435478058227481979e-01 5.373351141917322993e-01 5.534708525076796892e-01 5.785199793983458738e-01 6.328437543848709490e-01 1.938775510204081565e-01 0.000000000000000000e+00 0.000000000000000000e+00 0.000000000000000000e+00 0.000000000000000000e+00 0.000000000000000000e+00 0.000000000000000000e+00 
0.000000000000000000e+00 0.000000000000000000e+00 0.000000000000000000e+00 0.000000000000000000e+00 0.000000000000000000e+00 1.020408163265306041e-02 5.948979591836733860e-01 6.105753775029436614e-01 5.816504938966026161e-01 5.437750725872511071e-01 5.391221191067919749e-01 5.438999608683999787e-01 5.472788035185742750e-01 5.475917152575313640e-01 5.475917152575313640e-01 5.475917152575313640e-01 5.475917152575313640e-01 5.475917152575313640e-01 5.475917152575313640e-01 5.475917152575313640e-01 5.475917152575313640e-01 5.475917152575313640e-01 5.475917152575313640e-01 5.475917152575313640e-01 5.475790201324594042e-01 5.468581113246695491e-01 5.424229639204853903e-01 5.350661073736573403e-01 5.519657491098767244e-01 5.804943446250638850e-01 6.198483264223035860e-01 3.753401360544217358e-01 0.000000000000000000e+00 0.000000000000000000e+00 0.000000000000000000e+00 0.000000000000000000e+00 0.000000000000000000e+00 0.000000000000000000e+00 
0.000000000000000000e+00 0.000000000000000000e+00 0.000000000000000000e+00 0.000000000000000000e+00 0.000000000000000000e+00 1.020408163265306041e-02 6.396987366375120887e-01 6.068534905280728031e-01 5.822638009972611606e-01 5.428662769187915238e-01 5.380243600322320852e-01 5.412052932489754831e-01 5.455549691142900226e-01 5.462642488141695729e-01 5.462782434402331244e-01 5.462782434402331244e-01 5.462782434402331244e-01 5.462782434402331244e-01 5.462782434402331244e-01 5.462782434402331244e-01 5.462782434402331244e-01 5.462782434402331244e-01 5.462782434402331244e-01 5.462782434402331244e-01 5.462664479696939246e-01 5.449987008205010586e-01 5.402807290016751196e-01 5.326223644798727674e-01 5.506178735016892256e-01 5.760427303642310370e-01 6.216212249248258548e-01 5.989795918367347705e-01 1.020408163265306041e-02 0.000000000000000000e+00 0.000000000000000000e+00 0.000000000000000000e+00 0.000000000000000000e+00 0.000000000000000000e+00 
0.000000000000000000e+00 0.000000000000000000e+00 0.000000000000000000e+00 0.000000000000000000e+00 0.000000000000000000e+00 3.061224489795918297e-02 6.534692631631406901e-01 5.999086612361018700e-01 5.603736497916856907e-01 5.293613904349996346e-01 5.339270588525286687e-01 5.395299158250309590e-01 5.410396799363099696e-01 5.411898688046651307e-01 5.411898688046651307e-01 5.411898688046651307e-01 5.411898688046651307e-01 5.411898688046651307e-01 5.411898688046651307e-01 5.411898688046651307e-01 5.411898688046651307e-01 5.411898688046651307e-01 5.411898688046651307e-01 5.411898688046651307e-01 5.411391604571216263e-01 5.386748549415758536e-01 5.303325136912522275e-01 5.269699135161922676e-01 5.684724031688151991e-01 5.998004445570158660e-01 6.175273705885948594e-01 1.734693877551020391e-01 0.000000000000000000e+00 0.000000000000000000e+00 0.000000000000000000e+00 0.000000000000000000e+00 0.000000000000000000e+00 0.000000000000000000e+00 
0.000000000000000000e+00 0.000000000000000000e+00 0.000000000000000000e+00 0.000000000000000000e+00 0.000000000000000000e+00 0.000000000000000000e+00 4.135811467444120981e-01 6.324115271009818073e-01 5.931679577339195042e-01 5.612038082028235619e-01 5.397929344946993391e-01 5.423344222077147725e-01 5.472178618695112684e-01 5.485677928246978086e-01 5.486242711370260539e-01 5.486242711370260539e-01 5.486242711370260539e-01 5.486242711370260539e-01 5.486242711370260539e-01 5.486242711370260539e-01 5.486242711370260539e-01 5.486242711370260539e-01 5.486242711370260539e-01 5.486242711370260539e-01 5.486242711370260539e-01 5.483135008178219305e-01 5.450286232147136811e-01 5.396633999978901475e-01 5.401480274577992180e-01 5.665891124596663664e-01 5.969147756157384688e-01 6.389441057808404878e-01 4.081632653061224164e-02 0.000000000000000000e+00 0.000000000000000000e+00 0.000000000000000000e+00 0.000000000000000000e+00 0.000000000000000000e+00 
0.000000000000000000e+00 0.000000000000000000e+00 0.000000000000000000e+00 0.000000000000000000e+00 0.000000000000000000e+00 2.040816326530612082e-02 6.100826044703594464e-01 6.245631169673366845e-01 5.884011709278872404e-01 5.551391486061589831e-01 5.409413216282865644e-01 5.443789956958232645e-01 5.490595061711345259e-01 5.499482960447947821e-01 5.500060738581145081e-01 5.500060738581145081e-01 5.500060738581145081e-01 5.500060738581145081e-01 5.500060738581145081e-01 5.500060738581145081e-01 5.500060738581145081e-01 5.500060738581145081e-01 5.500060738581145081e-01 5.500060738581145081e-01 5.499778846827578782e-01 5.489981725190975492e-01 5.447969186407882747e-01 5.390627204654311333e-01 5.455120629226509754e-01 5.722037586325180447e-01 6.010324938130656713e-01 5.957887917071587047e-01 4.081632653061224164e-02 0.000000000000000000e+00 0.000000000000000000e+00 0.000000000000000000e+00 0.000000000000000000e+00 0.000000000000000000e+00 
0.000000000000000000e+00 0.000000000000000000e+00 0.000000000000000000e+00 0.000000000000000000e+00 0.000000000000000000e+00 4.081632653061224164e-02 6.422862001943633325e-01 6.187725266727900353e-01 5.895412830021843353e-01 5.520556803774088195e-01 5.405423831038753679e-01 5.440769335125713591e-01 5.489509074105795028e-01 5.499009856405613350e-01 5.499559645286682397e-01 5.499559645286682397e-01 5.499559645286682397e-01 5.499559645286682397e-01 5.499559645286682397e-01 5.499559645286682397e-01 5.499559645286682397e-01 5.499559645286682397e-01 5.499559645286682397e-01 5.499559645286682397e-01 5.498975869456601551e-01 5.489893621811519075e-01 5.446944552408894413e-01 5.381341464231508276e-01 5.478385584475675696e-01 5.762352793321944278e-01 6.104980239248213314e-01 6.272837706511175115e-01 4.081632653061224164e-02 0.000000000000000000e+00 0.000000000000000000e+00 0.000000000000000000e+00 0.000000000000000000e+00 0.000000000000000000e+00 
0.000000000000000000e+00 0.000000000000000000e+00 0.000000000000000000e+00 0.000000000000000000e+00 0.000000000000000000e+00 1.020408163265306041e-02 6.214042759961128093e-01 6.224520300317591959e-01 5.884992143744650628e-01 5.519266036981275159e-01 5.392784263140004697e-01 5.426564744645105964e-01 5.476353598052896565e-01 5.486386418091642181e-01 5.486941205053449400e-01 5.486941205053449400e-01 5.486941205053449400e-01 5.486941205053449400e-01 5.486941205053449400e-01 5.486941205053449400e-01 5.486941205053449400e-01 5.486941205053449400e-01 5.486941205053449400e-01 5.486941205053449400e-01 5.486821251115761022e-01 5.476797407314945021e-01 5.433873145857427422e-01 5.373665852443050284e-01 5.457012613666597511e-01 5.733538764988991288e-01 6.096252803758652750e-01 5.969185293164884776e-01 5.102040816326530726e-02 0.000000000000000000e+00 0.000000000000000000e+00 0.000000000000000000e+00 0.000000000000000000e+00 0.000000000000000000e+00 
0.000000000000000000e+00 0.000000000000000000e+00 0.000000000000000000e+00 0.000000000000000000e+00 0.000000000000000000e+00 1.020408163265306041e-02 4.882653061224490054e-01 6.405299931607993935e-01 5.926160801925968169e-01 5.608233735189517288e-01 5.400536186449960141e-01 5.424661048759873427e-01 5.475757498694909797e-01 5.493044813648700897e-01 5.494032434402331688e-01 5.494032434402331688e-01 5.494032434402331688e-01 5.494032434402331688e-01 5.494032434402331688e-01 5.494032434402331688e-01 5.494032434402331688e-01 5.494032434402331688e-01 5.494032434402331688e-01 5.494032434402331688e-01 5.493894487373990332e-01 5.490323022967065203e-01 5.450186969690590244e-01 5.402097562806574826e-01 5.414946474159771928e-01 5.682507896247179779e-01 6.006525114981337010e-01 6.335202495916778531e-01 8.163265306122448328e-02 0.000000000000000000e+00 0.000000000000000000e+00 0.000000000000000000e+00 0.000000000000000000e+00 0.000000000000000000e+00 
0.000000000000000000e+00 0.000000000000000000e+00 0.000000000000000000e+00 0.000000000000000000e+00 0.000000000000000000e+00 6.122448979591836593e-02 6.626391465677181625e-01 6.042570309426504860e-01 5.769139749230902670e-01 5.403378442249586744e-01 5.377711048752045198e-01 5.432017684970764648e-01 5.463329979576017070e-01 5.469831013462258529e-01 5.469979956268220533e-01 5.469979956268220533e-01 5.469979956268220533e-01 5.469979956268220533e-01 5.469979956268220533e-01 5.469979956268220533e-01 5.469979956268220533e-01 5.469979956268220533e-01 5.469979956268220533e-01 5.469979956268220533e-01 5.469123285229898768e-01 5.450354408760033076e-01 5.398645281395788587e-01 5.332380567485340839e-01 5.564098125595607902e-01 5.856929732993200188e-01 6.176555522396487419e-01 5.477405247813410538e-01 1.020408163265306041e-02 0.000000000000000000e+00 0.000000000000000000e+00 0.000000000000000000e+00 0.000000000000000000e+00 0.000000000000000000e+00 
0.000000000000000000e+00 0.000000000000000000e+00 0.000000000000000000e+00 0.000000000000000000e+00 0.000000000000000000e+00 6.060981535471330339e-01 6.126021204008113008e-01 5.691229240983955995e-01 5.338583820671151114e-01 5.149612928133385781e-01 5.215892664676468060e-01 5.249321629780573373e-01 5.255467567120892802e-01 5.256271258503402155e-01 5.256271258503402155e-01 5.256271258503402155e-01 5.256271258503402155e-01 5.256271258503402155e-01 5.256271258503402155e-01 5.256271258503402155e-01 5.256271258503402155e-01 5.256271258503402155e-01 5.256271258503402155e-01 5.256271258503402155e-01 5.244764068733197560e-01 5.144363491729072591e-01 4.987987381133511811e-01 5.087032252744227989e-01 5.909414086010701395e-01 6.218487061824395923e-01 5.200680272108842983e-01 5.102040816326530726e-02 0.000000000000000000e+00 0.000000000000000000e+00 0.000000000000000000e+00 0.000000000000000000e+00 0.000000000000000000e+00 0.000000000000000000e+00 
0.000000000000000000e+00 0.000000000000000000e+00 0.000000000000000000e+00 0.000000000000000000e+00 0.000000000000000000e+00 2.040816326530612082e-02 5.804421768707483942e-01 6.409578665700800260e-01 5.922406494676818456e-01 5.562107324013961795e-01 5.387013391923641814e-01 5.423935264001115142e-01 5.477749982412565277e-01 5.489722275487182168e-01 5.490129980563652756e-01 5.490129980563652756e-01 5.490129980563652756e-01 5.490129980563652756e-01 5.490129980563652756e-01 5.490129980563652756e-01 5.490129980563652756e-01 5.490129980563652756e-01 5.490129980563652756e-01 5.490129980563652756e-01 5.489841091497054126e-01 5.481629116500852383e-01 5.440914684321969119e-01 5.384415231346109110e-01 5.434715476756676322e-01 5.727033414997497740e-01 6.094763776814894340e-01 6.281422092646581357e-01 2.040816326530612082e-02 0.000000000000000000e+00 0.000000000000000000e+00 0.000000000000000000e+00 0.000000000000000000e+00 0.000000000000000000e+00 
0.000000000000000000e+00 0.000000000000000000e+00 0.000000000000000000e+00 0.000000000000000000e+00 0.000000000000000000e+00 2.040816326530612082e-02 6.071428571428570953e-01 6.393211912383713891e-01 5.943811742018502153e-01 5.595299622832207165e-01 5.404576844659070289e-01 5.428202681656368878e-01 5.480737277121074946e-01 5.495969615951389331e-01 5.496325315840620007e-01 5.496325315840620007e-01 5.496325315840620007e-01 5.496325315840620007e-01 5.496325315840620007e-01 5.496325315840620007e-01 5.496325315840620007e-01 5.496325315840620007e-01 5.496325315840620007e-01 5.496325315840620007e-01 5.496054419864675467e-01 5.488695117446422689e-01 5.449248344012276313e-01 5.395276907639307007e-01 5.427390330592541945e-01 5.699164173479733808e-01 6.051443065392442255e-01 6.476772094119034318e-01 4.081632653061224164e-02 0.000000000000000000e+00 0.000000000000000000e+00 0.000000000000000000e+00 0.000000000000000000e+00 0.000000000000000000e+00 
0.000000000000000000e+00 0.000000000000000000e+00 0.000000000000000000e+00 0.000000000000000000e+00 0.000000000000000000e+00 1.938775510204081565e-01 6.515708781014903916e-01 6.118944085401912814e-01 5.794427097596841492e-01 5.450755961004353223e-01 5.392854491540779449e-01 5.430259396964869367e-01 5.475501791844185062e-01 5.486052498697643331e-01 5.487336005830903973e-01 5.487336005830903973e-01 5.487336005830903973e-01 5.487336005830903973e-01 5.487336005830903973e-01 5.487336005830903973e-01 5.487336005830903973e-01 5.487336005830903973e-01 5.487336005830903973e-01 5.487336005830903973e-01 5.486079821539004975e-01 5.465622063511208495e-01 5.408443640132992725e-01 5.356387511088791520e-01 5.525645610618377113e-01 5.782324930840155863e-01 6.083426775322916535e-01 6.262755102040814537e-01 1.020408163265306145e-01 0.000000000000000000e+00 0.000000000000000000e+00 0.000000000000000000e+00 0.000000000000000000e+00 0.000000000000000000e+00 
0.000000000000000000e+00 0.000000000000000000e+00 0.000000000000000000e+00 0.000000000000000000e+00 0.000000000000000000e+00 1.326530612244898044e-01 6.430803889987561917e-01 6.091580702094349098e-01 5.765036245014233396e-01 5.404972813897022110e-01 5.392410382887561360e-01 5.436967442312077292e-01 5.474886520308296367e-01 5.481379959619319120e-01 5.481808794946553265e-01 5.481808794946553265e-01 5.481808794946553265e-01 5.481808794946553265e-01 5.481808794946553265e-01 5.481808794946553265e-01 5.481808794946553265e-01 5.481808794946553265e-01 5.481808794946553265e-01 5.481808794946553265e-01 5.480637389420363048e-01 5.464413363385013378e-01 5.400793555325865691e-01 5.344929324484493094e-01 5.588970395016505943e-01 5.867605013573079509e-01 6.267722275176891289e-01 5.750728862973761846e-01 3.061224489795918297e-02 0.000000000000000000e+00 0.000000000000000000e+00 0.000000000000000000e+00 0.000000000000000000e+00 0.000000000000000000e+00 
0.000000000000000000e+00 0.000000000000000000e+00 0.000000000000000000e+00 0.000000000000000000e+00 0.000000000000000000e+00 2.755102040816326259e-01 6.410579036984860313e-01 5.904270776172600987e-01 5.570015422924218251e-01 5.298454079463528199e-01 5.355052586378443724e-01 5.402455053219797909e-01 5.425774044118055750e-01 5.429467322643342087e-01 5.429467322643342087e-01 5.429467322643342087e-01 5.429467322643342087e-01 5.429467322643342087e-01 5.429467322643342087e-01 5.429467322643342087e-01 5.429467322643342087e-01 5.429467322643342087e-01 5.429467322643342087e-01 5.429467322643342087e-01 5.428072487720516648e-01 5.384980822437226422e-01 5.305087001559590787e-01 5.308460062622292197e-01 5.765412994800312996e-01 6.053119654403399386e-01 6.569049714457876332e-01 3.452380952380952883e-01 0.000000000000000000e+00 0.000000000000000000e+00 0.000000000000000000e+00 0.000000000000000000e+00 0.000000000000000000e+00 0.000000000000000000e+00 
0.000000000000000000e+00 0.000000000000000000e+00 0.000000000000000000e+00 0.000000000000000000e+00 0.000000000000000000e+00 1.479591836734693855e-01 6.497736390593533695e-01 6.041397345119993156e-01 5.710339561747425075e-01 5.387410531694896143e-01 5.387037818280827617e-01 5.438057276509393745e-01 5.470473746448901720e-01 5.478541811373006665e-01 5.478680758017495656e-01 5.478680758017495656e-01 5.478680758017495656e-01 5.478680758017495656e-01 5.478680758017495656e-01 5.478680758017495656e-01 5.478680758017495656e-01 5.478680758017495656e-01 5.478680758017495656e-01 5.478680758017495656e-01 5.477372870309266117e-01 5.453334258505806442e-01 5.393144567823610069e-01 5.349879545796775160e-01 5.627225330654160862e-01 5.925832364564082022e-01 6.313177099537432557e-01 5.624149659863945105e-01 1.020408163265306041e-02 0.000000000000000000e+00 0.000000000000000000e+00 0.000000000000000000e+00 0.000000000000000000e+00 0.000000000000000000e+00 
0.000000000000000000e+00 0.000000000000000000e+00 0.000000000000000000e+00 0.000000000000000000e+00 0.000000000000000000e+00 4.081632653061224164e-02 5.523809523809524169e-01 6.366290676496335621e-01 6.019535035612947338e-01 5.731056873323477907e-01 5.431715747553466089e-01 5.404454264103050187e-01 5.453973027789464911e-01 5.486714309064771866e-01 5.490221088435376373e-01 5.490221088435376373e-01 5.490221088435376373e-01 5.490221088435376373e-01 5.490221088435376373e-01 5.490221088435376373e-01 5.490221088435376373e-01 5.490221088435376373e-01 5.490221088435376373e-01 5.490221088435376373e-01 5.489654306079800872e-01 5.482692387699193981e-01 5.451765633950644840e-01 5.401445983712679366e-01 5.371785139472848858e-01 5.575465456431045741e-01 5.869132791603299815e-01 6.277595055968591131e-01 3.333333333333333703e-01 0.000000000000000000e+00 0.000000000000000000e+00 0.000000000000000000e+00 0.000000000000000000e+00 0.000000000000000000e+00 
0.000000000000000000e+00 0.000000000000000000e+00 0.000000000000000000e+00 0.000000000000000000e+00 0.000000000000000000e+00 3.605442176870747861e-01 6.255385014566318125e-01 5.909269488059869513e-01 5.580666519736372511e-01 5.298165849107149272e-01 5.336460803160457678e-01 5.389808368473494316e-01 5.417443848786863692e-01 5.422257710182145640e-01 5.422421647230319941e-01 5.422421647230319941e-01 5.422421647230319941e-01 5.422421647230319941e-01 5.422421647230319941e-01 5.422421647230319941e-01 5.422421647230319941e-01 5.422421647230319941e-01 5.422421647230319941e-01 5.422421647230319941e-01 5.419104255960800476e-01 5.383210176388314450e-01 5.297415863135139791e-01 5.289322578491104654e-01 5.724720167341678101e-01 6.093821640769824244e-01 6.667203544754565225e-01 3.877551020408163129e-01 1.020408163265306041e-02 0.000000000000000000e+00 0.000000000000000000e+00 0.000000000000000000e+00 0.000000000000000000e+00 0.000000000000000000e+00 
0.000000000000000000e+00 0.000000000000000000e+00 0.000000000000000000e+00 0.000000000000000000e+00 0.000000000000000000e+00 1.173469387755102095e-01 6.335722384191772028e-01 6.214987968818603825e-01 5.884017889909406440e-01 5.538709163023561866e-01 5.417400511671638386e-01 5.442706330683778626e-01 5.490946430841021630e-01 5.505870424103953553e-01 5.507379737609330306e-01 5.507379737609330306e-01 5.507379737609330306e-01 5.507379737609330306e-01 5.507379737609330306e-01 5.507379737609330306e-01 5.507379737609330306e-01 5.507379737609330306e-01 5.507379737609330306e-01 5.507379737609330306e-01 5.506569243807504233e-01 5.493830859688427770e-01 5.449448134239559538e-01 5.392354451213523525e-01 5.475165867410267673e-01 5.730637467846930733e-01 6.038705990510434551e-01 6.304988662131517652e-01 1.224489795918367319e-01 0.000000000000000000e+00 0.000000000000000000e+00 0.000000000000000000e+00 0.000000000000000000e+00 0.000000000000000000e+00 
0.000000000000000000e+00 0.000000000000000000e+00 0.000000000000000000e+00 0.000000000000000000e+00 0.000000000000000000e+00 4.081632653061224164e-02 5.731292517006802978e-01 6.386410516587586184e-01 6.038487810842299019e-01 5.793128603421375811e-01 5.462006929050479132e-01 5.415709460364879213e-01 5.469323790493645365e-01 5.503726189128178570e-01 5.507911200194364199e-01 5.507911200194364199e-01 5.507911200194364199e-01 5.507911200194364199e-01 5.507911200194364199e-01 5.507911200194364199e-01 5.507911200194364199e-01 5.507911200194364199e-01 5.507911200194364199e-01 5.507911200194364199e-01 5.507376405555505228e-01 5.500814378693203999e-01 5.474302637943223582e-01 5.426349329577770941e-01 5.372399720527806233e-01 5.567042430962336752e-01 5.879566442987937958e-01 6.271474490771764554e-01 3.979591836734693855e-01 0.000000000000000000e+00 0.000000000000000000e+00 0.000000000000000000e+00 0.000000000000000000e+00 0.000000000000000000e+00 
0.000000000000000000e+00 0.000000000000000000e+00 0.000000000000000000e+00 0.000000000000000000e+00 0.000000000000000000e+00 1.020408163265306041e-02 3.622448979591836871e-01 6.411322521016397102e-01 6.104202176001364277e-01 5.822127340956065877e-01 5.385528007620306035e-01 5.366939098276282127e-01 5.426393403610413335e-01 5.457556936052100349e-01 5.460535106899903068e-01 5.460535106899903068e-01 5.460535106899903068e-01 5.460535106899903068e-01 5.460535106899903068e-01 5.460535106899903068e-01 5.460535106899903068e-01 5.460535106899903068e-01 5.460535106899903068e-01 5.460535106899903068e-01 5.460388163326235222e-01 5.456063225807354922e-01 5.437874868094756398e-01 5.386496370435246428e-01 5.320312916127234448e-01 5.550660219770319204e-01 5.843773827807074994e-01 6.279427776596377964e-01 2.653061224489796088e-01 0.000000000000000000e+00 0.000000000000000000e+00 0.000000000000000000e+00 0.000000000000000000e+00 0.000000000000000000e+00 
0.000000000000000000e+00 0.000000000000000000e+00 0.000000000000000000e+00 0.000000000000000000e+00 0.000000000000000000e+00 1.224489795918367319e-01 6.689018464528668773e-01 6.300595629961721622e-01 5.938898973636029810e-01 5.596757797663320932e-01 5.411945475763205726e-01 5.422165067038299258e-01 5.481434970861611689e-01 5.503307858264006036e-01 5.505709426627791725e-01 5.505709426627791725e-01 5.505709426627791725e-01 5.505709426627791725e-01 5.505709426627791725e-01 5.505709426627791725e-01 5.505709426627791725e-01 5.505709426627791725e-01 5.505709426627791725e-01 5.505709426627791725e-01 5.503953132491281597e-01 5.495540511374046311e-01 5.451108239885800177e-01 5.394502191986343398e-01 5.440171620075205938e-01 5.701416411787855187e-01 6.085649858564345926e-01 6.538138732016284260e-01 2.142857142857142738e-01 0.000000000000000000e+00 0.000000000000000000e+00 0.000000000000000000e+00 0.000000000000000000e+00 0.000000000000000000e+00 
0.000000000000000000e+00 0.000000000000000000e+00 0.000000000000000000e+00 0.000000000000000000e+00 0.000000000000000000e+00 4.294217687074829981e-01 6.510852626098726503e-01 6.007550456982437836e-01 5.686864887784651712e-01 5.395486063049680370e-01 5.392998323840428876e-01 5.433339915966463041e-01 5.473619010940932172e-01 5.483735531270278463e-01 5.484238338192419793e-01 5.484238338192419793e-01 5.484238338192419793e-01 5.484238338192419793e-01 5.484238338192419793e-01 5.484238338192419793e-01 5.484238338192419793e-01 5.484238338192419793e-01 5.484238338192419793e-01 5.484238338192419793e-01 5.480611956957001096e-01 5.448013325449123645e-01 5.389004589147410318e-01 5.367664995632722702e-01 5.614968014637851113e-01 5.880183093890833934e-01 6.285814153070663490e-01 6.216391318432133994e-01 6.122448979591836593e-02 0.000000000000000000e+00 0.000000000000000000e+00 0.000000000000000000e+00 0.000000000000000000e+00 0.000000000000000000e+00 
0.000000000000000000e+00 0.000000000000000000e+00 0.000000000000000000e+00 0.000000000000000000e+00 0.000000000000000000e+00 1.428571428571428492e-01 6.147462231645905995e-01 6.173674547168872540e-01 5.899625655422091608e-01 5.567919792222282283e-01 5.423868154030104805e-01 5.433164951011433264e-01 5.481472480365936484e-01 5.508339213672410750e-01 5.511722546161323955e-01 5.511722546161323955e-01 5.511722546161323955e-01 5.511722546161323955e-01 5.511722546161323955e-01 5.511722546161323955e-01 5.511722546161323955e-01 5.511722546161323955e-01 5.511722546161323955e-01 5.511722546161323955e-01 5.510429187465150092e-01 5.499714003917253180e-01 5.454848415535816786e-01 5.399965302241138687e-01 5.462002990835653771e-01 5.716679247242578699e-01 6.054015624255322248e-01 6.665769046546359267e-01 2.874149659863945439e-01 0.000000000000000000e+00 0.000000000000000000e+00 0.000000000000000000e+00 0.000000000000000000e+00 0.000000000000000000e+00 
0.000000000000000000e+00 0.000000000000000000e+00 0.000000000000000000e+00 0.000000000000000000e+00 0.000000000000000000e+00 3.061224489795918297e-02 6.122448979591836871e-01 6.391194449403297950e-01 5.947655854878338699e-01 5.621488445256970223e-01 5.421306964455796518e-01 5.439024727706124329e-01 5.493934226356331774e-01 5.513716722167610884e-01 5.516202016520893592e-01 5.516202016520893592e-01 5.516202016520893592e-01 5.516202016520893592e-01 5.516202016520893592e-01 5.516202016520893592e-01 5.516202016520893592e-01 5.516202016520893592e-01 5.516202016520893592e-01 5.516202016520893592e-01 5.515933119777242100e-01 5.506572849442864515e-01 5.464899557718420064e-01 5.417291701882335220e-01 5.442157079240690365e-01 5.712099497020558525e-01 6.069834140314558368e-01 6.305517894803610579e-01 1.734693877551020391e-01 0.000000000000000000e+00 0.000000000000000000e+00 0.000000000000000000e+00 0.000000000000000000e+00 0.000000000000000000e+00 
0.000000000000000000e+00 0.000000000000000000e+00 0.000000000000000000e+00 0.000000000000000000e+00 0.000000000000000000e+00 4.367346938775510390e-01 6.377938745238296292e-01 5.979002474108811027e-01 5.659787315179057865e-01 5.375637638275705399e-01 5.374116453660463533e-01 5.424794242537618327e-01 5.463057449725383652e-01 5.472129797395893780e-01 5.472743561710398108e-01 5.472743561710398108e-01 5.472743561710398108e-01 5.472743561710398108e-01 5.472743561710398108e-01 5.472743561710398108e-01 5.472743561710398108e-01 5.472743561710398108e-01 5.472743561710398108e-01 5.472743561710398108e-01 5.466253442185448064e-01 5.429627675355246375e-01 5.366387014214675233e-01 5.350712577111260693e-01 5.640876700643080444e-01 5.951173614304812176e-01 6.304322184573735166e-01 6.419096209912537043e-01 7.142857142857142461e-02 0.000000000000000000e+00 0.000000000000000000e+00 0.000000000000000000e+00 0.000000000000000000e+00 0.000000000000000000e+00 
0.000000000000000000e+00 0.000000000000000000e+00 0.000000000000000000e+00 0.000000000000000000e+00 0.000000000000000000e+00 3.367346938775510057e-01 6.480642240246080599e-01 6.058613159836735429e-01 5.630005188852729159e-01 5.365054808363161065e-01 5.380068717761327113e-01 5.437757194441660280e-01 5.472972621727307807e-01 5.478035719997806918e-01 5.478179664723031861e-01 5.478179664723031861e-01 5.478179664723031861e-01 5.478179664723031861e-01 5.478179664723031861e-01 5.478179664723031861e-01 5.478179664723031861e-01 5.478179664723031861e-01 5.478179664723031861e-01 5.478179664723031861e-01 5.475730313795657000e-01 5.445567878514930849e-01 5.367802740373388559e-01 5.382695238204691091e-01 5.692241948191274492e-01 6.044524668412374346e-01 6.533482265700150116e-01 5.059523809523809312e-01 1.020408163265306041e-02 0.000000000000000000e+00 0.000000000000000000e+00 0.000000000000000000e+00 0.000000000000000000e+00 0.000000000000000000e+00 
0.000000000000000000e+00 0.000000000000000000e+00 0.000000000000000000e+00 0.000000000000000000e+00 0.000000000000000000e+00 2.414965986394558006e-01 6.639836495703842489e-01 6.109976984718765713e-01 5.737562501967378159e-01 5.418890488722873933e-01 5.396400839405044447e-01 5.439282444406258188e-01 5.480153964042502324e-01 5.490143400387981210e-01 5.490798104956270409e-01 5.490798104956270409e-01 5.490798104956270409e-01 5.490798104956270409e-01 5.490798104956270409e-01 5.490798104956270409e-01 5.490798104956270409e-01 5.490798104956270409e-01 5.490798104956270409e-01 5.490798104956270409e-01 5.489213367524421461e-01 5.464342992862161186e-01 5.404893666344734449e-01 5.371290480894392871e-01 5.592135063707638354e-01 5.886606210027758301e-01 6.333892276922706843e-01 6.296404275996112521e-01 6.632653061224490221e-02 0.000000000000000000e+00 0.000000000000000000e+00 0.000000000000000000e+00 0.000000000000000000e+00 0.000000000000000000e+00 
0.000000000000000000e+00 0.000000000000000000e+00 0.000000000000000000e+00 0.000000000000000000e+00 0.000000000000000000e+00 1.224489795918367319e-01 6.444322967282151149e-01 6.399168527761651681e-01 5.935030629953849113e-01 5.618085982344502849e-01 5.447525195234191875e-01 5.464102378978091812e-01 5.522938013460060303e-01 5.540027828774667373e-01 5.540907434402332354e-01 5.540907434402332354e-01 5.540907434402332354e-01 5.540907434402332354e-01 5.540907434402332354e-01 5.540907434402332354e-01 5.540907434402332354e-01 5.540907434402332354e-01 5.540907434402332354e-01 5.540907434402332354e-01 5.539675606672301855e-01 5.529580732228640549e-01 5.484922888696165399e-01 5.437475731108879495e-01 5.483661666885633057e-01 5.763716715520698086e-01 6.176895291897713802e-01 6.755801596362819295e-01 9.693877551020407823e-02 0.000000000000000000e+00 0.000000000000000000e+00 0.000000000000000000e+00 0.000000000000000000e+00 0.000000000000000000e+00 
0.000000000000000000e+00 0.000000000000000000e+00 0.000000000000000000e+00 0.000000000000000000e+00 0.000000000000000000e+00 2.040816326530612290e-01 6.375971817298348165e-01 6.174046816938228988e-01 5.912300064848664549e-01 5.588505632282393387e-01 5.415034703263852389e-01 5.441918850903735283e-01 5.495769958139843370e-01 5.515705977889217015e-01 5.518039358600580480e-01 5.518039358600580480e-01 5.518039358600580480e-01 5.518039358600580480e-01 5.518039358600580480e-01 5.518039358600580480e-01 5.518039358600580480e-01 5.518039358600580480e-01 5.518039358600580480e-01 5.518039358600580480e-01 5.516296292089066799e-01 5.504178438204143653e-01 5.463678604572442810e-01 5.408329487097461863e-01 5.465667649069123613e-01 5.738327308656047121e-01 6.019245796145650251e-01 6.335779300065013109e-01 2.653061224489796088e-01 0.000000000000000000e+00 0.000000000000000000e+00 0.000000000000000000e+00 0.000000000000000000e+00 0.000000000000000000e+00 
0.000000000000000000e+00 0.000000000000000000e+00 0.000000000000000000e+00 0.000000000000000000e+00 0.000000000000000000e+00 2.976190476190476164e-01 6.458033463135504082e-01 6.227337093852993721e-01 5.837121493883296042e-01 5.533766271653864921e-01 5.437350474142589318e-01 5.439584564026656022e-01 5.491253727943761209e-01 5.513750697267599810e-01 5.517690111758988269e-01 5.517690111758988269e-01 5.517690111758988269e-01 5.517690111758988269e-01 5.517690111758988269e-01 5.517690111758988269e-01 5.517690111758988269e-01 5.517690111758988269e-01 5.517690111758988269e-01 5.517690111758988269e-01 5.516266322015145329e-01 5.496657279011065711e-01 5.443153240542298876e-01 5.407559084382903558e-01 5.500615735411226170e-01 5.721118612748281596e-01 6.123955691527515066e-01 6.531883682543948577e-01 3.027210884353741527e-01 0.000000000000000000e+00 0.000000000000000000e+00 0.000000000000000000e+00 0.000000000000000000e+00 0.000000000000000000e+00 
0.000000000000000000e+00 0.000000000000000000e+00 0.000000000000000000e+00 0.000000000000000000e+00 0.000000000000000000e+00 2.884353741496599177e-01 6.507229023810654489e-01 6.138034582742977197e-01 5.781837908694409389e-01 5.437185620301003830e-01 5.398896735573839312e-01 5.422184701786625372e-01 5.472172601859645047e-01 5.485790639682772696e-01 5.487093051506317654e-01 5.487093051506317654e-01 5.487093051506317654e-01 5.487093051506317654e-01 5.487093051506317654e-01 5.487093051506317654e-01 5.487093051506317654e-01 5.487093051506317654e-01 5.487093051506317654e-01 5.487093051506317654e-01 5.485033693627565654e-01 5.463856342131870880e-01 5.402414065658533993e-01 5.356883810251000799e-01 5.553349596724832526e-01 5.801138964949905663e-01 6.274504253919302998e-01 6.616415613864594647e-01 1.326530612244898044e-01 0.000000000000000000e+00 0.000000000000000000e+00 0.000000000000000000e+00 0.000000000000000000e+00 0.000000000000000000e+00 
0.000000000000000000e+00 0.000000000000000000e+00 0.000000000000000000e+00 0.000000000000000000e+00 0.000000000000000000e+00 9.693877551020407823e-02 6.140670553935858589e-01 6.307188377284781433e-01 5.942191805602250465e-01 5.634425954935686764e-01 5.427963784521616653e-01 5.443163170727884914e-01 5.501364485500401802e-01 5.521344350939049184e-01 5.523065476190475165e-01 5.523065476190475165e-01 5.523065476190475165e-01 5.523065476190475165e-01 5.523065476190475165e-01 5.523065476190475165e-01 5.523065476190475165e-01 5.523065476190475165e-01 5.523065476190475165e-01 5.523065476190475165e-01 5.522051211580033536e-01 5.513666221283234359e-01 5.473211780584574804e-01 5.421923347354634659e-01 5.442850887434821372e-01 5.719538940739995470e-01 6.092013275770598035e-01 6.463272838272837717e-01 2.040816326530612290e-01 0.000000000000000000e+00 0.000000000000000000e+00 0.000000000000000000e+00 0.000000000000000000e+00 0.000000000000000000e+00 
0.000000000000000000e+00 0.000000000000000000e+00 0.000000000000000000e+00 0.000000000000000000e+00 0.000000000000000000e+00 4.321428571428571619e-01 6.399955667283649952e-01 5.998614541429381219e-01 5.672885271785322869e-01 5.383739471595246906e-01 5.391818096882273759e-01 5.438002565885903250e-01 5.472480637788873503e-01 5.482099243576512571e-01 5.482309888241011508e-01 5.482309888241011508e-01 5.482309888241011508e-01 5.482309888241011508e-01 5.482309888241011508e-01 5.482309888241011508e-01 5.482309888241011508e-01 5.482309888241011508e-01 5.482309888241011508e-01 5.482309888241011508e-01 5.477916679575560721e-01 5.444932046751467247e-01 5.382224662821487593e-01 5.368410006536702417e-01 5.648958192827738811e-01 5.936416659958626552e-01 6.346780911831932936e-01 5.964285714285713080e-01 2.721088435374149558e-02 0.000000000000000000e+00 0.000000000000000000e+00 0.000000000000000000e+00 0.000000000000000000e+00 0.000000000000000000e+00 
0.000000000000000000e+00 0.000000000000000000e+00 0.000000000000000000e+00 0.000000000000000000e+00 0.000000000000000000e+00 2.040816326530612290e-01 6.466836734693877098e-01 6.186332903291015262e-01 5.910790243365480201e-01 5.589912247090699227e-01 5.454727305345079547e-01 5.456497488574323373e-01 5.514582722831220529e-01 5.535062904218542856e-01 5.537232750242954138e-01 5.537232750242954138e-01 5.537232750242954138e-01 5.537232750242954138e-01 5.537232750242954138e-01 5.537232750242954138e-01 5.537232750242954138e-01 5.537232750242954138e-01 5.537232750242954138e-01 5.537232750242954138e-01 5.535311758344094724e-01 5.524049454851353014e-01 5.479901123744821412e-01 5.432906487102495685e-01 5.493360358760491780e-01 5.729027745847214970e-01 6.176757468504672222e-01 6.656414480544129431e-01 2.193877551020408101e-01 0.000000000000000000e+00 0.000000000000000000e+00 0.000000000000000000e+00 0.000000000000000000e+00 0.000000000000000000e+00 
0.000000000000000000e+00 0.000000000000000000e+00 0.000000000000000000e+00 0.000000000000000000e+00 0.000000000000000000e+00 2.908163265306122347e-01 6.443854614772981382e-01 6.194671918636276420e-01 5.893433735909536786e-01 5.569051414681043255e-01 5.442374634807709555e-01 5.438037404530615682e-01 5.502028324059775599e-01 5.519252898890422143e-01 5.523353984450924958e-01 5.523353984450924958e-01 5.523353984450924958e-01 5.523353984450924958e-01 5.523353984450924958e-01 5.523353984450924958e-01 5.523353984450924958e-01 5.523353984450924958e-01 5.523353984450924958e-01 5.523353984450924958e-01 5.520381641553866459e-01 5.503468423515018859e-01 5.459501870473487672e-01 5.406052266578383891e-01 5.484278551313592764e-01 5.707033257958989969e-01 6.136065584582232058e-01 6.392369227078112948e-01 3.418367346938775420e-01 0.000000000000000000e+00 0.000000000000000000e+00 0.000000000000000000e+00 0.000000000000000000e+00 0.000000000000000000e+00 
0.000000000000000000e+00 0.000000000000000000e+00 0.000000000000000000e+00 0.000000000000000000e+00 0.000000000000000000e+00 1.530612244897959218e-01 6.114674441205052435e-01 6.400429733647493569e-01 6.043915777521191579e-01 5.717261814483790561e-01 5.414928816882920160e-01 5.419536515813035971e-01 5.467537828985081783e-01 5.501225845331140230e-01 5.504767978620017654e-01 5.504767978620017654e-01 5.504767978620017654e-01 5.504767978620017654e-01 5.504767978620017654e-01 5.504767978620017654e-01 5.504767978620017654e-01 5.504767978620017654e-01 5.504767978620017654e-01 5.504767978620017654e-01 5.503327531751615043e-01 5.495834307065114999e-01 5.463417939349810570e-01 5.410951275972759600e-01 5.389411069794693976e-01 5.639497584526766971e-01 5.911959768451703345e-01 6.297955340180925177e-01 3.350340136054421047e-01 0.000000000000000000e+00 0.000000000000000000e+00 0.000000000000000000e+00 0.000000000000000000e+00 0.000000000000000000e+00 
0.000000000000000000e+00 0.000000000000000000e+00 0.000000000000000000e+00 0.000000000000000000e+00 0.000000000000000000e+00 1.428571428571428492e-01 6.026360544217684856e-01 6.430901914084168336e-01 5.989594912597541176e-01 5.698718216625602295e-01 5.414605561573787584e-01 5.412394127584490011e-01 5.447437219681314780e-01 5.491914357829381643e-01 5.500937163938571794e-01 5.500759232264335052e-01 5.500759232264335052e-01 5.500759232264335052e-01 5.500759232264335052e-01 5.500759232264335052e-01 5.500759232264335052e-01 5.500759232264335052e-01 5.500759232264335052e-01 5.500759232264335052e-01 5.499769612278407882e-01 5.492612612044873721e-01 5.448822728332904930e-01 5.404178616870773944e-01 5.389611045935306377e-01 5.624043282562911639e-01 5.863883535435513439e-01 6.422856190629443462e-01 6.059523809523809090e-01 0.000000000000000000e+00 0.000000000000000000e+00 0.000000000000000000e+00 0.000000000000000000e+00 0.000000000000000000e+00 
0.000000000000000000e+00 0.000000000000000000e+00 0.000000000000000000e+00 0.000000000000000000e+00 0.000000000000000000e+00 2.823129251700680076e-01 6.514190066636043053e-01 6.058841376446765237e-01 5.734157101244277133e-01 5.445994588244377210e-01 5.439788288249667314e-01 5.469324202011445202e-01 5.509759648282573918e-01 5.522073339650692692e-01 5.523262876579203562e-01 5.523262876579203562e-01 5.523262876579203562e-01 5.523262876579203562e-01 5.523262876579203562e-01 5.523262876579203562e-01 5.523262876579203562e-01 5.523262876579203562e-01 5.523262876579203562e-01 5.523262876579203562e-01 5.521366810861112473e-01 5.492218609270805851e-01 5.435498796979426617e-01 5.409533055595214801e-01 5.633477102677951764e-01 5.877688111693888384e-01 6.332321951105577273e-01 6.798347910592807963e-01 1.275510204081632681e-01 0.000000000000000000e+00 0.000000000000000000e+00 0.000000000000000000e+00 0.000000000000000000e+00 0.000000000000000000e+00 
0.000000000000000000e+00 0.000000000000000000e+00 0.000000000000000000e+00 0.000000000000000000e+00 0.000000000000000000e+00 5.559523809523808646e-01 6.350846765383978410e-01 6.027259413936090215e-01 5.698542017209476951e-01 5.413976391692283396e-01 5.410865770618238368e-01 5.432897722304462773e-01 5.479565294290524857e-01 5.492739941501276757e-01 5.494973882410105759e-01 5.494973882410105759e-01 5.494973882410105759e-01 5.494973882410105759e-01 5.494973882410105759e-01 5.494973882410105759e-01 5.494973882410105759e-01 5.494973882410105759e-01 5.494973882410105759e-01 5.494973882410105759e-01 5.488606748628936938e-01 5.452010568727645445e-01 5.389519837188428975e-01 5.376585950814201098e-01 5.613686057825963971e-01 5.826912397566264001e-01 6.278384616804810747e-01 6.393586005830901309e-01 2.295918367346938826e-01 0.000000000000000000e+00 0.000000000000000000e+00 0.000000000000000000e+00 0.000000000000000000e+00 0.000000000000000000e+00 
0.000000000000000000e+00 0.000000000000000000e+00 0.000000000000000000e+00 0.000000000000000000e+00 0.000000000000000000e+00 2.568027210884353817e-01 6.458454810495625198e-01 6.323910669046389765e-01 6.008848535372967037e-01 5.687219864597524710e-01 5.446885435746028348e-01 5.436047470990343911e-01 5.471629493804595068e-01 5.511564179032855115e-01 5.519815962099126061e-01 5.519815962099126061e-01 5.519815962099126061e-01 5.519815962099126061e-01 5.519815962099126061e-01 5.519815962099126061e-01 5.519815962099126061e-01 5.519815962099126061e-01 5.519815962099126061e-01 5.519815962099126061e-01 5.517250435248263196e-01 5.506212343315262103e-01 5.467203900962886998e-01 5.413288694477388363e-01 5.418996438074694666e-01 5.648006558041364089e-01 5.909563201821166345e-01 6.499447154293304107e-01 5.824829931972789199e-01 0.000000000000000000e+00 0.000000000000000000e+00 0.000000000000000000e+00 0.000000000000000000e+00 0.000000000000000000e+00 
0.000000000000000000e+00 0.000000000000000000e+00 0.000000000000000000e+00 0.000000000000000000e+00 0.000000000000000000e+00 5.387755102040816535e-01 6.364589803795749345e-01 6.048360482884540534e-01 5.785845877300188622e-01 5.502918999664955235e-01 5.463016663518757143e-01 5.472382497970826876e-01 5.516177976796295956e-01 5.536467326827338997e-01 5.541621112730805709e-01 5.541621112730805709e-01 5.541621112730805709e-01 5.541621112730805709e-01 5.541621112730805709e-01 5.541621112730805709e-01 5.541621112730805709e-01 5.541621112730805709e-01 5.541621112730805709e-01 5.541621112730805709e-01 5.536442859073020806e-01 5.507013613367154337e-01 5.459261885681764292e-01 5.428030668516459212e-01 5.580976093621419221e-01 5.768445018728087792e-01 6.128646322002715419e-01 6.317643241112629315e-01 4.200680272108843760e-01 0.000000000000000000e+00 0.000000000000000000e+00 0.000000000000000000e+00 0.000000000000000000e+00 0.000000000000000000e+00 
0.000000000000000000e+00 0.000000000000000000e+00 0.000000000000000000e+00 0.000000000000000000e+00 0.000000000000000000e+00 3.690476190476190133e-01 6.445401961983594497e-01 6.098027700666911466e-01 5.840498110806899845e-01 5.494790066465409240e-01 5.406537503478441309e-01 5.428891311376284889e-01 5.477938551239488474e-01 5.499918316182398348e-01 5.502991375121478734e-01 5.502991375121478734e-01 5.502991375121478734e-01 5.502991375121478734e-01 5.502991375121478734e-01 5.502991375121478734e-01 5.502991375121478734e-01 5.502991375121478734e-01 5.502991375121478734e-01 5.502991375121478734e-01 5.500575931681775943e-01 5.476994401400437917e-01 5.427565420458253520e-01 5.373998170235350091e-01 5.515569437600320590e-01 5.777840251045021081e-01 6.142095365296549314e-01 6.758413355352130836e-01 2.908163265306122347e-01 0.000000000000000000e+00 0.000000000000000000e+00 0.000000000000000000e+00 0.000000000000000000e+00 0.000000000000000000e+00 
0.000000000000000000e+00 0.000000000000000000e+00 0.000000000000000000e+00 0.000000000000000000e+00 4.081632653061224164e-02 6.400024295432455990e-01 6.398181255008407176e-01 5.917155313860434918e-01 5.603897433943721973e-01 5.334800733430257180e-01 5.358342819919172939e-01 5.397577288156071296e-01 5.433466822597564638e-01 5.446557549753545668e-01 5.447461127308065310e-01 5.447461127308065310e-01 5.447461127308065310e-01 5.447461127308065310e-01 5.447461127308065310e-01 5.447461127308065310e-01 5.447461127308065310e-01 5.447461127308065310e-01 5.447461127308065310e-01 5.446875415114629249e-01 5.435031797795419894e-01 5.377424836192268298e-01 5.315989018984401682e-01 5.322027267433749875e-01 5.669156615246522257e-01 5.935527538181992746e-01 6.401551784945120893e-01 6.729591836734690746e-01 1.020408163265306145e-01 0.000000000000000000e+00 0.000000000000000000e+00 0.000000000000000000e+00 0.000000000000000000e+00 0.000000000000000000e+00 
0.000000000000000000e+00 0.000000000000000000e+00 0.000000000000000000e+00 0.000000000000000000e+00 0.000000000000000000e+00 5.103255587949464545e-01 6.445048848710311917e-01 6.106187262856217490e-01 5.761104005006056905e-01 5.458246062292075873e-01 5.426826849300742106e-01 5.444246239411856259e-01 5.486624176110243001e-01 5.509078537953305821e-01 5.511540330417881162e-01 5.511540330417881162e-01 5.511540330417881162e-01 5.511540330417881162e-01 5.511540330417881162e-01 5.511540330417881162e-01 5.511540330417881162e-01 5.511540330417881162e-01 5.511540330417881162e-01 5.511540330417881162e-01 5.507219643313169266e-01 5.476170767027989106e-01 5.409764627904104506e-01 5.387788576191808732e-01 5.582730816015073483e-01 5.795385358641436113e-01 6.229875036319418857e-01 6.751538710722382319e-01 2.602040816326530726e-01 0.000000000000000000e+00 0.000000000000000000e+00 0.000000000000000000e+00 0.000000000000000000e+00 0.000000000000000000e+00 
0.000000000000000000e+00 0.000000000000000000e+00 0.000000000000000000e+00 0.000000000000000000e+00 0.000000000000000000e+00 8.163265306122448328e-02 5.566326530612244472e-01 6.407813412358652760e-01 6.128359301736100440e-01 5.820552935736937883e-01 5.401054082530208911e-01 5.346424684056414467e-01 5.395107168718067392e-01 5.453155164916210218e-01 5.462979834791059641e-01 5.462979834791059641e-01 5.462979834791059641e-01 5.462979834791059641e-01 5.462979834791059641e-01 5.462979834791059641e-01 5.462979834791059641e-01 5.462979834791059641e-01 5.462979834791059641e-01 5.462979834791059641e-01 5.462160149550191468e-01 5.455621555426076741e-01 5.430157296313140591e-01 5.377069843682538153e-01 5.322112061553241347e-01 5.525990636117400490e-01 5.821096676791468472e-01 6.320436581418678035e-01 6.104470359572399252e-01 0.000000000000000000e+00 0.000000000000000000e+00 0.000000000000000000e+00 0.000000000000000000e+00 0.000000000000000000e+00 
0.000000000000000000e+00 0.000000000000000000e+00 0.000000000000000000e+00 0.000000000000000000e+00 0.000000000000000000e+00 3.809523809523809312e-01 6.401768299727483846e-01 6.117621762627176718e-01 5.762381788186303755e-01 5.496961431637763518e-01 5.434508682165726245e-01 5.453442782179842574e-01 5.497831364795039422e-01 5.520598632555961949e-01 5.523308430515063705e-01 5.523308430515063705e-01 5.523308430515063705e-01 5.523308430515063705e-01 5.523308430515063705e-01 5.523308430515063705e-01 5.523308430515063705e-01 5.523308430515063705e-01 5.523308430515063705e-01 5.523308430515063705e-01 5.519335668012108620e-01 5.493809741171801209e-01 5.438809884581068399e-01 5.422835420646672233e-01 5.554522265344710164e-01 5.789490764722270422e-01 6.182400143487862820e-01 6.779761904761902880e-01 2.465986394557823369e-01 0.000000000000000000e+00 0.000000000000000000e+00 0.000000000000000000e+00 0.000000000000000000e+00 0.000000000000000000e+00 
0.000000000000000000e+00 0.000000000000000000e+00 0.000000000000000000e+00 0.000000000000000000e+00 0.000000000000000000e+00 4.268707482993197577e-01 6.327006043842779981e-01 6.180136234005628726e-01 5.873383175645970899e-01 5.602880139309881491e-01 5.475183675012786910e-01 5.466532379212438730e-01 5.501634153872435595e-01 5.535214829797993064e-01 5.543382245979446843e-01 5.543200315840620673e-01 5.543200315840620673e-01 5.543200315840620673e-01 5.543200315840620673e-01 5.543200315840620673e-01 5.543200315840620673e-01 5.543200315840620673e-01 5.543200315840620673e-01 5.543200315840620673e-01 5.539753242687056600e-01 5.521701186137549788e-01 5.473526924784647418e-01 5.433548045843410446e-01 5.496703436023480105e-01 5.686252251156843629e-01 5.964133355238886436e-01 6.488872550603708156e-01 5.054421768707483276e-01 0.000000000000000000e+00 0.000000000000000000e+00 0.000000000000000000e+00 0.000000000000000000e+00 0.000000000000000000e+00 
0.000000000000000000e+00 0.000000000000000000e+00 0.000000000000000000e+00 0.000000000000000000e+00 3.061224489795918297e-02 5.299319727891155241e-01 6.388834299201021638e-01 6.053710371612587293e-01 5.734156200620204036e-01 5.458722522819674516e-01 5.430317229743584218e-01 5.438495152050832893e-01 5.489536462665541849e-01 5.508581115496140601e-01 5.512800655976676234e-01 5.512800655976676234e-01 5.512800655976676234e-01 5.512800655976676234e-01 5.512800655976676234e-01 5.512800655976676234e-01 5.512800655976676234e-01 5.512800655976676234e-01 5.512800655976676234e-01 5.512374819497883882e-01 5.506463107700082515e-01 5.472105819619894618e-01 5.415101569256215441e-01 5.401214515226243629e-01 5.586826151952541952e-01 5.783341900934579893e-01 6.214327258750586003e-01 6.433500739623190245e-01 3.299319727891156240e-01 0.000000000000000000e+00 0.000000000000000000e+00 0.000000000000000000e+00 0.000000000000000000e+00 0.000000000000000000e+00 
0.000000000000000000e+00 0.000000000000000000e+00 0.000000000000000000e+00 0.000000000000000000e+00 0.000000000000000000e+00 4.668367346938775420e-01 6.392162392762631429e-01 6.139230329833332833e-01 5.780903378809465476e-01 5.466038133084182293e-01 5.417969643658967493e-01 5.434822736194856452e-01 5.486168075948033573e-01 5.504877635523446333e-01 5.506210519922254409e-01 5.506210519922254409e-01 5.506210519922254409e-01 5.506210519922254409e-01 5.506210519922254409e-01 5.506210519922254409e-01 5.506210519922254409e-01 5.506210519922254409e-01 5.506210519922254409e-01 5.506210519922254409e-01 5.501558756095189517e-01 5.479239954688297498e-01 5.417479076837217189e-01 5.385089199508505953e-01 5.556698128736871078e-01 5.793853789450562619e-01 6.260904236152329272e-01 6.561143505021056477e-01 1.836734693877551117e-01 0.000000000000000000e+00 0.000000000000000000e+00 0.000000000000000000e+00 0.000000000000000000e+00 0.000000000000000000e+00 
0.000000000000000000e+00 0.000000000000000000e+00 0.000000000000000000e+00 0.000000000000000000e+00 0.000000000000000000e+00 2.040816326530612290e-01 6.358722060252672836e-01 6.312160696537836291e-01 6.000228950751891333e-01 5.682129041994007368e-01 5.446963458405617020e-01 5.433085818115033216e-01 5.465708225766657824e-01 5.507938680891768524e-01 5.516873568168871866e-01 5.516824586977648881e-01 5.516824586977648881e-01 5.516824586977648881e-01 5.516824586977648881e-01 5.516824586977648881e-01 5.516824586977648881e-01 5.516824586977648881e-01 5.516824586977648881e-01 5.516824586977648881e-01 5.514781874523884131e-01 5.503319600612319729e-01 5.461682270084684543e-01 5.408674362217842368e-01 5.414303107762858946e-01 5.626784549337123797e-01 5.877682269285293692e-01 6.361278153886059661e-01 5.734693877551020336e-01 1.020408163265306041e-02 0.000000000000000000e+00 0.000000000000000000e+00 0.000000000000000000e+00 0.000000000000000000e+00 
0.000000000000000000e+00 0.000000000000000000e+00 0.000000000000000000e+00 0.000000000000000000e+00 0.000000000000000000e+00 2.193877551020408101e-01 6.120829284094587708e-01 6.353512252152387907e-01 6.018384039182866907e-01 5.747596644614618722e-01 5.446934783794606938e-01 5.419372440798602142e-01 5.443158409955712873e-01 5.495926569513116533e-01 5.510035622511432196e-01 5.510082604470359913e-01 5.510082604470359913e-01 5.510082604470359913e-01 5.510082604470359913e-01 5.510082604470359913e-01 5.510082604470359913e-01 5.510082604470359913e-01 5.510082604470359913e-01 5.510082604470359913e-01 5.508262932155346681e-01 5.497300677221454990e-01 5.460929149246930292e-01 5.412223797058762775e-01 5.387382180005226839e-01 5.592528755998716905e-01 5.816509534646284729e-01 6.367063595570183754e-01 6.498814677386105521e-01 3.061224489795918297e-02 0.000000000000000000e+00 0.000000000000000000e+00 0.000000000000000000e+00 0.000000000000000000e+00 
0.000000000000000000e+00 0.000000000000000000e+00 0.000000000000000000e+00 0.000000000000000000e+00 5.102040816326530726e-02 5.508989310009717588e-01 6.509335188071272427e-01 6.052074691003220819e-01 5.772881184547555833e-01 5.481543264012275207e-01 5.447303460231055494e-01 5.454309950481626146e-01 5.498357958603439233e-01 5.522545193539590835e-01 5.528759432568371990e-01 5.528577502429544710e-01 5.528577502429544710e-01 5.528577502429544710e-01 5.528577502429544710e-01 5.528577502429544710e-01 5.528577502429544710e-01 5.528577502429544710e-01 5.528577502429544710e-01 5.528051704336013339e-01 5.520664236238939093e-01 5.481891586079626899e-01 5.432743811613158780e-01 5.404586136412415920e-01 5.589629483580886848e-01 5.776231166250979099e-01 6.166864047970078699e-01 6.568799114717481791e-01 4.523809523809523836e-01 0.000000000000000000e+00 0.000000000000000000e+00 0.000000000000000000e+00 0.000000000000000000e+00 0.000000000000000000e+00 
0.000000000000000000e+00 0.000000000000000000e+00 0.000000000000000000e+00 0.000000000000000000e+00 0.000000000000000000e+00 3.129251700680272252e-01 6.623200495649474995e-01 6.251702614430938443e-01 5.866064431849807859e-01 5.576083797781239415e-01 5.449815232836765500e-01 5.433535503277451273e-01 5.484416019627242900e-01 5.514147281365729958e-01 5.519430062665460213e-01 5.519254130223517629e-01 5.519254130223517629e-01 5.519254130223517629e-01 5.519254130223517629e-01 5.519254130223517629e-01 5.519254130223517629e-01 5.519254130223517629e-01 5.519254130223517629e-01 5.519254130223517629e-01 5.517031229451436758e-01 5.499467741144615784e-01 5.448329853384636934e-01 5.412255605584148643e-01 5.473743843207109494e-01 5.671120811040272214e-01 6.057620187739235496e-01 6.505930435777371734e-01 4.846938775510203912e-01 0.000000000000000000e+00 0.000000000000000000e+00 0.000000000000000000e+00 0.000000000000000000e+00 0.000000000000000000e+00 
0.000000000000000000e+00 0.000000000000000000e+00 0.000000000000000000e+00 0.000000000000000000e+00 0.000000000000000000e+00 8.163265306122448328e-02 5.280612244897957552e-01 6.439226361364953632e-01 6.147491305750886204e-01 5.830687241949030764e-01 5.390882464643500516e-01 5.358998139838083707e-01 5.390970181090600777e-01 5.446517342602023026e-01 5.466018191871464538e-01 5.465652332361516930e-01 5.465652332361516930e-01 5.465652332361516930e-01 5.465652332361516930e-01 5.465652332361516930e-01 5.465652332361516930e-01 5.465652332361516930e-01 5.465652332361516930e-01 5.465652332361516930e-01 5.464492777630532983e-01 5.459792701698930051e-01 5.430274155503372890e-01 5.371574797435308968e-01 5.325554561179537405e-01 5.547929079231644911e-01 5.758581595120869645e-01 6.181445646818561901e-01 6.848517978620017876e-01 1.020408163265306041e-02 0.000000000000000000e+00 0.000000000000000000e+00 0.000000000000000000e+00 0.000000000000000000e+00 
0.000000000000000000e+00 0.000000000000000000e+00 0.000000000000000000e+00 0.000000000000000000e+00 0.000000000000000000e+00 3.367346938775510057e-01 6.345466325058162216e-01 6.227027265801347022e-01 5.906922729690925467e-01 5.670022691048192121e-01 5.464129894257725439e-01 5.463629069555522300e-01 5.482450144973823880e-01 5.520689519841356363e-01 5.533012942077860652e-01 5.532814018464529138e-01 5.532814018464529138e-01 5.532814018464529138e-01 5.532814018464529138e-01 5.532814018464529138e-01 5.532814018464529138e-01 5.532814018464529138e-01 5.532814018464529138e-01 5.532814018464529138e-01 5.529063318946887406e-01 5.517184002546193788e-01 5.477112760285119952e-01 5.440620638647801766e-01 5.440279426103971083e-01 5.645945937821770233e-01 5.852646999468331668e-01 6.370829825512901445e-01 6.819241982507289190e-01 1.020408163265306041e-02 0.000000000000000000e+00 0.000000000000000000e+00 0.000000000000000000e+00 0.000000000000000000e+00 
0.000000000000000000e+00 0.000000000000000000e+00 0.000000000000000000e+00 0.000000000000000000e+00 0.000000000000000000e+00 5.603741496598638738e-01 6.270538168647410426e-01 6.071574863025149815e-01 5.783244702587415631e-01 5.475114258980474657e-01 5.398223761360922968e-01 5.408139319180206295e-01 5.454502130477687505e-01 5.482851053134629726e-01 5.489032592436885460e-01 5.488869655004858794e-01 5.488869655004858794e-01 5.488869655004858794e-01 5.488869655004858794e-01 5.488869655004858794e-01 5.488869655004858794e-01 5.488869655004858794e-01 5.488869655004858794e-01 5.488869655004858794e-01 5.482338226358819400e-01 5.459840849214299130e-01 5.400822640190374724e-01 5.364445236210693135e-01 5.502930797877841895e-01 5.734465847950379613e-01 6.097767283165901331e-01 6.491564707801198431e-01 4.585034013605442382e-01 0.000000000000000000e+00 0.000000000000000000e+00 0.000000000000000000e+00 0.000000000000000000e+00 0.000000000000000000e+00 
0.000000000000000000e+00 0.000000000000000000e+00 0.000000000000000000e+00 0.000000000000000000e+00 0.000000000000000000e+00 2.448979591836735192e-01 6.512783984722760877e-01 6.233670794957074657e-01 5.897924141232125939e-01 5.624463466235222198e-01 5.471782190133007706e-01 5.463116399164829051e-01 5.495152209290922185e-01 5.527275505353200780e-01 5.536887930272870184e-01 5.536519071914480783e-01 5.536519071914480783e-01 5.536519071914480783e-01 5.536519071914480783e-01 5.536519071914480783e-01 5.536519071914480783e-01 5.536519071914480783e-01 5.536519071914480783e-01 5.536519071914480783e-01 5.534393117620052260e-01 5.518449395690304682e-01 5.475653104312804276e-01 5.432545343693079287e-01 5.469299953344656240e-01 5.658339583732036049e-01 5.936339464533708643e-01 6.411853570047909567e-01 5.637755102040815647e-01 0.000000000000000000e+00 0.000000000000000000e+00 0.000000000000000000e+00 0.000000000000000000e+00 0.000000000000000000e+00 
0.000000000000000000e+00 0.000000000000000000e+00 0.000000000000000000e+00 0.000000000000000000e+00 0.000000000000000000e+00 1.377551020408163129e-01 6.325072886297374852e-01 6.245796074144576160e-01 5.985273753298618882e-01 5.760560665433636096e-01 5.447817518660015290e-01 5.425752591483801179e-01 5.441067983292525723e-01 5.489872298570563913e-01 5.503428064575583978e-01 5.503219144800777229e-01 5.503219144800777229e-01 5.503219144800777229e-01 5.503219144800777229e-01 5.503219144800777229e-01 5.503219144800777229e-01 5.503219144800777229e-01 5.503219144800777229e-01 5.503219144800777229e-01 5.502359713815985209e-01 5.491896371489399797e-01 5.463652031447060464e-01 5.414488948531211987e-01 5.375003697461144814e-01 5.578500737331314463e-01 5.783500770834439919e-01 6.387913449672488753e-01 6.809280855199220106e-01 1.020408163265306041e-02 0.000000000000000000e+00 0.000000000000000000e+00 0.000000000000000000e+00 0.000000000000000000e+00 
0.000000000000000000e+00 0.000000000000000000e+00 0.000000000000000000e+00 0.000000000000000000e+00 5.102040816326530726e-02 5.624149659863943995e-01 6.271018035682676128e-01 5.957890384324909805e-01 5.703567809490582841e-01 5.409673139097174177e-01 5.404603378556328552e-01 5.425630125686516925e-01 5.467511973837880790e-01 5.487629935553060001e-01 5.489871841593780832e-01 5.489871841593780832e-01 5.489871841593780832e-01 5.489871841593780832e-01 5.489871841593780832e-01 5.489871841593780832e-01 5.489871841593780832e-01 5.489871841593780832e-01 5.489871841593780832e-01 5.489681914525774697e-01 5.479366034355276360e-01 5.441475657610570504e-01 5.384884037613759666e-01 5.356677982987604336e-01 5.617774476943092621e-01 5.827606869690034053e-01 6.219589706681879493e-01 6.633017492711369423e-01 2.372448979591836871e-01 0.000000000000000000e+00 0.000000000000000000e+00 0.000000000000000000e+00 0.000000000000000000e+00 0.000000000000000000e+00 
0.000000000000000000e+00 0.000000000000000000e+00 0.000000000000000000e+00 0.000000000000000000e+00 0.000000000000000000e+00 2.602040816326530170e-01 6.497352420821805863e-01 6.229121368494811017e-01 5.969832972379794933e-01 5.724843930764521582e-01 5.460227705836547818e-01 5.420291520600236668e-01 5.437849337339805134e-01 5.490111452486673427e-01 5.504646787062340563e-01 5.504190962099126949e-01 5.504190962099126949e-01 5.504190962099126949e-01 5.504190962099126949e-01 5.504190962099126949e-01 5.504190962099126949e-01 5.504190962099126949e-01 5.504190962099126949e-01 5.504190962099126949e-01 5.501650701957967460e-01 5.488344137372970222e-01 5.454852411112574018e-01 5.407139556572198025e-01 5.386972503916047650e-01 5.565165560308520387e-01 5.794726522745625719e-01 6.329994911348133524e-01 6.417759961127307289e-01 2.040816326530612082e-02 0.000000000000000000e+00 0.000000000000000000e+00 0.000000000000000000e+00 0.000000000000000000e+00 
0.000000000000000000e+00 0.000000000000000000e+00 0.000000000000000000e+00 0.000000000000000000e+00 1.020408163265306041e-02 5.030612244897959551e-01 6.417969577108232349e-01 6.127163754154965059e-01 5.805229702648924128e-01 5.520727577894897209e-01 5.458907018102229225e-01 5.460086148960654473e-01 5.506503937541706861e-01 5.528828024758127846e-01 5.534591335974604620e-01 5.534408406219629706e-01 5.534408406219629706e-01 5.534408406219629706e-01 5.534408406219629706e-01 5.534408406219629706e-01 5.534408406219629706e-01 5.534408406219629706e-01 5.534408406219629706e-01 5.534266460726700032e-01 5.528693363090357860e-01 5.505116238898085657e-01 5.453192074977002424e-01 5.422945139920715141e-01 5.550376753424932641e-01 5.729972121811035546e-01 6.142462239499228982e-01 6.486374311629411471e-01 4.608843537414965552e-01 0.000000000000000000e+00 0.000000000000000000e+00 0.000000000000000000e+00 0.000000000000000000e+00 0.000000000000000000e+00 
0.000000000000000000e+00 0.000000000000000000e+00 0.000000000000000000e+00 0.000000000000000000e+00 0.000000000000000000e+00 3.401360544217687520e-01 6.535313042966105490e-01 6.304877096804140102e-01 5.951134135682502047e-01 5.659448020704110904e-01 5.413046822248954726e-01 5.413406572796714000e-01 5.444937415565519467e-01 5.485176678750935952e-01 5.497828946891940571e-01 5.497448979591836871e-01 5.497448979591836871e-01 5.497448979591836871e-01 5.497448979591836871e-01 5.497448979591836871e-01 5.497448979591836871e-01 5.497448979591836871e-01 5.497448979591836871e-01 5.497448979591836871e-01 5.493785619731375025e-01 5.480778388985168004e-01 5.439917529754707548e-01 5.392410773415007297e-01 5.399682573770435701e-01 5.632999391076265461e-01 5.845787102365522792e-01 6.333824374082183128e-01 6.548104956268219201e-01 1.020408163265306041e-02 0.000000000000000000e+00 0.000000000000000000e+00 0.000000000000000000e+00 0.000000000000000000e+00 
0.000000000000000000e+00 0.000000000000000000e+00 0.000000000000000000e+00 0.000000000000000000e+00 1.020408163265306041e-02 4.867346938775510279e-01 6.270700537957437648e-01 6.153034337975274992e-01 5.817628990383284515e-01 5.546900665830720722e-01 5.450614995125744322e-01 5.446339890595113253e-01 5.484732241951580933e-01 5.515057752048858619e-01 5.521405066168878495e-01 5.521228134110789387e-01 5.521228134110789387e-01 5.521228134110789387e-01 5.521228134110789387e-01 5.521228134110789387e-01 5.521228134110789387e-01 5.521228134110789387e-01 5.521228134110789387e-01 5.521084189385563334e-01 5.516241153258613084e-01 5.499254112992371102e-01 5.445513199897861201e-01 5.413550076633080188e-01 5.499783907629749446e-01 5.685113513979466182e-01 6.002827092519159580e-01 6.414202422297765604e-01 4.506802721088434271e-01 0.000000000000000000e+00 0.000000000000000000e+00 0.000000000000000000e+00 0.000000000000000000e+00 0.000000000000000000e+00 
0.000000000000000000e+00 0.000000000000000000e+00 0.000000000000000000e+00 0.000000000000000000e+00 0.000000000000000000e+00 3.775510204081632404e-01 6.363510572394127651e-01 6.214757733454135957e-01 5.882903885829156021e-01 5.585908005056440251e-01 5.412538267450003326e-01 5.431711777674438357e-01 5.456851178350142773e-01 5.491202732043026780e-01 5.502688301025741024e-01 5.502338435374151127e-01 5.502338435374151127e-01 5.502338435374151127e-01 5.502338435374151127e-01 5.502338435374151127e-01 5.502338435374151127e-01 5.502338435374151127e-01 5.502338435374151127e-01 5.502338435374151127e-01 5.498599671859537574e-01 5.482211429087806565e-01 5.431740427353165535e-01 5.389591768980627196e-01 5.441982460283567580e-01 5.676231613888560457e-01 5.862269666770351106e-01 6.356757431642792167e-01 6.363945578231292588e-01 0.000000000000000000e+00 0.000000000000000000e+00 0.000000000000000000e+00 0.000000000000000000e+00 0.000000000000000000e+00 
0.000000000000000000e+00 0.000000000000000000e+00 0.000000000000000000e+00 0.000000000000000000e+00 0.000000000000000000e+00 3.401360544217687520e-01 6.345012413889966618e-01 6.151297337073300397e-01 5.758231405996010466e-01 5.473875546113267099e-01 5.442428793003478704e-01 5.457800935719787638e-01 5.498171145694291662e-01 5.520322919677422835e-01 5.521911443148687093e-01 5.521911443148687093e-01 5.521911443148687093e-01 5.521911443148687093e-01 5.521911443148687093e-01 5.521911443148687093e-01 5.521911443148687093e-01 5.521911443148687093e-01 5.521911443148687093e-01 5.521911443148687093e-01 5.520000487908209852e-01 5.495731818595774865e-01 5.434784845655952212e-01 5.413164372338029606e-01 5.578843672309676816e-01 5.784167704374484353e-01 6.259094859852978310e-01 6.809188827045965509e-01 2.108843537414966107e-01 0.000000000000000000e+00 0.000000000000000000e+00 0.000000000000000000e+00 0.000000000000000000e+00 0.000000000000000000e+00 
0.000000000000000000e+00 0.000000000000000000e+00 0.000000000000000000e+00 0.000000000000000000e+00 0.000000000000000000e+00 1.683673469387755028e-01 5.991496598639454163e-01 6.180585161503991953e-01 5.964664427030378357e-01 5.684830427679781195e-01 5.423011251041940373e-01 5.418804480176702132e-01 5.453565669738699162e-01 5.495456848392290539e-01 5.501093294460640548e-01 5.501093294460640548e-01 5.501093294460640548e-01 5.501093294460640548e-01 5.501093294460640548e-01 5.501093294460640548e-01 5.501093294460640548e-01 5.501093294460640548e-01 5.501093294460640548e-01 5.501093294460640548e-01 5.499788908552377675e-01 5.492554415777025634e-01 5.464124921681877689e-01 5.409424996492534499e-01 5.392746111635678963e-01 5.623805572567706079e-01 5.891262823063488918e-01 6.567984398149073755e-01 4.784013605442176131e-01 0.000000000000000000e+00 0.000000000000000000e+00 0.000000000000000000e+00 0.000000000000000000e+00 0.000000000000000000e+00 
0.000000000000000000e+00 0.000000000000000000e+00 0.000000000000000000e+00 0.000000000000000000e+00 0.000000000000000000e+00 4.625850340136054561e-01 6.318791126524745394e-01 6.186658012163162024e-01 5.880920691365841835e-01 5.619542939775317159e-01 5.459090792782382850e-01 5.451527818174227713e-01 5.476667069086459394e-01 5.512665056618241133e-01 5.525008967984865738e-01 5.524918002915452098e-01 5.524918002915452098e-01 5.524918002915452098e-01 5.524918002915452098e-01 5.524918002915452098e-01 5.524918002915452098e-01 5.524918002915452098e-01 5.524918002915452098e-01 5.524918002915452098e-01 5.519721287623416961e-01 5.504703983330094808e-01 5.457486905637797259e-01 5.421421596451700964e-01 5.452643013153456453e-01 5.640417208820097672e-01 5.865203750014807982e-01 6.268223679743044618e-01 6.101209164984674471e-01 3.061224489795918297e-02 0.000000000000000000e+00 0.000000000000000000e+00 0.000000000000000000e+00 0.000000000000000000e+00 
