5.075611472129821777e-01 1.765465094649698585e-05 -6.129747376348859689e-09 9.776344178646922956e-10 
5.077493190765380859e-01 1.656101267144549638e-05 -4.889196603130585572e-09 8.177598598280155784e-10 
4.913062155246734619e-01 7.698303306824527681e-06 -1.519906089875178168e-09 1.840657765095343734e-10 
4.914427399635314941e-01 7.265553449542494491e-06 -8.693524233827076841e-10 1.522401649189930595e-10 
4.820670783519744873e-01 6.853643753856886178e-06 -1.310800246123733359e-09 1.487157480495326922e-10 
4.822298884391784668e-01 6.459576525230659172e-06 -8.015119123960801062e-10 1.227150880911409558e-10 
5.013293623924255371e-01 3.877795279549900442e-06 4.920440097033740301e-11 4.634733222208531345e-11 
5.014559030532836914e-01 3.690848870974150486e-06 -8.650623967154658089e-11 3.984928706457502301e-11 
4.862757027149200439e-01 6.121795195213053375e-06 1.049640263595108536e-09 1.161765614265952706e-10 
4.864387512207031250e-01 5.786029305454576388e-06 2.526429898619397818e-10 1.002037341990558161e-10 
4.832356572151184082e-01 8.197610441129654646e-06 4.277767917670871611e-09 2.117083175434686382e-10 
4.834327101707458496e-01 7.746176379441749305e-06 2.153540012983512497e-09 1.865104043430321212e-10 
4.567779004573822021e-01 4.036172413179883733e-06 -2.975276691685735386e-10 4.862760888402206660e-11 
4.567482769489288330e-01 4.070779596077045426e-06 4.775525530575919220e-10 5.267808411701935256e-11 
5.058614611625671387e-01 2.215758968304726295e-06 -1.597674353925881974e-10 1.463460776174319022e-11 
5.058878064155578613e-01 2.080256990666384809e-06 -3.869901621378346590e-11 1.379908080162417505e-11 
4.959879815578460693e-01 5.676125965692335740e-06 3.007181614833598360e-09 1.001816338219718716e-10 
4.961427450180053711e-01 5.408464858192019165e-06 1.355505818700919463e-09 8.717124938550924185e-11 
4.955271780490875244e-01 2.672598384378943592e-06 -6.722071232978521493e-10 2.168442335415132760e-11 
4.955312013626098633e-01 2.714445599849568680e-06 -1.934747917431423048e-10 2.166143132920073100e-11 
4.990313947200775146e-01 1.803429768187925220e-05 -1.193872556370934035e-08 9.986073079559787402e-10 
4.991389811038970947e-01 1.823904312914237380e-05 -8.340398593986719789e-09 1.027653073748524548e-09 
4.947999119758605957e-01 1.705556860542856157e-05 2.319807457240585791e-08 9.214887741748611916e-10 
4.950677454471588135e-01 1.561274257255718112e-05 1.500821866784463055e-08 7.527850010013992232e-10 
5.110355615615844727e-01 5.077674813946941867e-06 -1.216004075210719293e-09 7.704716031842195889e-11 
5.110931396484375000e-01 4.868518772127572447e-06 -7.213641350922728179e-10 7.246870464827637193e-11 
4.941255152225494385e-01 3.918147740478161722e-06 -5.498994037900217791e-10 4.483053164805461677e-11 
4.941652417182922363e-01 3.765958354051690549e-06 -3.285199612346190179e-10 4.289745988983462155e-11 
4.840494096279144287e-01 4.730031378130661324e-06 -8.980664545354954953e-10 7.226007292526759329e-11 
4.841407537460327148e-01 4.464575795282144099e-06 -2.141758576046370877e-10 6.080671383079661041e-11 
5.031507015228271484e-01 1.009936750051565468e-04 4.026226463338389294e-07 3.165544626426708419e-08 
5.039261579513549805e-01 1.019891715259291232e-04 3.539205408742418513e-07 3.112386792736288044e-08 
5.070179700851440430e-01 3.474779077805578709e-04 1.474420514568919316e-07 3.369807188846607460e-07 
5.092930793762207031e-01 3.528723027557134628e-04 -3.820121321496117162e-07 3.522972633618337568e-07 
5.368261933326721191e-01 2.158869610866531730e-04 1.150191110355081037e-06 1.451777080774263595e-07 
5.380335450172424316e-01 2.165630576200783253e-04 9.909160780807724223e-07 1.405923484298909898e-07 
5.018557310104370117e-01 7.610112079419195652e-04 -2.838204409272293560e-06 1.623778643988771364e-06 
5.052866935729980469e-01 7.634231005795300007e-04 -4.155935130256693810e-06 1.627500637368939351e-06 
5.217388868331909180e-01 9.244711254723370075e-04 8.502804121235385537e-06 2.432260771456640214e-06 
5.254091620445251465e-01 9.099917369894683361e-04 5.499440248968312517e-06 2.296104639754048549e-06 
5.111290216445922852e-01 1.510263420641422272e-03 -1.238530603586696088e-05 6.305155693553388119e-06 
5.163639187812805176e-01 1.494345138780772686e-03 -1.403222449880558997e-05 6.151168236101511866e-06 
4.926981329917907715e-01 2.066744957119226456e-03 -8.991313734441064298e-06 1.116401563194813207e-05 
4.994283914566040039e-01 2.056505531072616577e-03 -1.334382977802306414e-05 1.104656439565587789e-05 
4.942486584186553955e-01 8.397962083108723164e-04 -5.312306711857672781e-06 2.114769131367211230e-06 
4.984069466590881348e-01 7.830274989828467369e-04 -4.167531642451649532e-06 1.738756168379040901e-06 
5.037104487419128418e-01 2.245922572910785675e-03 2.142246194125618786e-05 1.328916641796240583e-05 
5.106348991394042969e-01 2.270132536068558693e-03 1.342846826446475461e-05 1.341853294434258714e-05 
5.138946175575256348e-01 2.969106426462531090e-03 6.450604359997669235e-06 2.192101965192705393e-05 
5.221367478370666504e-01 2.923130523413419724e-03 -4.158085175731685013e-06 2.139792377420235425e-05 
5.055419802665710449e-01 3.254708368331193924e-03 -9.063993275049142540e-06 2.645183849381282926e-05 
5.147746801376342773e-01 3.166395239531993866e-03 -2.469851460773497820e-05 2.549696000642143190e-05 
4.874270558357238770e-01 3.358325920999050140e-03 1.745999725244473666e-05 2.815271363942883909e-05 
4.963681101799011230e-01 3.376394975930452347e-03 5.202252395974937826e-06 2.814109757309779525e-05 
4.922741353511810303e-01 3.268855391070246696e-03 -3.942075272789224982e-05 2.849873453669715673e-05 
5.008999109268188477e-01 3.207450499758124352e-03 -4.277628249838016927e-05 2.718275027291383594e-05 
5.023619532585144043e-01 3.860141849145293236e-03 -1.918885027407668531e-05 3.666603515739552677e-05 
5.122452974319458008e-01 3.822328522801399231e-03 -3.807009852607734501e-05 3.644486787379719317e-05 
5.063716769218444824e-01 3.972184378653764725e-03 -3.546932566678151488e-05 3.955970169045031071e-05 
5.169011950492858887e-01 3.865889506414532661e-03 -5.588822386926040053e-05 3.889043364324606955e-05 
5.158048272132873535e-01 4.132707603275775909e-03 -4.500446448219008744e-05 4.261467620381154120e-05 
5.263425111770629883e-01 3.978282678872346878e-03 -6.250354635994881392e-05 4.105791958863846958e-05 
5.204297900199890137e-01 4.566155374050140381e-03 -8.047096343943849206e-05 5.328512270352803171e-05 
5.314348936080932617e-01 4.378190264105796814e-03 -9.664593380875885487e-05 5.018967567593790591e-05 
4.946089088916778564e-01 4.651441704481840134e-03 -6.821822898928076029e-05 5.564331149798817933e-05 
5.054465532302856445e-01 4.487082827836275101e-03 -8.548112236894667149e-05 5.260495163383893669e-05 
4.636949896812438965e-01 4.642691463232040405e-03 -2.729528932832181454e-05 5.386828343034721911e-05 
4.741201698780059814e-01 4.568698816001415253e-03 -4.920565697830170393e-05 5.308501567924395204e-05 
4.965875744819641113e-01 4.484487697482109070e-03 -3.941604518331587315e-05 5.013578993384726346e-05 
5.072912573814392090e-01 4.374417010694742203e-03 -6.056110214558430016e-05 4.920689752907492220e-05 
4.723105132579803467e-01 4.873345140367746353e-03 -7.392102997982874513e-05 6.035342084942385554e-05 
4.838113188743591309e-01 4.632434807717800140e-03 -8.579768473282456398e-05 5.592691377387382090e-05 
5.251859426498413086e-01 4.565952345728874207e-03 -6.542291521327570081e-05 5.268373570288531482e-05 
5.359725952148437500e-01 4.395607393234968185e-03 -7.947127596708014607e-05 5.080945629742927849e-05 
5.113707184791564941e-01 5.178203340619802475e-03 -6.704464612994343042e-05 6.638927879976108670e-05 
5.228142738342285156e-01 4.983771592378616333e-03 -8.472150511806830764e-05 6.368052709149196744e-05 
5.174791216850280762e-01 5.199840757995843887e-03 -1.030111234285868704e-04 6.865660543553531170e-05 
5.292417407035827637e-01 4.963426385074853897e-03 -1.183859931188635528e-04 6.584095535799860954e-05 
5.100614428520202637e-01 5.373978056013584137e-03 -7.635242218384519219e-05 7.286606705747544765e-05 
5.216689109802246094e-01 5.181018263101577759e-03 -9.666178084444254637e-05 7.017493044259026647e-05 
5.158109068870544434e-01 5.520167294889688492e-03 -1.034364540828391910e-04 7.740480214124545455e-05 
5.278341770172119141e-01 5.229696165770292282e-03 -1.225608575623482466e-04 7.254740194184705615e-05 
4.778414368629455566e-01 5.817209370434284210e-03 -1.069004792952910066e-04 8.712756971362978220e-05 
4.898983538150787354e-01 5.479486659169197083e-03 -1.161846666946075857e-04 7.993773760972544551e-05 
4.479582905769348145e-01 5.838407203555107117e-03 -7.101085066096857190e-05 8.564454765291884542e-05 
4.602249264717102051e-01 5.564182065427303314e-03 -8.413846080657094717e-05 7.950280996738001704e-05 
4.447213411331176758e-01 6.361781153827905655e-03 -5.464674177346751094e-05 1.010229170788079500e-04 
4.570781290531158447e-01 6.076142657548189163e-03 -7.124507828848436475e-05 9.395827510161325336e-05 
4.867492914199829102e-01 5.947603378444910049e-03 -5.918895840295590460e-05 8.776891627348959446e-05 
4.987087547779083252e-01 5.678322166204452515e-03 -7.741453737253323197e-05 8.254802378360182047e-05 
4.389565587043762207e-01 6.720983888953924179e-03 -5.691417754860594869e-05 1.125350536312907934e-04 
4.516007006168365479e-01 6.496975198388099670e-03 -7.531933806603774428e-05 1.077138804248534143e-04 
5.424668192863464355e-01 6.156484596431255341e-03 -1.726844202494248748e-04 1.005646263365633786e-04 
5.553952455520629883e-01 5.724774673581123352e-03 -1.744529145071282983e-04 9.138368477579206228e-05 
4.788306951522827148e-01 6.850135512650012970e-03 -9.940974996425211430e-05 1.176959049189463258e-04 
4.919961690902709961e-01 6.589674856513738632e-03 -1.343690528301522136e-04 1.139910673373378813e-04 
5.194453001022338867e-01 6.719400640577077866e-03 -1.541672390885651112e-04 1.160482788691297174e-04 
5.328237414360046387e-01 6.322062574326992035e-03 -1.766117056831717491e-04 1.093443133868277073e-04 
4.909226596355438232e-01 6.730278488248586655e-03 -1.133167461375705898e-04 1.153852426796220243e-04 
5.042774081230163574e-01 6.366917863488197327e-03 -1.367086370009928942e-04 1.080031943274661899e-04 
5.353192090988159180e-01 6.639003288000822067e-03 -1.845695805968716741e-04 1.166091897175647318e-04 
5.480726361274719238e-01 6.268524099141359329e-03 -1.972224854398518801e-04 1.092541715479455888e-04 
4.948165714740753174e-01 7.504558190703392029e-03 -1.495998731115832925e-04 1.433151337550953031e-04 
5.084971189498901367e-01 7.163243833929300308e-03 -1.797617296688258648e-04 1.363685878459364176e-04 
5.178308486938476562e-01 6.661474704742431641e-03 -1.782934559741988778e-04 1.180859180749394000e-04 
5.311428308486938477e-01 6.234810687601566315e-03 -1.964411931112408638e-04 1.098366192309185863e-04 
4.749425053596496582e-01 7.559046614915132523e-03 -9.359659452456980944e-05 1.417633466189727187e-04 
4.883385896682739258e-01 7.303921040147542953e-03 -1.261043216800317168e-04 1.379542227368801832e-04 
4.900949895381927490e-01 7.848924957215785980e-03 -1.584873534739017487e-04 1.563298428663983941e-04 
5.045033693313598633e-01 7.450257427990436554e-03 -1.935696636792272329e-04 1.499866775702685118e-04 
5.114407539367675781e-01 7.978755049407482147e-03 -2.124869206454604864e-04 1.662815047893673182e-04 
5.260167717933654785e-01 7.493316661566495895e-03 -2.331407013116404414e-04 1.539814984425902367e-04 
4.818421006202697754e-01 7.980539463460445404e-03 -1.512277667643502355e-04 1.627829333301633596e-04 
4.969443082809448242e-01 7.423216942697763443e-03 -1.717084378469735384e-04 1.462872169213369489e-04 
5.164036750793457031e-01 7.979216054081916809e-03 -2.491352206561714411e-04 1.714561512926593423e-04 
5.310426354408264160e-01 7.335250731557607651e-03 -2.566073671914637089e-04 1.526618871139362454e-04 
4.928115904331207275e-01 8.351901546120643616e-03 -1.816100266296416521e-04 1.778477890184149146e-04 
5.069832801818847656e-01 7.921803742647171021e-03 -1.923600939335301518e-04 1.656358654145151377e-04 
4.888333678245544434e-01 8.370010182261466980e-03 -1.781046303221955895e-04 1.781172177288681269e-04 
5.031535029411315918e-01 7.935363799333572388e-03 -1.991621393244713545e-04 1.677336113061755896e-04 
4.827268719673156738e-01 8.637876249849796295e-03 -1.699016138445585966e-04 1.886720710899680853e-04 
4.983155429363250732e-01 8.222661912441253662e-03 -2.163932367693632841e-04 1.809865207178518176e-04 
4.975554049015045166e-01 8.781628683209419250e-03 -1.987536961678415537e-04 1.979500229936093092e-04 
5.122252702713012695e-01 8.351076394319534302e-03 -2.085955493384972215e-04 1.834895665524527431e-04 
5.016404390335083008e-01 8.611747995018959045e-03 -2.357529447181150317e-04 1.934509346028789878e-04 
5.164960622787475586e-01 8.207403123378753662e-03 -2.600899897515773773e-04 1.846585073508322239e-04 
4.847077429294586182e-01 8.815758861601352692e-03 -2.038856327999383211e-04 2.000996028073132038e-04 
5.004379153251647949e-01 8.239857852458953857e-03 -2.267368690809234977e-04 1.819733006414026022e-04 
5.030339360237121582e-01 9.180999360978603363e-03 -2.263922506244853139e-04 2.138961281161755323e-04 
5.186008810997009277e-01 8.704432286322116852e-03 -2.620145387481898069e-04 2.027048903983086348e-04 
4.878665506839752197e-01 9.213985875248908997e-03 -2.047521265922114253e-04 2.169249346479773521e-04 
5.041794776916503906e-01 8.562273345887660980e-03 -2.115899260388687253e-04 1.947471173480153084e-04 
4.841169416904449463e-01 8.983345702290534973e-03 -1.697484549367800355e-04 2.039277605945244431e-04 
5.002126693725585938e-01 8.412716910243034363e-03 -1.881795178633183241e-04 1.876010646810755134e-04 
4.957411587238311768e-01 9.759574197232723236e-03 -2.172604145016521215e-04 2.397323987679556012e-04 
5.118569731712341309e-01 9.216994978487491608e-03 -2.543678565416485071e-04 2.247014926979318261e-04 
5.027146339416503906e-01 9.555644355714321136e-03 -2.518221153877675533e-04 2.330718998564407229e-04 
5.182073712348937988e-01 9.050869382917881012e-03 -2.722025092225521803e-04 2.219797170255333185e-04 
5.174386501312255859e-01 9.894011542201042175e-03 -3.019105934072285891e-04 2.534999221097677946e-04 
5.334445238113403320e-01 9.319101460278034210e-03 -3.178023034706711769e-04 2.362673549214377999e-04 
4.850776195526123047e-01 9.829744696617126465e-03 -2.233156264992430806e-04 2.451640320941805840e-04 
5.016501545906066895e-01 9.414273314177989960e-03 -2.547159383539110422e-04 2.352208684897050261e-04 
4.695619046688079834e-01 1.064170617610216141e-02 -1.989302108995616436e-04 2.814833133015781641e-04 
4.849104583263397217e-01 1.025849860161542892e-02 -2.000496606342494488e-04 2.692845591809600592e-04 
4.529092907905578613e-01 1.088812295347452164e-02 -1.159894673037342727e-04 2.858118386939167976e-04 
4.707285463809967041e-01 1.035361364483833313e-02 -1.734956313157454133e-04 2.707989478949457407e-04 
5.017173290252685547e-01 1.148432027548551559e-02 -3.614766756072640419e-04 3.322185657452791929e-04 
5.181386470794677734e-01 1.112006325274705887e-02 -3.856798575725406408e-04 3.259283839724957943e-04 
5.016530752182006836e-01 1.003476604819297791e-02 -2.931204508058726788e-04 2.605554182082414627e-04 
5.187578797340393066e-01 9.440670721232891083e-03 -3.128013631794601679e-04 2.421988465357571840e-04 
5.180507302284240723e-01 1.016710419207811356e-02 -3.334011125843971968e-04 2.710632688831537962e-04 
5.354837775230407715e-01 9.421237744390964508e-03 -3.490619710646569729e-04 2.459314709994941950e-04 
5.236786007881164551e-01 1.029666606336832047e-02 -3.567871754057705402e-04 2.782100345939397812e-04 
5.401002168655395508e-01 9.585345163941383362e-03 -3.789340844377875328e-04 2.554421371314674616e-04 
5.076122879981994629e-01 1.108823344111442566e-02 -3.666032280307263136e-04 3.145442460663616657e-04 
5.231117010116577148e-01 1.058283168822526932e-02 -3.918130532838404179e-04 3.016027039848268032e-04 
4.982703924179077148e-01 1.151540037244558334e-02 -3.251555899623781443e-04 3.323600103612989187e-04 
5.151743888854980469e-01 1.109312288463115692e-02 -3.742860280908644199e-04 3.295935457572340965e-04 
5.033296346664428711e-01 1.046036649495363235e-02 -2.938313700724393129e-04 2.814460895024240017e-04 
5.210804939270019531e-01 9.857458062469959259e-03 -3.251356538385152817e-04 2.630304952617734671e-04 
4.737219214439392090e-01 1.186659093946218491e-02 -2.335501485504209995e-04 3.445686015766113997e-04 
4.914393723011016846e-01 1.119493879377841949e-02 -2.647438086569309235e-04 3.208497655577957630e-04 
4.651580452919006348e-01 1.235731970518827438e-02 -2.325713285245001316e-04 3.697790671139955521e-04 
4.833323359489440918e-01 1.203036773949861526e-02 -3.128438547719269991e-04 3.725393034983426332e-04 
4.492276906967163086e-01 1.182567421346902847e-02 -1.368610246572643518e-04 3.386634343769401312e-04 
4.677979350090026855e-01 1.158917974680662155e-02 -2.033304190263152122e-04 3.398158296477049589e-04 
5.211318731307983398e-01 1.160003617405891418e-02 -4.126723215449601412e-04 3.477642894722521305e-04 
5.387467145919799805e-01 1.098417770117521286e-02 -4.539460642263293266e-04 3.320586693007498980e-04 
4.979481101036071777e-01 1.289268303662538528e-02 -3.745975554920732975e-04 4.113713803235441446e-04 
5.162440538406372070e-01 1.228800415992736816e-02 -4.448348481673747301e-04 3.984149661846458912e-04 
4.963150024414062500e-01 1.244571246206760406e-02 -3.915192501153796911e-04 3.896554990205913782e-04 
5.140791535377502441e-01 1.190888881683349609e-02 -4.766080528497695923e-04 3.805938467849045992e-04 
4.942584633827209473e-01 1.248002704232931137e-02 -3.575817390810698271e-04 3.888059873133897781e-04 
5.122507810592651367e-01 1.185204181820154190e-02 -3.786867600865662098e-04 3.676754713524132967e-04 
5.029479861259460449e-01 1.231563743203878403e-02 -3.782007552217692137e-04 3.822730213869363070e-04 
5.210657715797424316e-01 1.178141124546527863e-02 -4.548292490653693676e-04 3.719328378792852163e-04 
5.271492004394531250e-01 1.198006980121135712e-02 -4.712229419965296984e-04 3.740350075531750917e-04 
5.434287786483764648e-01 1.162654813379049301e-02 -5.395031184889376163e-04 3.779888793360441923e-04 
4.934262037277221680e-01 1.376584265381097794e-02 -4.296177648939192295e-04 4.719844146165996790e-04 
5.114394426345825195e-01 1.341863628476858139e-02 -4.946081899106502533e-04 4.703867307398468256e-04 
5.149217844009399414e-01 1.274878531694412231e-02 -4.701009311247617006e-04 4.122445534449070692e-04 
5.326200127601623535e-01 1.230089832097291946e-02 -5.173771060071885586e-04 4.137836513109505177e-04 
5.077990889549255371e-01 1.330344099551439285e-02 -4.781009629368782043e-04 4.516681656241416931e-04 
5.254921317100524902e-01 1.283509284257888794e-02 -5.379658541642129421e-04 4.414056020323187113e-04 
5.348904132843017578e-01 1.259659789502620697e-02 -5.306681268848478794e-04 4.147036815993487835e-04 
5.505558848381042480e-01 1.220629364252090454e-02 -5.946013843640685081e-04 4.171591426711529493e-04 
4.945269525051116943e-01 1.307906862348318100e-02 -3.713828336913138628e-04 4.297101695556193590e-04 
5.118924975395202637e-01 1.260602753609418869e-02 -4.180691030342131853e-04 4.158504016231745481e-04 
5.025830268859863281e-01 1.375186629593372345e-02 -4.523130774032324553e-04 4.746708727907389402e-04 
5.204887390136718750e-01 1.330659165978431702e-02 -5.116640822961926460e-04 4.682425060309469700e-04 
4.843364059925079346e-01 1.399590075016021729e-02 -3.611677675507962704e-04 4.861610359512269497e-04 
5.030305981636047363e-01 1.359956339001655579e-02 -4.226398596074432135e-04 4.766074998769909143e-04 
5.223709940910339355e-01 1.400545984506607056e-02 -5.897611845284700394e-04 5.126511096023023129e-04 
5.389564037322998047e-01 1.353029534220695496e-02 -5.813524476252496243e-04 4.838807217311114073e-04 
4.920546412467956543e-01 1.290672365576028824e-02 -3.046072379220277071e-04 4.151067405473440886e-04 
5.108166933059692383e-01 1.233875937759876251e-02 -3.784433065447956324e-04 3.969991812482476234e-04 
5.292003154754638672e-01 1.334938034415245056e-02 -5.170709919184446335e-04 4.616457445081323385e-04 
5.476887822151184082e-01 1.265267841517925262e-02 -5.629289662465453148e-04 4.381413164082914591e-04 
5.256654620170593262e-01 1.407892536371946335e-02 -6.114724674262106419e-04 5.198027938604354858e-04 
5.436080694198608398e-01 1.350696291774511337e-02 -6.706779240630567074e-04 4.958894569426774979e-04 
4.860557317733764648e-01 1.489100232720375061e-02 -3.962598275393247604e-04 5.487360176630318165e-04 
5.046561956405639648e-01 1.441507600247859955e-02 -4.693121591117233038e-04 5.265656509436666965e-04 
5.137627124786376953e-01 1.380202732980251312e-02 -5.440769600681960583e-04 4.922780790366232395e-04 
5.319807529449462891e-01 1.321112830191850662e-02 -5.494944052770733833e-04 4.719547287095338106e-04 
5.258770585060119629e-01 1.455084700137376785e-02 -6.465382175520062447e-04 5.565960309468209743e-04 
5.442793965339660645e-01 1.386069692671298981e-02 -6.570956320501863956e-04 5.178865976631641388e-04 
5.093407630920410156e-01 1.483963057398796082e-02 -5.771100986748933792e-04 5.682971095666289330e-04 
5.284387469291687012e-01 1.406146865338087082e-02 -5.919132381677627563e-04 5.217592697590589523e-04 
5.295503735542297363e-01 1.447488926351070404e-02 -5.900139803998172283e-04 5.457434454001486301e-04 
5.477529168128967285e-01 1.381601486355066299e-02 -6.573329446837306023e-04 5.140375578776001930e-04 
5.055472850799560547e-01 1.597277261316776276e-02 -6.254317704588174820e-04 6.534944986924529076e-04 
5.242587327957153320e-01 1.535888016223907471e-02 -5.883489502593874931e-04 6.014780956320464611e-04 
4.555035829544067383e-01 1.521530002355575562e-02 -2.662127662915736437e-04 5.602904711849987507e-04 
4.733204245567321777e-01 1.528458856046199799e-02 -2.847617433872073889e-04 5.727233947254717350e-04 
5.250166058540344238e-01 1.420878805220127106e-02 -5.756182363256812096e-04 5.287320818752050400e-04 
5.440877079963684082e-01 1.330517046153545380e-02 -6.405982421711087227e-04 4.867089737672358751e-04 
5.084344744682312012e-01 1.567383855581283569e-02 -6.161501514725387096e-04 6.266121636144816875e-04 
5.269623994827270508e-01 1.503498945385217667e-02 -6.235762848518788815e-04 5.889964522793889046e-04 
5.193132162094116211e-01 1.557376794517040253e-02 -6.280194502323865891e-04 6.197830662131309509e-04 
5.370684862136840820e-01 1.506035123020410538e-02 -6.536893197335302830e-04 5.906266742385923862e-04 
4.786715507507324219e-01 1.522557996213436127e-02 -3.342811542097479105e-04 5.742743960581719875e-04 
4.992896020412445068e-01 1.486465055495500565e-02 -4.555300401989370584e-04 5.618431605398654938e-04 
4.662299752235412598e-01 1.653653942048549652e-02 -2.899115497712045908e-04 6.653497111983597279e-04 
4.856581985950469971e-01 1.623915322124958038e-02 -4.333785909693688154e-04 6.473182002082467079e-04 
4.927660822868347168e-01 1.620626263320446014e-02 -5.424175178632140160e-04 6.644246168434619904e-04 
5.126507878303527832e-01 1.572558842599391937e-02 -5.825811531394720078e-04 6.334079080261290073e-04 
4.979918897151947021e-01 1.602666452527046204e-02 -5.043539567850530148e-04 6.508564110845327377e-04 
5.177159905433654785e-01 1.534943282604217529e-02 -5.928949103690683842e-04 6.049126968719065189e-04 
4.600374996662139893e-01 1.565751247107982635e-02 -2.121972647728398442e-04 5.944406730122864246e-04 
4.799413979053497314e-01 1.536660175770521164e-02 -3.190625866409391165e-04 5.858818767592310905e-04 
5.104213356971740723e-01 1.598558016121387482e-02 -5.803219974040985107e-04 6.522314506582915783e-04 
5.285885930061340332e-01 1.519541908055543900e-02 -5.525724263861775398e-04 5.892206099815666676e-04 
4.773407876491546631e-01 1.707416959106922150e-02 -4.145005659665912390e-04 7.100591901689767838e-04 
4.966579973697662354e-01 1.670333184301853180e-02 -4.865001246798783541e-04 6.904661422595381737e-04 
5.072146058082580566e-01 1.721713878214359283e-02 -7.130064186640083790e-04 7.563482504338026047e-04 
5.250163078308105469e-01 1.670261286199092865e-02 -7.130756857804954052e-04 7.093956810422241688e-04 
5.410218834877014160e-01 1.534561626613140106e-02 -7.912962464615702629e-04 6.401612772606313229e-04 
5.598098635673522949e-01 1.461467519402503967e-02 -8.221317548304796219e-04 5.904295830987393856e-04 
4.627391397953033447e-01 1.645766757428646088e-02 -2.803032402880489826e-04 6.626895046792924404e-04 
4.827244579792022705e-01 1.590180955827236176e-02 -3.648253623396158218e-04 6.231353618204593658e-04 
5.137720108032226562e-01 1.776977069675922394e-02 -7.432177662849426270e-04 7.942625670693814754e-04 
5.341193079948425293e-01 1.706860028207302094e-02 -8.426377316936850548e-04 7.525866967625916004e-04 
4.592626988887786865e-01 1.804936118423938751e-02 -3.624119563028216362e-04 7.795317214913666248e-04 
4.768390953540802002e-01 1.794124767184257507e-02 -3.962029586546123028e-04 7.725849864073097706e-04 
4.944611787796020508e-01 1.797768659889698029e-02 -5.839199875481426716e-04 7.990104495547711849e-04 
5.148401260375976562e-01 1.720158010721206665e-02 -6.807527388446033001e-04 7.442777859978377819e-04 
4.280358254909515381e-01 1.688463799655437469e-02 -2.747802682279143482e-06 6.764968857169151306e-04 
4.480097591876983643e-01 1.661700382828712463e-02 -1.643859868636354804e-04 6.582118221558630466e-04 
5.429129600524902344e-01 1.663770340383052826e-02 -9.678782662376761436e-04 7.473632576875388622e-04 
5.604599118232727051e-01 1.579792238771915436e-02 -9.390347404405474663e-04 6.841920549049973488e-04 
4.696860909461975098e-01 1.854691095650196075e-02 -4.094363539479672909e-04 8.269489044323563576e-04 
4.902019202709197998e-01 1.782189495861530304e-02 -5.352087900973856449e-04 7.801456958986818790e-04 
4.844886660575866699e-01 1.836401037871837616e-02 -5.344921373762190342e-04 8.192607201635837555e-04 
5.049164295196533203e-01 1.766297221183776855e-02 -6.434271344915032387e-04 7.772253593429923058e-04 
5.157673954963684082e-01 1.611364446580410004e-02 -6.864201277494430542e-04 6.693855975754559040e-04 
5.333829522132873535e-01 1.556004863232374191e-02 -7.175353821367025375e-04 6.306938012130558491e-04 
5.117422938346862793e-01 1.736352220177650452e-02 -7.389555103145539761e-04 7.749586366117000580e-04 
5.322560667991638184e-01 1.652399078011512756e-02 -8.118990808725357056e-04 7.140310481190681458e-04 
4.836341738700866699e-01 1.775357872247695923e-02 -4.766513011418282986e-04 7.666446035727858543e-04 
5.053861141204833984e-01 1.719455048441886902e-02 -6.145598599687218666e-04 7.413521525450050831e-04 
5.416284799575805664e-01 1.690211147069931030e-02 -9.425746393389999866e-04 7.656118832528591156e-04 
5.613970160484313965e-01 1.605080068111419678e-02 -9.817546233534812927e-04 7.147113210521638393e-04 
5.118880271911621094e-01 1.797064393758773804e-02 -8.374799508601427078e-04 8.251312538050115108e-04 
5.321024060249328613e-01 1.738605089485645294e-02 -8.935292134992778301e-04 7.889617700129747391e-04 
5.089586377143859863e-01 1.720866002142429352e-02 -6.539075402542948723e-04 7.506278925575315952e-04 
5.296798944473266602e-01 1.664690673351287842e-02 -7.669103215448558331e-04 7.203684072010219097e-04 
5.347433090209960938e-01 1.746005006134510040e-02 -9.261410450562834740e-04 8.035635109990835190e-04 
5.546637773513793945e-01 1.691918261349201202e-02 -1.011615269817411900e-03 7.722537848167121410e-04 
4.838217198848724365e-01 1.921174861490726471e-02 -5.248824600130319595e-04 8.860194357112050056e-04 
5.054379701614379883e-01 1.878591068089008331e-02 -7.462997455149888992e-04 8.767187246121466160e-04 
5.164881348609924316e-01 1.967602223157882690e-02 -1.014441018924117088e-03 9.950252715498209000e-04 
5.366609096527099609e-01 1.931542903184890747e-02 -1.111082616262137890e-03 9.538604645058512688e-04 
5.089125633239746094e-01 1.920476928353309631e-02 -8.763786172494292259e-04 9.259620564989745617e-04 
5.282832980155944824e-01 1.905346475541591644e-02 -1.014058245345950127e-03 9.205375681631267071e-04 
5.405983328819274902e-01 1.823119632899761200e-02 -1.112784841097891331e-03 8.957409881986677647e-04 
5.615868568420410156e-01 1.748313754796981812e-02 -1.175027689896523952e-03 8.376471814699470997e-04 
4.849146008491516113e-01 2.010514214634895325e-02 -6.725675775669515133e-04 9.797371458262205124e-04 
5.067490339279174805e-01 1.978144608438014984e-02 -8.320664055645465851e-04 9.633476147428154945e-04 
5.053356885910034180e-01 1.903530023992061615e-02 -7.648170576430857182e-04 9.066982893273234367e-04 
5.271900892257690430e-01 1.837110891938209534e-02 -9.591606212779879570e-04 8.675355347804725170e-04 
5.034638047218322754e-01 1.943775080144405365e-02 -8.280446054413914680e-04 9.498038562014698982e-04 
5.248281359672546387e-01 1.880505867302417755e-02 -9.358595125377178192e-04 8.971843635663390160e-04 
4.900753796100616455e-01 1.925059780478477478e-02 -6.233479361981153488e-04 8.964529260993003845e-04 
5.123878121376037598e-01 1.852861605584621429e-02 -7.894377340562641621e-04 8.686514338478446007e-04 
4.743454158306121826e-01 2.112572081387042999e-02 -5.803658277727663517e-04 1.052012783475220203e-03 
4.951858520507812500e-01 2.113450132310390472e-02 -8.248229860328137875e-04 1.081252470612525940e-03 
5.160570144653320312e-01 1.955539733171463013e-02 -9.029844659380614758e-04 9.649972780607640743e-04 
5.375023484230041504e-01 1.890387386083602905e-02 -1.072408747859299183e-03 9.291967144235968590e-04 
4.793401062488555908e-01 2.037587575614452362e-02 -5.868359585292637348e-04 1.002062810584902763e-03 
5.012466907501220703e-01 1.991801522672176361e-02 -7.991200545802712440e-04 9.727944852784276009e-04 
4.796355366706848145e-01 2.006743662059307098e-02 -5.709432298317551613e-04 9.794889483600854874e-04 
5.008428096771240234e-01 1.977688074111938477e-02 -7.964909891597926617e-04 9.619807242415845394e-04 
4.231560230255126953e-01 2.051086351275444031e-02 -2.388412394793704152e-05 9.826377499848604202e-04 
4.444691538810729980e-01 2.046051807701587677e-02 -2.348038105992600322e-04 9.715333580970764160e-04 
4.925190508365631104e-01 2.076113782823085785e-02 -8.012115722522139549e-04 1.055889064446091652e-03 
5.133019685745239258e-01 2.076674252748489380e-02 -9.913684334605932236e-04 1.063088187947869301e-03 
4.245703220367431641e-01 2.094031684100627899e-02 -2.410761771898251027e-05 1.010791165754199028e-03 
4.465885460376739502e-01 2.104600146412849426e-02 -3.643837408162653446e-04 1.036786008626222610e-03 
4.601124227046966553e-01 2.133327722549438477e-02 -4.429319815244525671e-04 1.063044532202184200e-03 
4.817555546760559082e-01 2.130859903991222382e-02 -7.311291410587728024e-04 1.078251167200505733e-03 
5.253306031227111816e-01 1.922891102731227875e-02 -9.550530230626463890e-04 9.440798894502222538e-04 
5.462996959686279297e-01 1.872250437736511230e-02 -1.135644968599081039e-03 9.230663999915122986e-04 
5.045171380043029785e-01 2.005730383098125458e-02 -9.239034261554479599e-04 1.004347344860434532e-03 
5.268824100494384766e-01 1.974110677838325500e-02 -1.096845255233347416e-03 9.930370142683386803e-04 
5.344991683959960938e-01 1.959909312427043915e-02 -1.226646010763943195e-03 1.022169366478919983e-03 
5.560424923896789551e-01 1.895632222294807434e-02 -1.288759871385991573e-03 9.569578687660396099e-04 
5.041834115982055664e-01 2.080509439110755920e-02 -9.713150793686509132e-04 1.076687360182404518e-03 
5.257143974304199219e-01 2.053698897361755371e-02 -1.171598094515502453e-03 1.073836232535541058e-03 
4.654463231563568115e-01 2.080761641263961792e-02 -5.971170612610876560e-04 1.029239501804113388e-03 
4.874903261661529541e-01 2.061022445559501648e-02 -8.114901138469576836e-04 1.032403903082013130e-03 
5.165556669235229492e-01 1.975809969007968903e-02 -9.783626301214098930e-04 9.976264555007219315e-04 
5.379865765571594238e-01 1.890215836465358734e-02 -1.089491066522896290e-03 9.317607036791741848e-04 
4.942832291126251221e-01 2.068641036748886108e-02 -9.471127996221184731e-04 1.069774269126355648e-03 
5.172206759452819824e-01 2.009870670735836029e-02 -1.099562039598822594e-03 1.022496609948575497e-03 
4.979943335056304932e-01 1.989261992275714874e-02 -8.548061596229672432e-04 9.843970183283090591e-04 
5.207436680793762207e-01 1.924421824514865875e-02 -1.047900295816361904e-03 9.641973883844912052e-04 
5.017281770706176758e-01 2.163381874561309814e-02 -1.028885017149150372e-03 1.151598058640956879e-03 
5.238315463066101074e-01 2.122864499688148499e-02 -1.226143562234938145e-03 1.139435451477766037e-03 
5.089638233184814453e-01 2.155759185552597046e-02 -1.119202934205532074e-03 1.158533617854118347e-03 
5.332403779029846191e-01 2.106138132512569427e-02 -1.387746538966894150e-03 1.153012737631797791e-03 
5.073473453521728516e-01 2.303809113800525665e-02 -1.152880606241524220e-03 1.304400037042796612e-03 
5.311463475227355957e-01 2.227724343538284302e-02 -1.349823898635804653e-03 1.262107398360967636e-03 
4.473863542079925537e-01 2.247286587953567505e-02 -4.708534688688814640e-04 1.168776536360383034e-03 
4.692895710468292236e-01 2.240054495632648468e-02 -6.870410870760679245e-04 1.177421188913285732e-03 
5.011752843856811523e-01 2.227791212499141693e-02 -1.106215640902519226e-03 1.241187332198023796e-03 
5.243351459503173828e-01 2.175868488848209381e-02 -1.287480117753148079e-03 1.200311933644115925e-03 
4.932194054126739502e-01 2.261180616915225983e-02 -1.043275813572108746e-03 1.231057918630540371e-03 
5.165309906005859375e-01 2.223620377480983734e-02 -1.300031319260597229e-03 1.241271267645061016e-03 
4.734331965446472168e-01 2.279946208000183105e-02 -7.743906462565064430e-04 1.237106742337346077e-03 
4.971020817756652832e-01 2.259964868426322937e-02 -1.065264455974102020e-03 1.241325400769710541e-03 
4.941629767417907715e-01 2.114402875304222107e-02 -8.763683144934475422e-04 1.093154773116111755e-03 
5.175914764404296875e-01 2.015247754752635956e-02 -1.122731831856071949e-03 1.061915536411106586e-03 
4.996347725391387939e-01 2.264544367790222168e-02 -1.010202802717685699e-03 1.258888863958418369e-03 
5.223006606101989746e-01 2.211024984717369080e-02 -1.307622878812253475e-03 1.231868169270455837e-03 
4.640356600284576416e-01 2.328496985137462616e-02 -7.156927604228258133e-04 1.265804399736225605e-03 
4.874936342239379883e-01 2.324064448475837708e-02 -9.754759375937283039e-04 1.294002868235111237e-03 
4.870232343673706055e-01 2.235377952456474304e-02 -8.913442725315690041e-04 1.208424102514982224e-03 
5.092941522598266602e-01 2.212692424654960632e-02 -1.148732728324830532e-03 1.206343993544578552e-03 
5.119936466217041016e-01 2.290220186114311218e-02 -1.236186013557016850e-03 1.293260487727820873e-03 
5.343971848487854004e-01 2.238554134964942932e-02 -1.491189235821366310e-03 1.295252237468957901e-03 
5.100632905960083008e-01 2.245557680726051331e-02 -1.221032580360770226e-03 1.248389249667525291e-03 
5.326721668243408203e-01 2.226371504366397858e-02 -1.508170156739652157e-03 1.283623394556343555e-03 
4.820123910903930664e-01 2.257374115288257599e-02 -9.504730114713311195e-04 1.224891049787402153e-03 
5.053859949111938477e-01 2.218003943562507629e-02 -1.172315562143921852e-03 1.216716482304036617e-03 
4.452256262302398682e-01 2.445914037525653839e-02 -5.266390508040785789e-04 1.360509661026299000e-03 
4.675215482711791992e-01 2.467332221567630768e-02 -8.742680074647068977e-04 1.410195953212678432e-03 
4.527652263641357422e-01 2.343160845339298248e-02 -5.388180725276470184e-04 1.274644164368510246e-03 
4.752589762210845947e-01 2.360453084111213684e-02 -8.581459987908601761e-04 1.322537893429398537e-03 
4.865579605102539062e-01 2.380436100065708160e-02 -9.802767308428883553e-04 1.344730495475232601e-03 
5.103917717933654785e-01 2.333482168614864349e-02 -1.341985771432518959e-03 1.361928996630012989e-03 
5.269894599914550781e-01 2.235193923115730286e-02 -1.388169126585125923e-03 1.275192364118993282e-03 
5.490381121635437012e-01 2.202204801142215729e-02 -1.696459250524640083e-03 1.317501883022487164e-03 
4.883382022380828857e-01 2.435003407299518585e-02 -1.150402124039828777e-03 1.415513339452445507e-03 
5.104538798332214355e-01 2.376894094049930573e-02 -1.456432742998003960e-03 1.403743168339133263e-03 
5.022240877151489258e-01 2.169237285852432251e-02 -1.077987253665924072e-03 1.186097040772438049e-03 
5.232689976692199707e-01 2.088179625570774078e-02 -1.286822836846113205e-03 1.138340914621949196e-03 
4.923021793365478516e-01 2.354262024164199829e-02 -1.127898460254073143e-03 1.335298409685492516e-03 
5.143543481826782227e-01 2.279815636575222015e-02 -1.344199525192379951e-03 1.312574022449553013e-03 
4.845387041568756104e-01 2.595629729330539703e-02 -1.143060508184134960e-03 1.583237666636705399e-03 
5.064690113067626953e-01 2.541331946849822998e-02 -1.404569717124104500e-03 1.545027131214737892e-03 
4.579288363456726074e-01 2.460354566574096680e-02 -6.567000527866184711e-04 1.399602391757071018e-03 
4.804731607437133789e-01 2.471444383263587952e-02 -9.822876891121268272e-04 1.436375780031085014e-03 
4.676725864410400391e-01 2.456272952258586884e-02 -8.214173722080886364e-04 1.404268899932503700e-03 
4.898488223552703857e-01 2.435607463121414185e-02 -1.120365108363330364e-03 1.431981916539371014e-03 
4.579110145568847656e-01 2.321529760956764221e-02 -6.481518503278493881e-04 1.272109802812337875e-03 
4.787349998950958252e-01 2.334488369524478912e-02 -8.890675962902605534e-04 1.295988564379513264e-03 
5.136929750442504883e-01 2.384258247911930084e-02 -1.383730443194508553e-03 1.421150518581271172e-03 
5.357345342636108398e-01 2.305004931986331940e-02 -1.708762720227241516e-03 1.404795097187161446e-03 
5.216498970985412598e-01 2.266993187367916107e-02 -1.439595362171530724e-03 1.319490838795900345e-03 
5.428901314735412598e-01 2.211405523121356964e-02 -1.643043477088212967e-03 1.303162192925810814e-03 
5.053861141204833984e-01 2.494379878044128418e-02 -1.371155958622694016e-03 1.509484252892434597e-03 
5.271621942520141602e-01 2.481391094624996185e-02 -1.700697932392358780e-03 1.554641406983137131e-03 
4.931522607803344727e-01 2.453705295920372009e-02 -1.153363147750496864e-03 1.445472356863319874e-03 
5.158565640449523926e-01 2.394228428602218628e-02 -1.425114693120121956e-03 1.428887946531176567e-03 
4.617203176021575928e-01 2.491887286305427551e-02 -7.186392322182655334e-04 1.447433489374816418e-03 
4.840528070926666260e-01 2.498166449368000031e-02 -1.107265474274754524e-03 1.483625848777592182e-03 
4.789305329322814941e-01 2.428184077143669128e-02 -1.031834050081670284e-03 1.413283869624137878e-03 
5.017417669296264648e-01 2.426036074757575989e-02 -1.327735022641718388e-03 1.439622137695550919e-03 
4.884235560894012451e-01 2.333603426814079285e-02 -1.059236237779259682e-03 1.310628489591181278e-03 
5.099676847457885742e-01 2.285746671259403229e-02 -1.293309032917022705e-03 1.307945698499679565e-03 
4.879801273345947266e-01 2.431941218674182892e-02 -1.176520716398954391e-03 1.421417109668254852e-03 
5.100593566894531250e-01 2.409961633384227753e-02 -1.478228718042373657e-03 1.469540293328464031e-03 
5.155408382415771484e-01 2.481206133961677551e-02 -1.568123348988592625e-03 1.525400672107934952e-03 
5.376422405242919922e-01 2.423809841275215149e-02 -1.974362414330244064e-03 1.557950628921389580e-03 
5.062171220779418945e-01 2.506041899323463440e-02 -1.547445659525692463e-03 1.558015239425003529e-03 
5.292551517486572266e-01 2.485853433609008789e-02 -1.896199304610490799e-03 1.592686749063432217e-03 
5.097762346267700195e-01 2.611411176621913910e-02 -1.514519331976771355e-03 1.632404979318380356e-03 
5.315713286399841309e-01 2.561230026185512543e-02 -1.903092488646507263e-03 1.679507782682776451e-03 
4.810440540313720703e-01 2.603537775576114655e-02 -1.160017796792089939e-03 1.602869131602346897e-03 
5.030080676078796387e-01 2.541620656847953796e-02 -1.428989926353096962e-03 1.575726666487753391e-03 
4.869421124458312988e-01 2.664744667708873749e-02 -1.356755965389311314e-03 1.672423095442354679e-03 
5.096911191940307617e-01 2.674717083573341370e-02 -1.761332969181239605e-03 1.755506033077836037e-03 
5.170211195945739746e-01 2.372762747108936310e-02 -1.446426496841013432e-03 1.394448219798505306e-03 
5.384429097175598145e-01 2.326764911413192749e-02 -1.709258067421615124e-03 1.423383015207946301e-03 
5.156483054161071777e-01 2.471846900880336761e-02 -1.538854208774864674e-03 1.526354928500950336e-03 
5.375604033470153809e-01 2.442253381013870239e-02 -1.802350743673741817e-03 1.533232862129807472e-03 
5.139124393463134766e-01 2.591557055711746216e-02 -1.577586983330547810e-03 1.633284497074782848e-03 
5.350498557090759277e-01 2.545690909028053284e-02 -1.911213039420545101e-03 1.661909976974129677e-03 
4.859032034873962402e-01 2.620862238109111786e-02 -1.214841729961335659e-03 1.625121105462312698e-03 
5.077812671661376953e-01 2.640815265476703644e-02 -1.614261884242296219e-03 1.698604435659945011e-03 
5.098443627357482910e-01 2.359917014837265015e-02 -1.393594196997582912e-03 1.385487033985555172e-03 
5.308626890182495117e-01 2.348693273961544037e-02 -1.685164752416312695e-03 1.434955745935440063e-03 
5.454974770545959473e-01 2.268673107028007507e-02 -1.869444851763546467e-03 1.395409577526152134e-03 
5.670098662376403809e-01 2.191779576241970062e-02 -2.004409907385706902e-03 1.371587975881993771e-03 
4.997481107711791992e-01 2.527297288179397583e-02 -1.459783292375504971e-03 1.566993771120905876e-03 
5.211665034294128418e-01 2.468443661928176880e-02 -1.670473022386431694e-03 1.541461795568466187e-03 
5.043575763702392578e-01 2.528155781328678131e-02 -1.492986339144408703e-03 1.570573891513049603e-03 
5.244864225387573242e-01 2.520025707781314850e-02 -1.800092752091586590e-03 1.614837907254695892e-03 
4.563265740871429443e-01 2.875025942921638489e-02 -9.015232208184897900e-04 1.852121786214411259e-03 
4.785973727703094482e-01 2.841291762888431549e-02 -1.311515457928180695e-03 1.851234934292733669e-03 
5.261318683624267578e-01 2.597089856863021851e-02 -1.948506338521838188e-03 1.715372432954609394e-03 
5.478673577308654785e-01 2.513100020587444305e-02 -2.152403350919485092e-03 1.689659547992050648e-03 
4.783886671066284180e-01 2.758462168276309967e-02 -1.095904270187020302e-03 1.754672266542911530e-03 
5.005946159362792969e-01 2.745277434587478638e-02 -1.596183748915791512e-03 1.790063804946839809e-03 
5.048180222511291504e-01 2.715421468019485474e-02 -1.675223349593579769e-03 1.790781971067190170e-03 
5.269113779067993164e-01 2.657561935484409332e-02 -2.013686113059520721e-03 1.774923061020672321e-03 
5.122846961021423340e-01 2.692879177629947662e-02 -1.909087528474628925e-03 1.804886735044419765e-03 
5.332175493240356445e-01 2.631363458931446075e-02 -2.049962524324655533e-03 1.764090848155319691e-03 
4.936344623565673828e-01 2.719523012638092041e-02 -1.495166332460939884e-03 1.761497231200337410e-03 
5.171756148338317871e-01 2.687629684805870056e-02 -1.867619226686656475e-03 1.804403960704803467e-03 
4.873699545860290527e-01 2.722764573991298676e-02 -1.318254857324063778e-03 1.729218754917383194e-03 
5.082240700721740723e-01 2.701181173324584961e-02 -1.745054731145501137e-03 1.791304443031549454e-03 
5.086382031440734863e-01 2.862211503088474274e-02 -1.828656648285686970e-03 1.975842984393239021e-03 
5.296624898910522461e-01 2.777440473437309265e-02 -2.109389519318938255e-03 1.927195698954164982e-03 
4.925536811351776123e-01 2.629761397838592529e-02 -1.316558802500367165e-03 1.655323430895805359e-03 
5.119559168815612793e-01 2.577569335699081421e-02 -1.601706491783261299e-03 1.636404427699744701e-03 
5.303624868392944336e-01 2.571149915456771851e-02 -1.872542081400752068e-03 1.680394867435097694e-03 
5.513675808906555176e-01 2.484486810863018036e-02 -2.042737323790788651e-03 1.626349752768874168e-03 
5.198468565940856934e-01 2.695122361183166504e-02 -1.848189043812453747e-03 1.811667811125516891e-03 
5.409002900123596191e-01 2.684053219854831696e-02 -2.243045484647154808e-03 1.869995845481753349e-03 
5.224156379699707031e-01 2.720052935183048248e-02 -1.879076706245541573e-03 1.835200819186866283e-03 
5.439282655715942383e-01 2.729423902928829193e-02 -2.373784082010388374e-03 1.959437038749456406e-03 
5.046917200088500977e-01 2.772390842437744141e-02 -1.718084095045924187e-03 1.866709324531257153e-03 
5.259048938751220703e-01 2.702481858432292938e-02 -2.024467801675200462e-03 1.831948407925665379e-03 
4.817681312561035156e-01 2.780774980783462524e-02 -1.425824593752622604e-03 1.818343531340360641e-03 
5.037015080451965332e-01 2.736507169902324677e-02 -1.719743013381958008e-03 1.834906870499253273e-03 
4.684033095836639404e-01 2.691941894590854645e-02 -1.102440641261637211e-03 1.682514674030244350e-03 
4.894554018974304199e-01 2.680469304323196411e-02 -1.420227810740470886e-03 1.728915725834667683e-03 
5.285634398460388184e-01 2.537013217806816101e-02 -1.874760026112198830e-03 1.665612333454191685e-03 
5.492269992828369141e-01 2.503346279263496399e-02 -2.229373669251799583e-03 1.700167544186115265e-03 
5.031840801239013672e-01 2.672514691948890686e-02 -1.737920218147337437e-03 1.766931731253862381e-03 
5.236167907714843750e-01 2.676307037472724915e-02 -1.924526062794029713e-03 1.786093693226575851e-03 
5.057303905487060547e-01 2.729673869907855988e-02 -1.857209834270179272e-03 1.826280844397842884e-03 
5.263599753379821777e-01 2.686635218560695648e-02 -2.101409714668989182e-03 1.830726047046482563e-03 
5.015684366226196289e-01 2.727942354977130890e-02 -1.577046234160661697e-03 1.790727721527218819e-03 
5.223686099052429199e-01 2.660081535577774048e-02 -1.834915135987102985e-03 1.757953781634569168e-03 
5.165963172912597656e-01 2.575597167015075684e-02 -1.815042109228670597e-03 1.669974531978368759e-03 
5.384082794189453125e-01 2.511997148394584656e-02 -2.063588239252567291e-03 1.677593332715332508e-03 
5.266256332397460938e-01 2.503078803420066833e-02 -1.849110820330679417e-03 1.620942726731300354e-03 
5.481206178665161133e-01 2.425084449350833893e-02 -2.063859719783067703e-03 1.606495701707899570e-03 
4.990549087524414062e-01 2.772661112248897552e-02 -1.706740818917751312e-03 1.856886083260178566e-03 
5.193330049514770508e-01 2.668881416320800781e-02 -1.826611813157796860e-03 1.777454046532511711e-03 
5.094732046127319336e-01 2.833380922675132751e-02 -1.908645033836364746e-03 1.956918742507696152e-03 
5.302999615669250488e-01 2.719541080296039581e-02 -2.038000850006937981e-03 1.868090475909411907e-03 
5.193969011306762695e-01 2.707329019904136658e-02 -1.900268136523663998e-03 1.810592017136514187e-03 
5.387868881225585938e-01 2.587584033608436584e-02 -2.071808092296123505e-03 1.753235468640923500e-03 
5.062262415885925293e-01 2.908989787101745605e-02 -1.893651089631021023e-03 2.034698380157351494e-03 
5.259816646575927734e-01 2.865477465093135834e-02 -2.070472342893481255e-03 2.001180313527584076e-03 
4.924178421497344971e-01 2.781550958752632141e-02 -1.517937635071575642e-03 1.837706658989191055e-03 
5.126424431800842285e-01 2.700197324156761169e-02 -1.869317493401467800e-03 1.822340651415288448e-03 
4.878517687320709229e-01 2.884520962834358215e-02 -1.477428013458848000e-03 1.935389591380953789e-03 
5.087903738021850586e-01 2.802050299942493439e-02 -1.787276938557624817e-03 1.902280142530798912e-03 
4.850071966648101807e-01 2.947113476693630219e-02 -1.610272563993930817e-03 2.009066287428140640e-03 
5.070204138755798340e-01 2.847385779023170471e-02 -1.900784322060644627e-03 1.988747622817754745e-03 
5.063160657882690430e-01 2.865957841277122498e-02 -1.801005564630031586e-03 1.981280278414487839e-03 
5.283724069595336914e-01 2.734808996319770813e-02 -1.990159507840871811e-03 1.871320186182856560e-03 
4.869555532932281494e-01 2.875562012195587158e-02 -1.605318044312298298e-03 1.960658701136708260e-03 
5.078648328781127930e-01 2.790469676256179810e-02 -1.809209468774497509e-03 1.899247756227850914e-03 
4.626967906951904297e-01 3.040737472474575043e-02 -1.125201233662664890e-03 2.087256871163845062e-03 
4.831818044185638428e-01 2.997261658310890198e-02 -1.562079414725303650e-03 2.080978592857718468e-03 
4.571647942066192627e-01 2.881916984915733337e-02 -1.068430021405220032e-03 1.871433691121637821e-03 
4.782810807228088379e-01 2.871522866189479828e-02 -1.348034944385290146e-03 1.904697739519178867e-03 
4.928125739097595215e-01 2.888505905866622925e-02 -1.713099773041903973e-03 1.957091735675930977e-03 
5.152163505554199219e-01 2.830989100039005280e-02 -2.050168113783001900e-03 2.002211287617683411e-03 
4.671478867530822754e-01 2.890269085764884949e-02 -1.313635963015258312e-03 1.901411102153360844e-03 
4.881557822227478027e-01 2.875075861811637878e-02 -1.559385797008872032e-03 1.943710376508533955e-03 
4.928599298000335693e-01 2.916718833148479462e-02 -1.745098736137151718e-03 1.999871572479605675e-03 
5.139172077178955078e-01 2.871333062648773193e-02 -2.039407845586538315e-03 2.037319121882319450e-03 
4.820351302623748779e-01 2.932641096413135529e-02 -1.630413113161921501e-03 1.985192764550447464e-03 
5.024663209915161133e-01 2.869737334549427032e-02 -1.815186464227735996e-03 1.987955998629331589e-03 
4.969941079616546631e-01 2.910836413502693176e-02 -1.924087177030742168e-03 2.020107349380850792e-03 
5.197511911392211914e-01 2.827236801385879517e-02 -2.194233704358339310e-03 2.009536372497677803e-03 
5.325669646263122559e-01 3.140030801296234131e-02 -2.808235585689544678e-03 2.460137940943241119e-03 
5.537441968917846680e-01 3.060296177864074707e-02 -3.104729577898979187e-03 2.482129726558923721e-03 
4.881165325641632080e-01 2.856660448014736176e-02 -1.639205613173544407e-03 1.906846184283494949e-03 
5.090128779411315918e-01 2.828643098473548889e-02 -1.959886401891708374e-03 1.971973339095711708e-03 
5.573029518127441406e-01 2.761163562536239624e-02 -2.733953297138214111e-03 2.061159582808613777e-03 
5.782469511032104492e-01 2.668244391679763794e-02 -2.977294847369194031e-03 2.068124478682875633e-03 
4.619728922843933105e-01 3.015967831015586853e-02 -1.336843008175492287e-03 2.051996998488903046e-03 
4.826181232929229736e-01 2.954293787479400635e-02 -1.556315924972295761e-03 2.043765271082520485e-03 
5.155159831047058105e-01 2.792237885296344757e-02 -1.957264263182878494e-03 1.904009375721216202e-03 
5.368847846984863281e-01 2.719791233539581299e-02 -2.198640955612063408e-03 1.912968116812407970e-03 
4.805571436882019043e-01 2.894366905093193054e-02 -1.545767649076879025e-03 1.959042623639106750e-03 
5.033183097839355469e-01 2.857831306755542755e-02 -1.897573238238692284e-03 2.000051550567150116e-03 
5.067801475524902344e-01 3.019576333463191986e-02 -2.017201157286763191e-03 2.173945773392915726e-03 
5.270528793334960938e-01 3.011827729642391205e-02 -2.387690823525190353e-03 2.234973944723606110e-03 
4.840075671672821045e-01 2.958134002983570099e-02 -1.630757702514529228e-03 2.038472564890980721e-03 
5.039263963699340820e-01 2.966842614114284515e-02 -1.947697019204497337e-03 2.109093824401497841e-03 
4.940474331378936768e-01 3.148131817579269409e-02 -1.847718376666307449e-03 2.291222801432013512e-03 
5.126334428787231445e-01 3.055907227098941803e-02 -2.081371843814849854e-03 2.239168155938386917e-03 
5.006797313690185547e-01 3.078253939747810364e-02 -2.018630271777510643e-03 2.229991834610700607e-03 
5.219764709472656250e-01 3.000376746058464050e-02 -2.345417859032750130e-03 2.225839765742421150e-03 
4.904540181159973145e-01 3.081672824919223785e-02 -1.763810985721647739e-03 2.201080322265625000e-03 
5.115897655487060547e-01 3.013825975358486176e-02 -2.098222495988011360e-03 2.199045615270733833e-03 
5.023712515830993652e-01 2.962722629308700562e-02 -1.952152349986135960e-03 2.099391072988510132e-03 
5.235673189163208008e-01 2.857730537652969360e-02 -2.204807475209236145e-03 2.075198106467723846e-03 
4.774152338504791260e-01 3.153555095195770264e-02 -1.630344893783330917e-03 2.265686867758631706e-03 
4.971030354499816895e-01 3.051316738128662109e-02 -1.822507940232753754e-03 2.197443274781107903e-03 
4.618982672691345215e-01 3.168127313256263733e-02 -1.333424937911331654e-03 2.231608377769589424e-03 
4.829439818859100342e-01 3.194097056984901428e-02 -1.644358853809535503e-03 2.328062662854790688e-03 
4.831825792789459229e-01 3.035115264356136322e-02 -1.665277057327330112e-03 2.110713860020041466e-03 
5.027237534523010254e-01 2.937152422964572906e-02 -1.862047472968697548e-03 2.063911873847246170e-03 
4.669048190116882324e-01 3.057209029793739319e-02 -1.327325473539531231e-03 2.099906327202916145e-03 
4.881302416324615479e-01 2.946065925061702728e-02 -1.579721341840922832e-03 2.044978318735957146e-03 
4.933179318904876709e-01 3.089960664510726929e-02 -2.057508099824190140e-03 2.247223397716879845e-03 
5.136299729347229004e-01 2.965541556477546692e-02 -2.244648756459355354e-03 2.187975449487566948e-03 
5.081651806831359863e-01 3.016922436654567719e-02 -2.203336451202630997e-03 2.195944078266620636e-03 
5.282074213027954102e-01 2.944307401776313782e-02 -2.448284532874822617e-03 2.179372822865843773e-03 
4.918710291385650635e-01 3.103839419782161713e-02 -1.863000448793172836e-03 2.242648275569081306e-03 
5.126287341117858887e-01 3.029186837375164032e-02 -2.231562510132789612e-03 2.215048298239707947e-03 
4.769725799560546875e-01 3.255124390125274658e-02 -1.703530899249017239e-03 2.367487642914056778e-03 
4.986304342746734619e-01 3.209567070007324219e-02 -2.046656096354126930e-03 2.385828876867890358e-03 
5.266733169555664062e-01 2.980748936533927917e-02 -2.416932722553610802e-03 2.205105498433113098e-03 
5.480957627296447754e-01 2.877782657742500305e-02 -2.690413733944296837e-03 2.196327550336718559e-03 
4.694790244102478027e-01 3.194169327616691589e-02 -1.482617226429283619e-03 2.289353171363472939e-03 
4.896601438522338867e-01 3.122784942388534546e-02 -1.838175812736153603e-03 2.266099210828542709e-03 
5.222557783126831055e-01 2.969289757311344147e-02 -2.360848709940910339e-03 2.187227830290794373e-03 
5.427712798118591309e-01 2.856976352632045746e-02 -2.537684980779886246e-03 2.128008287400007248e-03 
4.917624890804290771e-01 3.186448290944099426e-02 -1.850278466008603573e-03 2.313062781468033791e-03 
5.132468938827514648e-01 3.094395995140075684e-02 -2.268453594297170639e-03 2.309652976691722870e-03 
5.170553326606750488e-01 3.019845671951770782e-02 -2.403217134997248650e-03 2.256419742479920387e-03 
5.379790067672729492e-01 2.909039705991744995e-02 -2.546897158026695251e-03 2.169880317524075508e-03 
5.147224068641662598e-01 2.906279079616069794e-02 -2.125844592228531837e-03 2.065425971522927284e-03 
5.357126593589782715e-01 2.790018543601036072e-02 -2.431372879073023796e-03 2.047273796051740646e-03 
4.662180542945861816e-01 3.273241594433784485e-02 -1.424029818736016750e-03 2.373752184212207794e-03 
4.881703257560729980e-01 3.181248903274536133e-02 -1.860698452219367027e-03 2.329563256353139877e-03 
4.938773512840270996e-01 3.317829221487045288e-02 -2.111511304974555969e-03 2.556268824264407158e-03 
5.150509476661682129e-01 3.246191889047622681e-02 -2.577387727797031403e-03 2.514156745746731758e-03 
5.192823410034179688e-01 3.049012646079063416e-02 -2.447997452691197395e-03 2.271677833050489426e-03 
5.405435562133789062e-01 2.922893129289150238e-02 -2.706369617953896523e-03 2.228898927569389343e-03 
4.880634248256683350e-01 3.141039609909057617e-02 -1.790740410797297955e-03 2.262557623907923698e-03 
5.089040994644165039e-01 3.080846369266510010e-02 -2.207664074376225471e-03 2.287341048941016197e-03 
4.865542054176330566e-01 3.118871897459030151e-02 -1.874695532023906708e-03 2.262700814753770828e-03 
5.070989131927490234e-01 3.054376877844333649e-02 -2.161616925150156021e-03 2.244385890662670135e-03 
4.809918105602264404e-01 3.279274329543113708e-02 -1.764701097272336483e-03 2.413139678537845612e-03 
5.034939646720886230e-01 3.199885413050651550e-02 -2.205152297392487526e-03 2.448106184601783752e-03 
4.755883514881134033e-01 3.001259081065654755e-02 -1.517297001555562019e-03 2.089125337079167366e-03 
4.980155825614929199e-01 2.965855970978736877e-02 -1.890144776552915573e-03 2.103079110383987427e-03 
4.668203592300415039e-01 3.165652230381965637e-02 -1.610509003512561321e-03 2.274508122354745865e-03 
4.883668422698974609e-01 3.077992238104343414e-02 -1.850431784987449646e-03 2.229186473414301872e-03 
4.638507366180419922e-01 3.483227640390396118e-02 -1.434858655557036400e-03 2.624487504363059998e-03 
4.847588241100311279e-01 3.407103940844535828e-02 -1.814713468775153160e-03 2.603036584332585335e-03 
4.995061755180358887e-01 3.154737129807472229e-02 -2.131720772013068199e-03 2.336973790079355240e-03 
5.187385678291320801e-01 3.062838874757289886e-02 -2.365193562582135201e-03 2.315795980393886566e-03 
4.765368700027465820e-01 3.253956511616706848e-02 -1.691751996986567974e-03 2.390715526416897774e-03 
4.966113567352294922e-01 3.153928369283676147e-02 -2.021137392148375511e-03 2.330000046640634537e-03 
4.856840670108795166e-01 3.107406757771968842e-02 -1.777307479642331600e-03 2.236460335552692413e-03 
5.077908635139465332e-01 3.006300702691078186e-02 -2.115115290507674217e-03 2.206125296652317047e-03 
4.512850046157836914e-01 3.473966196179389954e-02 -1.244329032488167286e-03 2.569140633568167686e-03 
4.715660810470581055e-01 3.416951745748519897e-02 -1.573051442392170429e-03 2.586740301921963692e-03 
4.772082865238189697e-01 3.278122097253799438e-02 -1.810854766517877579e-03 2.418192569166421890e-03 
4.990980029106140137e-01 3.198145329952239990e-02 -2.177714603021740913e-03 2.439010422676801682e-03 
5.191196203231811523e-01 3.247976303100585938e-02 -2.669252222403883934e-03 2.580465748906135559e-03 
5.390564799308776855e-01 3.113878890872001648e-02 -2.867836970835924149e-03 2.467874437570571899e-03 
4.702890217304229736e-01 3.351496905088424683e-02 -1.598181785084307194e-03 2.499971538782119751e-03 
4.930606186389923096e-01 3.291889652609825134e-02 -2.053943229839205742e-03 2.508895937353372574e-03 
5.084840059280395508e-01 3.290847316384315491e-02 -2.344969427213072777e-03 2.529237419366836548e-03 
5.290499925613403320e-01 3.205115720629692078e-02 -2.770308870822191238e-03 2.559879794716835022e-03 
4.694806337356567383e-01 3.255661949515342712e-02 -1.572838751599192619e-03 2.364336047321557999e-03 
4.914715886116027832e-01 3.180417791008949280e-02 -1.965273171663284302e-03 2.375891664996743202e-03 
4.997414946556091309e-01 3.192907944321632385e-02 -2.101632067933678627e-03 2.364726504310965538e-03 
5.208419561386108398e-01 3.060050494968891144e-02 -2.408532192930579185e-03 2.302369801327586174e-03 
4.596880972385406494e-01 3.446678072214126587e-02 -1.353726838715374470e-03 2.582232002168893814e-03 
4.821974337100982666e-01 3.425090387463569641e-02 -1.764100976288318634e-03 2.640892751514911652e-03 
4.319119453430175781e-01 3.436554968357086182e-02 -6.815448286943137646e-04 2.498297253623604774e-03 
4.536242187023162842e-01 3.449776768684387207e-02 -1.186653273180127144e-03 2.596558537334203720e-03 
4.927998781204223633e-01 3.427501395344734192e-02 -2.183906035497784615e-03 2.668181201443076134e-03 
5.147167444229125977e-01 3.326248005032539368e-02 -2.714598318561911583e-03 2.672958886250853539e-03 
5.009095072746276855e-01 3.365794196724891663e-02 -2.422962337732315063e-03 2.632290357723832130e-03 
5.231871008872985840e-01 3.210623562335968018e-02 -2.645509317517280579e-03 2.541053341701626778e-03 
5.154946446418762207e-01 3.200945630669593811e-02 -2.443185774609446526e-03 2.466413658112287521e-03 
5.355383753776550293e-01 3.090882860124111176e-02 -2.796060871332883835e-03 2.412162953987717628e-03 
4.882455468177795410e-01 3.377472981810569763e-02 -2.069812733680009842e-03 2.614067634567618370e-03 
5.089161396026611328e-01 3.318000584840774536e-02 -2.565104281529784203e-03 2.596820937469601631e-03 
4.688856303691864014e-01 3.485906124114990234e-02 -1.744865090586245060e-03 2.677693497389554977e-03 
4.904410243034362793e-01 3.431325033307075500e-02 -2.148374216631054878e-03 2.695333911105990410e-03 
4.701520800590515137e-01 3.603804484009742737e-02 -1.853739726357161999e-03 2.833386883139610291e-03 
4.926714003086090088e-01 3.463288396596908569e-02 -2.324642380699515343e-03 2.808036515489220619e-03 
5.331000089645385742e-01 3.241051360964775085e-02 -3.033101791515946388e-03 2.652144525200128555e-03 
5.546336174011230469e-01 3.151286020874977112e-02 -3.515281714498996735e-03 2.711889566853642464e-03 
5.016811490058898926e-01 3.106323070824146271e-02 -2.124122343957424164e-03 2.292250748723745346e-03 
5.236945152282714844e-01 3.023627959191799164e-02 -2.591546857729554176e-03 2.310282085090875626e-03 
5.066267848014831543e-01 3.357620909810066223e-02 -2.515715314075350761e-03 2.661925274878740311e-03 
5.281251668930053711e-01 3.252919018268585205e-02 -3.035172121599316597e-03 2.670437563210725784e-03 
4.993774294853210449e-01 3.362735360860824585e-02 -2.451526233926415443e-03 2.639674581587314606e-03 
5.221207141876220703e-01 3.229416161775588989e-02 -2.772013656795024872e-03 2.587138442322611809e-03 
5.260409712791442871e-01 3.169853985309600830e-02 -2.875417703762650490e-03 2.517785876989364624e-03 
5.459172725677490234e-01 3.055710718035697937e-02 -3.068830585107207298e-03 2.457738853991031647e-03 
4.658747315406799316e-01 3.590419515967369080e-02 -1.852203626185655594e-03 2.814105246216058731e-03 
4.896652996540069580e-01 3.447540104389190674e-02 -2.328666625544428825e-03 2.733069472014904022e-03 
5.224379897117614746e-01 3.365987166762351990e-02 -2.901695668697357178e-03 2.755929017439484596e-03 
5.444226264953613281e-01 3.230855241417884827e-02 -3.282206365838646889e-03 2.722503151744604111e-03 
5.049989223480224609e-01 3.248911350965499878e-02 -2.350324299186468124e-03 2.488014753907918930e-03 
5.265142321586608887e-01 3.165246918797492981e-02 -2.804830670356750488e-03 2.517916029319167137e-03 
5.305322408676147461e-01 3.093724697828292847e-02 -2.819948131218552589e-03 2.400015480816364288e-03 
5.495896935462951660e-01 2.961391396820545197e-02 -3.092435188591480255e-03 2.377303782850503922e-03 
4.897375404834747314e-01 3.510500863194465637e-02 -2.361988881602883339e-03 2.801928203552961349e-03 
5.116626024246215820e-01 3.369852155447006226e-02 -2.649112138897180557e-03 2.714134752750396729e-03 
4.936334490776062012e-01 3.217962384223937988e-02 -2.178208203986287117e-03 2.420681528747081757e-03 
5.153167843818664551e-01 3.079225122928619385e-02 -2.500791102647781372e-03 2.350161084905266762e-03 
5.050925016403198242e-01 3.305729106068611145e-02 -2.474610460922122002e-03 2.578880870714783669e-03 
5.264418125152587891e-01 3.149181231856346130e-02 -2.741120522841811180e-03 2.472747815772891045e-03 
5.342091321945190430e-01 3.205401450395584106e-02 -2.955123083665966988e-03 2.587389200925827026e-03 
5.564671754837036133e-01 3.061704523861408234e-02 -3.360749455168843269e-03 2.566131064668297768e-03 
5.273523330688476562e-01 3.283713757991790771e-02 -2.907451707869768143e-03 2.646741922944784164e-03 
5.483695864677429199e-01 3.158628940582275391e-02 -3.260690253227949142e-03 2.655118936672806740e-03 
5.020042657852172852e-01 3.345756605267524719e-02 -2.366175409406423569e-03 2.586255548521876335e-03 
5.229535698890686035e-01 3.197123110294342041e-02 -2.812681021168828011e-03 2.584460657089948654e-03 
4.778805971145629883e-01 3.627724200487136841e-02 -2.113239141181111336e-03 2.896619960665702820e-03 
4.989112019538879395e-01 3.409514576196670532e-02 -2.384652616456151009e-03 2.742177806794643402e-03 
5.019847750663757324e-01 3.181878849864006042e-02 -2.314213197678327560e-03 2.411746885627508163e-03 
5.241086483001708984e-01 3.072158433496952057e-02 -2.726256148889660835e-03 2.406588755548000336e-03 
5.085072517395019531e-01 3.408835083246231079e-02 -2.674020128324627876e-03 2.723462879657745361e-03 
5.304645895957946777e-01 3.233581408858299255e-02 -2.876238431781530380e-03 2.629254478961229324e-03 
4.711880981922149658e-01 3.494923561811447144e-02 -1.914924941956996918e-03 2.701862715184688568e-03 
4.939827322959899902e-01 3.361643105745315552e-02 -2.364142099395394325e-03 2.659396966919302940e-03 
4.763587415218353271e-01 3.826961666345596313e-02 -2.313561970368027687e-03 3.186114598065614700e-03 
4.986354410648345947e-01 3.756399080157279968e-02 -2.972374204546213150e-03 3.240504767745733261e-03 
4.707834422588348389e-01 3.661518916487693787e-02 -2.050197916105389595e-03 2.897894941270351410e-03 
4.922549128532409668e-01 3.523232787847518921e-02 -2.528678625822067261e-03 2.856837119907140732e-03 
4.953430891036987305e-01 3.534487262368202209e-02 -2.601146232336759567e-03 2.862347988411784172e-03 
5.181557536125183105e-01 3.383745625615119934e-02 -2.954431343823671341e-03 2.832094673067331314e-03 
4.294429719448089600e-01 3.776511177420616150e-02 -9.412535582669079304e-04 2.936484292149543762e-03 
4.511012434959411621e-01 3.618125617504119873e-02 -1.399151748046278954e-03 2.820580499246716499e-03 
4.289967715740203857e-01 3.648111596703529358e-02 -8.910254109650850296e-04 2.760692033916711807e-03 
4.500590562820434570e-01 3.475810214877128601e-02 -1.363630406558513641e-03 2.646357519552111626e-03 
4.863896071910858154e-01 3.577035292983055115e-02 -2.356221200898289680e-03 2.881238469853997231e-03 
5.090262293815612793e-01 3.435950353741645813e-02 -2.987781073898077011e-03 2.852169563993811607e-03 
4.506835639476776123e-01 3.579685091972351074e-02 -1.364297466352581978e-03 2.749023959040641785e-03 
4.728344976902008057e-01 3.511236235499382019e-02 -2.045587869361042976e-03 2.797238994389772415e-03 
5.131365656852722168e-01 3.437487781047821045e-02 -2.886484609916806221e-03 2.807698445394635201e-03 
5.351347923278808594e-01 3.284626826643943787e-02 -3.280121833086013794e-03 2.751113846898078918e-03 
4.558594524860382080e-01 3.534685447812080383e-02 -1.578188268467783928e-03 2.677040407434105873e-03 
4.769090712070465088e-01 3.330202400684356689e-02 -1.844144775532186031e-03 2.510016551241278648e-03 
4.787494838237762451e-01 3.767846152186393738e-02 -2.267898758873343468e-03 3.078842069953680038e-03 
5.023142099380493164e-01 3.567124530673027039e-02 -2.846120623871684074e-03 2.981856465339660645e-03 
5.409876704216003418e-01 3.163949772715568542e-02 -3.217379096895456314e-03 2.614089986309409142e-03 
5.628381967544555664e-01 3.066104464232921600e-02 -3.701410023495554924e-03 2.643743995577096939e-03 
4.691120386123657227e-01 3.846939653158187866e-02 -2.053892938420176506e-03 3.152300370857119560e-03 
4.919635057449340820e-01 3.667343780398368835e-02 -2.598698949441313744e-03 3.050355240702629089e-03 
4.891518652439117432e-01 3.672021627426147461e-02 -2.519970759749412537e-03 3.013193374499678612e-03 
5.125463008880615234e-01 3.464457392692565918e-02 -3.009351901710033417e-03 2.896873280405998230e-03 
4.981911778450012207e-01 3.414324298501014709e-02 -2.537900581955909729e-03 2.729750471189618111e-03 
5.205904841423034668e-01 3.267806768417358398e-02 -2.964625135064125061e-03 2.671449212357401848e-03 
4.612696468830108643e-01 3.563565388321876526e-02 -1.716990023851394653e-03 2.764415228739380836e-03 
4.827201664447784424e-01 3.402698412537574768e-02 -2.217822009697556496e-03 2.674766816198825836e-03 
5.288086533546447754e-01 3.611263260245323181e-02 -3.452334553003311157e-03 3.166167531162500381e-03 
5.532128810882568359e-01 3.431072086095809937e-02 -3.941868897527456284e-03 3.141812048852443695e-03 
4.775793850421905518e-01 3.597952798008918762e-02 -2.172339707612991333e-03 2.898165956139564514e-03 
4.995341897010803223e-01 3.396599739789962769e-02 -2.413770183920860291e-03 2.710673492401838303e-03 
5.001886487007141113e-01 3.694055229425430298e-02 -2.893007826060056686e-03 3.111761063337326050e-03 
5.218865871429443359e-01 3.419924899935722351e-02 -3.139505628496408463e-03 2.876500599086284637e-03 
4.812578558921813965e-01 3.658247739076614380e-02 -2.362950937822461128e-03 3.012638771906495094e-03 
5.038496255874633789e-01 3.532831370830535889e-02 -2.940132981166243553e-03 2.977947704493999481e-03 
4.853298366069793701e-01 3.786569833755493164e-02 -2.471735700964927673e-03 3.158130217343568802e-03 
5.074761509895324707e-01 3.573212027549743652e-02 -2.848285483196377754e-03 3.005554899573326111e-03 
4.882677197456359863e-01 3.628265485167503357e-02 -2.386219566687941551e-03 2.990644425153732300e-03 
5.120204091072082520e-01 3.473206609487533569e-02 -2.930271672084927559e-03 2.904796507209539413e-03 
