7.670977115631103516e-01 7.632993459701538086e-01 0.000000000000000000e+00 5.000000000000000000e-01 5.000000000000000000e-01 0.000000000000000000e+00 5.000000000000000000e-01 0.000000000000000000e+00 0.000000000000000000e+00 0.000000000000000000e+00 
6.840275526046752930e-01 6.916935443878173828e-01 0.000000000000000000e+00 5.000000000000000000e-01 5.016025641025640969e-01 0.000000000000000000e+00 5.008025682182986049e-01 0.000000000000000000e+00 1.000000000000000000e+00 0.000000000000000000e+00 
6.588022708892822266e-01 6.758714318275451660e-01 0.000000000000000000e+00 8.437500000000000000e-01 7.227564102564102422e-01 0.000000000000000000e+00 6.716049382716049454e-01 0.000000000000000000e+00 8.173515981735159919e-01 0.000000000000000000e+00 
5.931216478347778320e-01 6.402061581611633301e-01 0.000000000000000000e+00 1.000000000000000000e+00 8.237179487179486781e-01 0.000000000000000000e+00 7.759562841530054378e-01 0.000000000000000000e+00 8.914728682170542928e-01 0.000000000000000000e+00 
4.721000790596008301e-01 5.707470774650573730e-01 0.000000000000000000e+00 1.000000000000000000e+00 8.894230769230768718e-01 0.000000000000000000e+00 8.670694864048338335e-01 0.000000000000000000e+00 9.146757679180886891e-01 0.000000000000000000e+00 
3.148805201053619385e-01 4.770641326904296875e-01 0.000000000000000000e+00 1.000000000000000000e+00 9.134615384615384359e-01 0.000000000000000000e+00 8.981481481481481399e-01 0.000000000000000000e+00 9.300000000000000488e-01 0.000000000000000000e+00 
1.906979382038116455e-01 3.889926970005035400e-01 0.000000000000000000e+00 1.000000000000000000e+00 9.182692307692307265e-01 0.000000000000000000e+00 9.065420560747663448e-01 0.000000000000000000e+00 9.306930693069307425e-01 0.000000000000000000e+00 
1.179533302783966064e-01 3.276095390319824219e-01 0.000000000000000000e+00 1.000000000000000000e+00 9.118589743589743390e-01 0.000000000000000000e+00 9.079365079365079305e-01 0.000000000000000000e+00 9.158576051779935279e-01 0.000000000000000000e+00 
8.006681501865386963e-02 2.902573347091674805e-01 0.000000000000000000e+00 1.000000000000000000e+00 9.022435897435897578e-01 0.000000000000000000e+00 8.934169278996865193e-01 0.000000000000000000e+00 9.114754098360655643e-01 0.000000000000000000e+00 
5.896849185228347778e-02 2.706549167633056641e-01 0.000000000000000000e+00 1.000000000000000000e+00 9.086538461538461453e-01 0.000000000000000000e+00 8.875379939209726565e-01 0.000000000000000000e+00 9.322033898305084332e-01 0.000000000000000000e+00 
4.599249362945556641e-02 2.617383301258087158e-01 0.000000000000000000e+00 1.000000000000000000e+00 8.990384615384615641e-01 0.000000000000000000e+00 8.716417910447761264e-01 0.000000000000000000e+00 9.307958477508651018e-01 0.000000000000000000e+00 
3.786610811948776245e-02 2.554367482662200928e-01 0.000000000000000000e+00 1.000000000000000000e+00 9.054487179487179516e-01 0.000000000000000000e+00 8.753709198813056647e-01 0.000000000000000000e+00 9.407665505226481262e-01 0.000000000000000000e+00 
3.205076605081558228e-02 2.577711641788482666e-01 0.000000000000000000e+00 1.000000000000000000e+00 9.022435897435897578e-01 0.000000000000000000e+00 8.680351906158357833e-01 0.000000000000000000e+00 9.434628975265018092e-01 0.000000000000000000e+00 
2.731284871697425842e-02 2.661704421043395996e-01 0.000000000000000000e+00 1.000000000000000000e+00 8.958333333333333703e-01 0.000000000000000000e+00 8.498583569405099292e-01 0.000000000000000000e+00 9.557195571955720004e-01 0.000000000000000000e+00 
2.443872578442096710e-02 2.723778486251831055e-01 0.000000000000000000e+00 1.000000000000000000e+00 8.894230769230768718e-01 0.000000000000000000e+00 8.384401114206128103e-01 0.000000000000000000e+00 9.584905660377358583e-01 0.000000000000000000e+00 
2.225170284509658813e-02 2.814301848411560059e-01 0.000000000000000000e+00 1.000000000000000000e+00 8.942307692307692735e-01 0.000000000000000000e+00 8.416666666666666741e-01 0.000000000000000000e+00 9.659090909090909394e-01 0.000000000000000000e+00 
1.971812173724174500e-02 2.787270247936248779e-01 0.000000000000000000e+00 1.000000000000000000e+00 8.926282051282051766e-01 0.000000000000000000e+00 8.412256267409470301e-01 0.000000000000000000e+00 9.622641509433962348e-01 0.000000000000000000e+00 
1.865220442414283752e-02 2.935161888599395752e-01 0.000000000000000000e+00 1.000000000000000000e+00 8.878205128205127750e-01 0.000000000000000000e+00 8.235294117647058432e-01 0.000000000000000000e+00 9.839999999999999858e-01 0.000000000000000000e+00 
1.704125478863716125e-02 2.710499465465545654e-01 0.000000000000000000e+00 1.000000000000000000e+00 8.990384615384615641e-01 0.000000000000000000e+00 8.507042253521126529e-01 0.000000000000000000e+00 9.628252788104089133e-01 0.000000000000000000e+00 
1.565560139715671539e-02 2.973156571388244629e-01 0.000000000000000000e+00 1.000000000000000000e+00 8.910256410256410797e-01 0.000000000000000000e+00 8.279569892473118697e-01 0.000000000000000000e+00 9.841269841269840724e-01 0.000000000000000000e+00 
1.462889090180397034e-02 3.122871816158294678e-01 0.000000000000000000e+00 1.000000000000000000e+00 8.846153846153845812e-01 0.000000000000000000e+00 8.174603174603174427e-01 0.000000000000000000e+00 9.878048780487804770e-01 0.000000000000000000e+00 
1.407737471163272858e-02 2.776411473751068115e-01 0.000000000000000000e+00 1.000000000000000000e+00 9.086538461538461453e-01 0.000000000000000000e+00 8.531855955678669945e-01 0.000000000000000000e+00 9.847908745247148099e-01 0.000000000000000000e+00 
1.304454822093248367e-02 2.969505488872528076e-01 0.000000000000000000e+00 1.000000000000000000e+00 8.910256410256410797e-01 0.000000000000000000e+00 8.279569892473118697e-01 0.000000000000000000e+00 9.841269841269840724e-01 0.000000000000000000e+00 
1.271796226501464844e-02 3.088962435722351074e-01 0.000000000000000000e+00 1.000000000000000000e+00 8.878205128205127750e-01 0.000000000000000000e+00 8.235294117647058432e-01 0.000000000000000000e+00 9.839999999999999858e-01 0.000000000000000000e+00 
1.197282597422599792e-02 3.166570961475372314e-01 0.000000000000000000e+00 1.000000000000000000e+00 8.862179487179486781e-01 0.000000000000000000e+00 8.196286472148540669e-01 0.000000000000000000e+00 9.878542510121457454e-01 0.000000000000000000e+00 
1.170389540493488312e-02 3.064487278461456299e-01 0.000000000000000000e+00 1.000000000000000000e+00 8.894230769230768718e-01 0.000000000000000000e+00 8.239999999999999547e-01 0.000000000000000000e+00 9.879518072289156239e-01 0.000000000000000000e+00 
1.091971527785062790e-02 3.122770786285400391e-01 0.000000000000000000e+00 1.000000000000000000e+00 8.894230769230768718e-01 0.000000000000000000e+00 8.239999999999999547e-01 0.000000000000000000e+00 9.879518072289156239e-01 0.000000000000000000e+00 
1.061891112476587296e-02 3.118314743041992188e-01 0.000000000000000000e+00 1.000000000000000000e+00 8.894230769230768718e-01 0.000000000000000000e+00 8.239999999999999547e-01 0.000000000000000000e+00 9.879518072289156239e-01 0.000000000000000000e+00 
1.027536951005458832e-02 3.094873726367950439e-01 0.000000000000000000e+00 1.000000000000000000e+00 8.926282051282051766e-01 0.000000000000000000e+00 8.284182305630026777e-01 0.000000000000000000e+00 9.880478087649402497e-01 0.000000000000000000e+00 
9.768422693014144897e-03 3.132621645927429199e-01 0.000000000000000000e+00 1.000000000000000000e+00 8.926282051282051766e-01 0.000000000000000000e+00 8.284182305630026777e-01 0.000000000000000000e+00 9.880478087649402497e-01 0.000000000000000000e+00 
9.595213457942008972e-03 3.146094977855682373e-01 0.000000000000000000e+00 1.000000000000000000e+00 8.910256410256410797e-01 0.000000000000000000e+00 8.262032085561497041e-01 0.000000000000000000e+00 9.879999999999999893e-01 0.000000000000000000e+00 
9.191795252263545990e-03 3.003777861595153809e-01 0.000000000000000000e+00 1.000000000000000000e+00 8.990384615384615641e-01 0.000000000000000000e+00 8.392370572207084045e-01 0.000000000000000000e+00 9.844357976653697051e-01 0.000000000000000000e+00 
9.034888818860054016e-03 3.098954558372497559e-01 0.000000000000000000e+00 1.000000000000000000e+00 8.926282051282051766e-01 0.000000000000000000e+00 8.301886792452830566e-01 0.000000000000000000e+00 9.841897233201580830e-01 0.000000000000000000e+00 
8.634567260742187500e-03 3.152674436569213867e-01 0.000000000000000000e+00 1.000000000000000000e+00 8.894230769230768718e-01 0.000000000000000000e+00 8.239999999999999547e-01 0.000000000000000000e+00 9.879518072289156239e-01 0.000000000000000000e+00 
8.319782093167304993e-03 2.958167791366577148e-01 0.000000000000000000e+00 1.000000000000000000e+00 9.054487179487179516e-01 0.000000000000000000e+00 8.484848484848485084e-01 0.000000000000000000e+00 9.846743295019156905e-01 0.000000000000000000e+00 
8.065763860940933228e-03 3.081683516502380371e-01 0.000000000000000000e+00 1.000000000000000000e+00 8.942307692307692735e-01 0.000000000000000000e+00 8.324324324324324786e-01 0.000000000000000000e+00 9.842519685039370358e-01 0.000000000000000000e+00 
8.044784888625144958e-03 3.124217391014099121e-01 0.000000000000000000e+00 1.000000000000000000e+00 8.974358974358974672e-01 0.000000000000000000e+00 8.369565217391304879e-01 0.000000000000000000e+00 9.843750000000000000e-01 0.000000000000000000e+00 
7.529273629188537598e-03 3.155528008937835693e-01 0.000000000000000000e+00 1.000000000000000000e+00 8.974358974358974672e-01 0.000000000000000000e+00 8.351351351351351537e-01 0.000000000000000000e+00 9.881889763779527769e-01 0.000000000000000000e+00 
7.279125042259693146e-03 3.163616955280303955e-01 0.000000000000000000e+00 1.000000000000000000e+00 8.974358974358974672e-01 0.000000000000000000e+00 8.351351351351351537e-01 0.000000000000000000e+00 9.881889763779527769e-01 0.000000000000000000e+00 
7.191951386630535126e-03 3.183122575283050537e-01 0.000000000000000000e+00 1.000000000000000000e+00 8.958333333333333703e-01 0.000000000000000000e+00 8.328840970350404049e-01 0.000000000000000000e+00 9.881422924901185345e-01 0.000000000000000000e+00 
6.819032132625579834e-03 3.242917358875274658e-01 0.000000000000000000e+00 1.000000000000000000e+00 8.926282051282051766e-01 0.000000000000000000e+00 8.284182305630026777e-01 0.000000000000000000e+00 9.880478087649402497e-01 0.000000000000000000e+00 
6.876816507428884506e-03 3.291592895984649658e-01 0.000000000000000000e+00 1.000000000000000000e+00 8.910256410256410797e-01 0.000000000000000000e+00 8.244680851063830307e-01 0.000000000000000000e+00 9.919354838709677491e-01 0.000000000000000000e+00 
6.535230204463005066e-03 3.293888568878173828e-01 0.000000000000000000e+00 1.000000000000000000e+00 8.910256410256410797e-01 0.000000000000000000e+00 8.244680851063830307e-01 0.000000000000000000e+00 9.919354838709677491e-01 0.000000000000000000e+00 
6.416042800992727280e-03 3.325228989124298096e-01 0.000000000000000000e+00 1.000000000000000000e+00 8.910256410256410797e-01 0.000000000000000000e+00 8.244680851063830307e-01 0.000000000000000000e+00 9.919354838709677491e-01 0.000000000000000000e+00 
6.206453312188386917e-03 2.865027785301208496e-01 0.000000000000000000e+00 1.000000000000000000e+00 9.118589743589743390e-01 0.000000000000000000e+00 8.599439775910364681e-01 0.000000000000000000e+00 9.812734082397003288e-01 0.000000000000000000e+00 
5.972765386104583740e-03 2.963011860847473145e-01 0.000000000000000000e+00 1.000000000000000000e+00 9.070512820512820484e-01 0.000000000000000000e+00 8.527777777777777457e-01 0.000000000000000000e+00 9.810606060606060774e-01 0.000000000000000000e+00 
5.744124762713909149e-03 3.033633530139923096e-01 0.000000000000000000e+00 1.000000000000000000e+00 9.054487179487179516e-01 0.000000000000000000e+00 8.484848484848485084e-01 0.000000000000000000e+00 9.846743295019156905e-01 0.000000000000000000e+00 
5.611264146864414215e-03 3.134079873561859131e-01 0.000000000000000000e+00 1.000000000000000000e+00 8.958333333333333703e-01 0.000000000000000000e+00 8.346883468834688236e-01 0.000000000000000000e+00 9.843137254901960231e-01 0.000000000000000000e+00 
5.562343634665012360e-03 3.151470124721527100e-01 0.000000000000000000e+00 1.000000000000000000e+00 8.958333333333333703e-01 0.000000000000000000e+00 8.346883468834688236e-01 0.000000000000000000e+00 9.843137254901960231e-01 0.000000000000000000e+00 
5.322097335010766983e-03 3.204037845134735107e-01 0.000000000000000000e+00 1.000000000000000000e+00 8.958333333333333703e-01 0.000000000000000000e+00 8.346883468834688236e-01 0.000000000000000000e+00 9.843137254901960231e-01 0.000000000000000000e+00 
5.179154686629772186e-03 3.186744451522827148e-01 0.000000000000000000e+00 1.000000000000000000e+00 8.958333333333333703e-01 0.000000000000000000e+00 8.346883468834688236e-01 0.000000000000000000e+00 9.843137254901960231e-01 0.000000000000000000e+00 
5.030578002333641052e-03 3.215052187442779541e-01 0.000000000000000000e+00 1.000000000000000000e+00 8.958333333333333703e-01 0.000000000000000000e+00 8.346883468834688236e-01 0.000000000000000000e+00 9.843137254901960231e-01 0.000000000000000000e+00 
5.009274929761886597e-03 3.287702798843383789e-01 0.000000000000000000e+00 1.000000000000000000e+00 8.958333333333333703e-01 0.000000000000000000e+00 8.310991957104557626e-01 0.000000000000000000e+00 9.920318725099601664e-01 0.000000000000000000e+00 
4.798450507223606110e-03 3.336400389671325684e-01 0.000000000000000000e+00 1.000000000000000000e+00 8.926282051282051766e-01 0.000000000000000000e+00 8.266666666666666607e-01 0.000000000000000000e+00 9.919678714859437862e-01 0.000000000000000000e+00 
4.637924488633871078e-03 3.302083313465118408e-01 0.000000000000000000e+00 1.000000000000000000e+00 8.958333333333333703e-01 0.000000000000000000e+00 8.310991957104557626e-01 0.000000000000000000e+00 9.920318725099601664e-01 0.000000000000000000e+00 
4.618940874934196472e-03 3.307191431522369385e-01 0.000000000000000000e+00 1.000000000000000000e+00 8.942307692307692735e-01 0.000000000000000000e+00 8.288770053475935651e-01 0.000000000000000000e+00 9.919999999999999929e-01 0.000000000000000000e+00 
4.391910508275032043e-03 3.322523832321166992e-01 0.000000000000000000e+00 1.000000000000000000e+00 8.942307692307692735e-01 0.000000000000000000e+00 8.288770053475935651e-01 0.000000000000000000e+00 9.919999999999999929e-01 0.000000000000000000e+00 
4.354899749159812927e-03 3.335529863834381104e-01 0.000000000000000000e+00 1.000000000000000000e+00 8.926282051282051766e-01 0.000000000000000000e+00 8.266666666666666607e-01 0.000000000000000000e+00 9.919678714859437862e-01 0.000000000000000000e+00 
4.168186802417039871e-03 3.387011587619781494e-01 0.000000000000000000e+00 1.000000000000000000e+00 8.926282051282051766e-01 0.000000000000000000e+00 8.266666666666666607e-01 0.000000000000000000e+00 9.919678714859437862e-01 0.000000000000000000e+00 
4.070273600518703461e-03 3.380371630191802979e-01 0.000000000000000000e+00 1.000000000000000000e+00 8.926282051282051766e-01 0.000000000000000000e+00 8.266666666666666607e-01 0.000000000000000000e+00 9.919678714859437862e-01 0.000000000000000000e+00 
3.990541212260723114e-03 3.363307714462280273e-01 0.000000000000000000e+00 1.000000000000000000e+00 8.926282051282051766e-01 0.000000000000000000e+00 8.266666666666666607e-01 0.000000000000000000e+00 9.919678714859437862e-01 0.000000000000000000e+00 
3.974842838943004608e-03 2.583003640174865723e-01 0.000000000000000000e+00 1.000000000000000000e+00 9.198717948717948234e-01 0.000000000000000000e+00 8.679775280898875955e-01 0.000000000000000000e+00 9.888059701492537545e-01 0.000000000000000000e+00 
3.850402077659964561e-03 2.855706214904785156e-01 0.000000000000000000e+00 1.000000000000000000e+00 9.134615384615384359e-01 0.000000000000000000e+00 8.583333333333332815e-01 0.000000000000000000e+00 9.886363636363636465e-01 0.000000000000000000e+00 
3.756349906325340271e-03 3.049874603748321533e-01 0.000000000000000000e+00 1.000000000000000000e+00 9.070512820512820484e-01 0.000000000000000000e+00 8.489010989010988828e-01 0.000000000000000000e+00 9.884615384615385025e-01 0.000000000000000000e+00 
3.628046251833438873e-03 3.063924908638000488e-01 0.000000000000000000e+00 1.000000000000000000e+00 9.070512820512820484e-01 0.000000000000000000e+00 8.489010989010988828e-01 0.000000000000000000e+00 9.884615384615385025e-01 0.000000000000000000e+00 
3.504189429804682732e-03 2.940560281276702881e-01 0.000000000000000000e+00 1.000000000000000000e+00 9.134615384615384359e-01 0.000000000000000000e+00 8.583333333333332815e-01 0.000000000000000000e+00 9.886363636363636465e-01 0.000000000000000000e+00 
3.440924221649765968e-03 3.104870915412902832e-01 0.000000000000000000e+00 1.000000000000000000e+00 9.086538461538461453e-01 0.000000000000000000e+00 8.512396694214876547e-01 0.000000000000000000e+00 9.885057471264367956e-01 0.000000000000000000e+00 
3.356739878654479980e-03 3.196566402912139893e-01 0.000000000000000000e+00 1.000000000000000000e+00 9.038461538461538547e-01 0.000000000000000000e+00 8.442622950819672623e-01 0.000000000000000000e+00 9.883720930232557933e-01 0.000000000000000000e+00 
3.300124779343605042e-03 3.235085904598236084e-01 0.000000000000000000e+00 1.000000000000000000e+00 9.038461538461538547e-01 0.000000000000000000e+00 8.442622950819672623e-01 0.000000000000000000e+00 9.883720930232557933e-01 0.000000000000000000e+00 
3.188611473888158798e-03 3.292883038520812988e-01 0.000000000000000000e+00 1.000000000000000000e+00 8.990384615384615641e-01 0.000000000000000000e+00 8.373983739837398410e-01 0.000000000000000000e+00 9.882352941176471006e-01 0.000000000000000000e+00 
3.143804613500833511e-03 3.316850960254669189e-01 0.000000000000000000e+00 1.000000000000000000e+00 8.990384615384615641e-01 0.000000000000000000e+00 8.373983739837398410e-01 0.000000000000000000e+00 9.882352941176471006e-01 0.000000000000000000e+00 
3.098483430221676826e-03 3.347856402397155762e-01 0.000000000000000000e+00 1.000000000000000000e+00 8.990384615384615641e-01 0.000000000000000000e+00 8.373983739837398410e-01 0.000000000000000000e+00 9.882352941176471006e-01 0.000000000000000000e+00 
2.973282942548394203e-03 3.404261171817779541e-01 0.000000000000000000e+00 1.000000000000000000e+00 8.990384615384615641e-01 0.000000000000000000e+00 8.373983739837398410e-01 0.000000000000000000e+00 9.882352941176471006e-01 0.000000000000000000e+00 
2.855087630450725555e-03 3.406852483749389648e-01 0.000000000000000000e+00 1.000000000000000000e+00 8.990384615384615641e-01 0.000000000000000000e+00 8.373983739837398410e-01 0.000000000000000000e+00 9.882352941176471006e-01 0.000000000000000000e+00 
2.832520520314574242e-03 3.449951410293579102e-01 0.000000000000000000e+00 1.000000000000000000e+00 9.006410256410256610e-01 0.000000000000000000e+00 8.378378378378378288e-01 0.000000000000000000e+00 9.921259842519685179e-01 0.000000000000000000e+00 
2.745741512626409531e-03 3.441100120544433594e-01 0.000000000000000000e+00 1.000000000000000000e+00 9.022435897435897578e-01 0.000000000000000000e+00 8.401084010840108585e-01 0.000000000000000000e+00 9.921568627450980671e-01 0.000000000000000000e+00 
2.673395909368991852e-03 3.489674925804138184e-01 0.000000000000000000e+00 1.000000000000000000e+00 8.990384615384615641e-01 0.000000000000000000e+00 8.355795148247978643e-01 0.000000000000000000e+00 9.920948616600790970e-01 0.000000000000000000e+00 
2.724790479987859726e-03 3.518618345260620117e-01 0.000000000000000000e+00 1.000000000000000000e+00 8.974358974358974672e-01 0.000000000000000000e+00 8.333333333333333703e-01 0.000000000000000000e+00 9.920634920634920917e-01 0.000000000000000000e+00 
2.550585661083459854e-03 3.553985059261322021e-01 0.000000000000000000e+00 1.000000000000000000e+00 8.926282051282051766e-01 0.000000000000000000e+00 8.266666666666666607e-01 0.000000000000000000e+00 9.919678714859437862e-01 0.000000000000000000e+00 
2.510259393602609634e-03 3.504940867424011230e-01 0.000000000000000000e+00 1.000000000000000000e+00 8.974358974358974672e-01 0.000000000000000000e+00 8.333333333333333703e-01 0.000000000000000000e+00 9.920634920634920917e-01 0.000000000000000000e+00 
2.451587468385696411e-03 3.524563610553741455e-01 0.000000000000000000e+00 1.000000000000000000e+00 8.974358974358974672e-01 0.000000000000000000e+00 8.333333333333333703e-01 0.000000000000000000e+00 9.920634920634920917e-01 0.000000000000000000e+00 
2.386517124250531197e-03 3.567107319831848145e-01 0.000000000000000000e+00 1.000000000000000000e+00 8.942307692307692735e-01 0.000000000000000000e+00 8.288770053475935651e-01 0.000000000000000000e+00 9.919999999999999929e-01 0.000000000000000000e+00 
2.345116809010505676e-03 3.530943989753723145e-01 0.000000000000000000e+00 1.000000000000000000e+00 8.942307692307692735e-01 0.000000000000000000e+00 8.288770053475935651e-01 0.000000000000000000e+00 9.919999999999999929e-01 0.000000000000000000e+00 
2.239804249256849289e-03 3.641221523284912109e-01 0.000000000000000000e+00 1.000000000000000000e+00 8.926282051282051766e-01 0.000000000000000000e+00 8.266666666666666607e-01 0.000000000000000000e+00 9.919678714859437862e-01 0.000000000000000000e+00 
2.232654485851526260e-03 3.648797273635864258e-01 0.000000000000000000e+00 1.000000000000000000e+00 8.926282051282051766e-01 0.000000000000000000e+00 8.266666666666666607e-01 0.000000000000000000e+00 9.919678714859437862e-01 0.000000000000000000e+00 
2.174930181354284286e-03 3.603637516498565674e-01 0.000000000000000000e+00 1.000000000000000000e+00 8.942307692307692735e-01 0.000000000000000000e+00 8.288770053475935651e-01 0.000000000000000000e+00 9.919999999999999929e-01 0.000000000000000000e+00 
2.114944392815232277e-03 3.641595542430877686e-01 0.000000000000000000e+00 1.000000000000000000e+00 8.926282051282051766e-01 0.000000000000000000e+00 8.266666666666666607e-01 0.000000000000000000e+00 9.919678714859437862e-01 0.000000000000000000e+00 
2.071351977065205574e-03 3.588213324546813965e-01 0.000000000000000000e+00 1.000000000000000000e+00 8.974358974358974672e-01 0.000000000000000000e+00 8.333333333333333703e-01 0.000000000000000000e+00 9.920634920634920917e-01 0.000000000000000000e+00 
2.022705273702740669e-03 3.648548424243927002e-01 0.000000000000000000e+00 1.000000000000000000e+00 8.958333333333333703e-01 0.000000000000000000e+00 8.310991957104557626e-01 0.000000000000000000e+00 9.920318725099601664e-01 0.000000000000000000e+00 
1.974056474864482880e-03 3.667385876178741455e-01 0.000000000000000000e+00 1.000000000000000000e+00 8.958333333333333703e-01 0.000000000000000000e+00 8.310991957104557626e-01 0.000000000000000000e+00 9.920318725099601664e-01 0.000000000000000000e+00 
1.933622639626264572e-03 3.581583797931671143e-01 0.000000000000000000e+00 1.000000000000000000e+00 9.006410256410256610e-01 0.000000000000000000e+00 8.378378378378378288e-01 0.000000000000000000e+00 9.921259842519685179e-01 0.000000000000000000e+00 
1.923338277265429497e-03 3.666754961013793945e-01 0.000000000000000000e+00 1.000000000000000000e+00 8.958333333333333703e-01 0.000000000000000000e+00 8.310991957104557626e-01 0.000000000000000000e+00 9.920318725099601664e-01 0.000000000000000000e+00 
1.845400314778089523e-03 3.690815567970275879e-01 0.000000000000000000e+00 1.000000000000000000e+00 8.942307692307692735e-01 0.000000000000000000e+00 8.288770053475935651e-01 0.000000000000000000e+00 9.919999999999999929e-01 0.000000000000000000e+00 
1.796325086615979671e-03 3.789838254451751709e-01 0.000000000000000000e+00 1.000000000000000000e+00 8.926282051282051766e-01 0.000000000000000000e+00 8.266666666666666607e-01 0.000000000000000000e+00 9.919678714859437862e-01 0.000000000000000000e+00 
1.765585737302899361e-03 3.749534785747528076e-01 0.000000000000000000e+00 1.000000000000000000e+00 8.926282051282051766e-01 0.000000000000000000e+00 8.266666666666666607e-01 0.000000000000000000e+00 9.919678714859437862e-01 0.000000000000000000e+00 
1.723530702292919159e-03 3.754236102104187012e-01 0.000000000000000000e+00 1.000000000000000000e+00 8.942307692307692735e-01 0.000000000000000000e+00 8.288770053475935651e-01 0.000000000000000000e+00 9.919999999999999929e-01 0.000000000000000000e+00 
1.683969050645828247e-03 3.798165023326873779e-01 0.000000000000000000e+00 1.000000000000000000e+00 8.926282051282051766e-01 0.000000000000000000e+00 8.266666666666666607e-01 0.000000000000000000e+00 9.919678714859437862e-01 0.000000000000000000e+00 
1.654327381402254105e-03 3.658114671707153320e-01 0.000000000000000000e+00 1.000000000000000000e+00 8.974358974358974672e-01 0.000000000000000000e+00 8.333333333333333703e-01 0.000000000000000000e+00 9.920634920634920917e-01 0.000000000000000000e+00 
1.636772649362683296e-03 3.459236621856689453e-01 0.000000000000000000e+00 1.000000000000000000e+00 9.086538461538461453e-01 0.000000000000000000e+00 8.493150684931506378e-01 0.000000000000000000e+00 9.922779922779922934e-01 0.000000000000000000e+00 
1.602068310603499413e-03 3.554511666297912598e-01 0.000000000000000000e+00 1.000000000000000000e+00 9.054487179487179516e-01 0.000000000000000000e+00 8.446866485013624359e-01 0.000000000000000000e+00 9.922178988326848526e-01 0.000000000000000000e+00 
1.548447413370013237e-03 3.620716333389282227e-01 0.000000000000000000e+00 1.000000000000000000e+00 8.990384615384615641e-01 0.000000000000000000e+00 8.355795148247978643e-01 0.000000000000000000e+00 9.920948616600790970e-01 0.000000000000000000e+00 
1.495359116233885288e-03 3.715142905712127686e-01 0.000000000000000000e+00 1.000000000000000000e+00 8.958333333333333703e-01 0.000000000000000000e+00 8.310991957104557626e-01 0.000000000000000000e+00 9.920318725099601664e-01 0.000000000000000000e+00 
1.465892652049660683e-03 3.772323727607727051e-01 0.000000000000000000e+00 1.000000000000000000e+00 8.974358974358974672e-01 0.000000000000000000e+00 8.315508021390374260e-01 0.000000000000000000e+00 9.959999999999999964e-01 0.000000000000000000e+00 
1.443648710846900940e-03 3.753826022148132324e-01 0.000000000000000000e+00 1.000000000000000000e+00 8.990384615384615641e-01 0.000000000000000000e+00 8.337801608579088475e-01 0.000000000000000000e+00 9.960159362549800832e-01 0.000000000000000000e+00 
1.409791526384651661e-03 3.814455866813659668e-01 0.000000000000000000e+00 1.000000000000000000e+00 8.974358974358974672e-01 0.000000000000000000e+00 8.315508021390374260e-01 0.000000000000000000e+00 9.959999999999999964e-01 0.000000000000000000e+00 
1.380503643304109573e-03 3.801739215850830078e-01 0.000000000000000000e+00 1.000000000000000000e+00 8.990384615384615641e-01 0.000000000000000000e+00 8.337801608579088475e-01 0.000000000000000000e+00 9.960159362549800832e-01 0.000000000000000000e+00 
1.366933807730674744e-03 3.912653326988220215e-01 0.000000000000000000e+00 1.000000000000000000e+00 8.942307692307692735e-01 0.000000000000000000e+00 8.271276595744680993e-01 0.000000000000000000e+00 9.959677419354838745e-01 0.000000000000000000e+00 
1.327394973486661911e-03 3.833463191986083984e-01 0.000000000000000000e+00 1.000000000000000000e+00 8.974358974358974672e-01 0.000000000000000000e+00 8.315508021390374260e-01 0.000000000000000000e+00 9.959999999999999964e-01 0.000000000000000000e+00 
1.296827336773276329e-03 3.839656114578247070e-01 0.000000000000000000e+00 1.000000000000000000e+00 8.958333333333333703e-01 0.000000000000000000e+00 8.293333333333333668e-01 0.000000000000000000e+00 9.959839357429718376e-01 0.000000000000000000e+00 
1.282036071643233299e-03 3.843287229537963867e-01 0.000000000000000000e+00 1.000000000000000000e+00 8.974358974358974672e-01 0.000000000000000000e+00 8.315508021390374260e-01 0.000000000000000000e+00 9.959999999999999964e-01 0.000000000000000000e+00 
1.243452308699488640e-03 3.889933824539184570e-01 0.000000000000000000e+00 1.000000000000000000e+00 8.958333333333333703e-01 0.000000000000000000e+00 8.293333333333333668e-01 0.000000000000000000e+00 9.959839357429718376e-01 0.000000000000000000e+00 
1.223234226927161217e-03 3.924832940101623535e-01 0.000000000000000000e+00 1.000000000000000000e+00 8.942307692307692735e-01 0.000000000000000000e+00 8.271276595744680993e-01 0.000000000000000000e+00 9.959677419354838745e-01 0.000000000000000000e+00 
1.195939374156296253e-03 3.940702080726623535e-01 0.000000000000000000e+00 1.000000000000000000e+00 8.942307692307692735e-01 0.000000000000000000e+00 8.271276595744680993e-01 0.000000000000000000e+00 9.959677419354838745e-01 0.000000000000000000e+00 
1.156164333224296570e-03 3.959224820137023926e-01 0.000000000000000000e+00 1.000000000000000000e+00 8.942307692307692735e-01 0.000000000000000000e+00 8.271276595744680993e-01 0.000000000000000000e+00 9.959677419354838745e-01 0.000000000000000000e+00 
1.144974026829004288e-03 4.022112786769866943e-01 0.000000000000000000e+00 1.000000000000000000e+00 8.942307692307692735e-01 0.000000000000000000e+00 8.271276595744680993e-01 0.000000000000000000e+00 9.959677419354838745e-01 0.000000000000000000e+00 
1.124843256548047066e-03 4.046499431133270264e-01 0.000000000000000000e+00 1.000000000000000000e+00 8.942307692307692735e-01 0.000000000000000000e+00 8.271276595744680993e-01 0.000000000000000000e+00 9.959677419354838745e-01 0.000000000000000000e+00 
1.084463903680443764e-03 3.985349237918853760e-01 0.000000000000000000e+00 1.000000000000000000e+00 8.942307692307692735e-01 0.000000000000000000e+00 8.271276595744680993e-01 0.000000000000000000e+00 9.959677419354838745e-01 0.000000000000000000e+00 
1.069082412868738174e-03 4.128105938434600830e-01 0.000000000000000000e+00 1.000000000000000000e+00 8.910256410256410797e-01 0.000000000000000000e+00 8.227513227513227889e-01 0.000000000000000000e+00 9.959349593495935293e-01 0.000000000000000000e+00 
1.049013226293027401e-03 4.082908034324645996e-01 0.000000000000000000e+00 1.000000000000000000e+00 8.942307692307692735e-01 0.000000000000000000e+00 8.271276595744680993e-01 0.000000000000000000e+00 9.959677419354838745e-01 0.000000000000000000e+00 
1.018094597384333611e-03 4.007596373558044434e-01 0.000000000000000000e+00 1.000000000000000000e+00 8.958333333333333703e-01 0.000000000000000000e+00 8.293333333333333668e-01 0.000000000000000000e+00 9.959839357429718376e-01 0.000000000000000000e+00 
1.047427998855710030e-03 2.199381887912750244e-01 0.000000000000000000e+00 1.000000000000000000e+00 9.375000000000000000e-01 0.000000000000000000e+00 9.002932551319647869e-01 0.000000000000000000e+00 9.823321554770317876e-01 0.000000000000000000e+00 
1.008317572996020317e-03 2.257528305053710938e-01 0.000000000000000000e+00 1.000000000000000000e+00 9.375000000000000000e-01 0.000000000000000000e+00 8.979591836734693855e-01 0.000000000000000000e+00 9.857651245551601882e-01 0.000000000000000000e+00 
9.833202930167317390e-04 2.553224265575408936e-01 0.000000000000000000e+00 1.000000000000000000e+00 9.310897435897436125e-01 0.000000000000000000e+00 8.853868194842406947e-01 0.000000000000000000e+00 9.890909090909091317e-01 0.000000000000000000e+00 
9.536993457004427910e-04 2.768202126026153564e-01 0.000000000000000000e+00 1.000000000000000000e+00 9.230769230769231282e-01 0.000000000000000000e+00 8.707865168539326017e-01 0.000000000000000000e+00 9.925373134328357994e-01 0.000000000000000000e+00 
9.260743972845375538e-04 2.870495319366455078e-01 0.000000000000000000e+00 1.000000000000000000e+00 9.198717948717948234e-01 0.000000000000000000e+00 8.659217877094972371e-01 0.000000000000000000e+00 9.924812030075187419e-01 0.000000000000000000e+00 
9.408669429831206799e-04 2.995187640190124512e-01 0.000000000000000000e+00 1.000000000000000000e+00 9.198717948717948234e-01 0.000000000000000000e+00 8.659217877094972371e-01 0.000000000000000000e+00 9.924812030075187419e-01 0.000000000000000000e+00 
8.986073080450296402e-04 3.097714483737945557e-01 0.000000000000000000e+00 1.000000000000000000e+00 9.182692307692307265e-01 0.000000000000000000e+00 8.635097493036211214e-01 0.000000000000000000e+00 9.924528301886792470e-01 0.000000000000000000e+00 
8.710901602171361446e-04 3.164181113243103027e-01 0.000000000000000000e+00 1.000000000000000000e+00 9.182692307692307265e-01 0.000000000000000000e+00 8.635097493036211214e-01 0.000000000000000000e+00 9.924528301886792470e-01 0.000000000000000000e+00 
